100 3000 50
0 245634
1 95
2 336
3 634
4 982
5 1269
6 1466
7 1504
8 1388
9 1216
10 1029
11 820
12 621
13 479
14 345
15 247
16 191
17 122
18 71
19 77
20 46
21 30
22 26
23 20
24 16
25 11
26 6
27 13
28 6
29 7
30 7
31 5
32 5
33 7
34 5
35 2
36 2
37 4
38 3
39 4
40 1
41 3
42 2
43 2
44 2
45 2
48 2
49 1
51 2
53 1
54 1
56 1
61 2
62 2
63 1
64 1
65 1
66 3
67 2
68 2
70 2
71 1
72 1
74 2
79 2
80 1
82 1
86 3
87 2
93 2
96 1
98 1
99 2
100 1
102 1
104 1
106 1
110 2
119 2
120 1
121 1
122 2
131 1
138 1
141 1
145 2
146 1
149 1
151 2
152 1
154 2
156 1
158 1
159 1
168 1
174 1
178 1
181 1
190 1
192 1
193 1
196 2
199 1
200 1
204 1
210 1
222 1
234 1
238 2
239 1
250 1
256 1
258 1
268 1
274 2
277 1
278 1
284 2
285 1
288 1
290 2
291 2
294 4
297 1
303 1
307 2
315 1
319 1
321 1
325 1
327 1
332 1
333 1
341 1
345 1
348 1
356 1
358 1
361 1
372 1
374 1
380 1
386 1
388 1
389 1
391 1
396 1
402 1
407 1
408 1
412 2
414 1
418 1
422 1
423 1
424 1
427 1
428 1
429 1
430 1
431 2
433 1
434 1
438 1
441 1
442 1
444 1
445 1
446 1
449 1
460 1
461 1
464 1
468 1
477 1
482 1
487 1
489 1
490 1
493 1
494 1
495 1
504 1
505 1
508 2
509 1
513 1
514 1
515 1
517 1
520 1
522 2
523 1
525 1
528 2
529 2
540 1
541 2
546 1
547 1
549 1
556 1
557 3
558 2
559 1
561 2
563 1
564 1
568 1
569 3
570 1
571 3
572 1
573 1
574 1
576 1
577 2
578 1
581 2
583 2
585 1
586 1
587 1
593 2
594 2
596 2
597 1
598 3
603 2
605 1
606 1
610 1
611 1
613 1
614 1
615 1
616 1
617 1
619 1
620 1
624 1
625 2
626 2
630 1
631 2
633 2
636 1
639 3
640 1
642 2
643 1
645 1
646 2
660 1
662 1
667 1
674 3
678 1
686 1
689 1
690 1
692 1
694 1
698 1
699 1
701 2
705 1
711 1
716 2
717 1
720 2
721 1
723 1
727 1
729 3
730 3
736 1
738 1
740 1
741 1
745 1
747 1
751 2
752 2
753 2
758 1
760 1
761 2
762 1
763 1
765 1
766 1
767 1
770 2
771 1
786 1
798 1
803 1
806 1
807 1
810 2
811 1
815 1
817 1
821 1
822 1
823 2
825 1
829 2
831 1
835 2
836 1
841 1
847 1
849 1
855 2
871 1
877 1
882 1
883 1
885 1
894 1
895 1
898 2
900 1
903 2
905 1
909 1
911 2
914 2
919 1
927 1
928 2
929 2
931 1
940 1
949 1
959 1
963 1
965 1
1007 1
