100 1000 50
0 92110
2 7
3 21
4 32
5 72
6 94
7 129
8 164
9 197
10 209
11 203
12 206
13 214
14 157
15 146
16 129
17 119
18 99
19 88
20 73
21 54
22 52
23 51
24 26
25 24
26 30
27 29
28 15
29 18
30 15
31 9
32 8
33 11
34 7
35 3
36 7
37 4
38 7
39 3
40 3
41 5
42 4
43 5
44 4
45 5
46 1
47 4
48 4
49 3
50 1
51 1
52 3
53 6
55 1
56 1
57 2
58 1
59 4
60 1
61 1
62 1
63 2
64 1
65 1
66 3
67 4
69 1
70 1
71 1
72 2
75 1
80 1
83 1
86 1
87 1
88 2
91 1
92 1
94 1
99 2
101 2
104 2
105 1
106 1
108 2
109 2
110 1
112 1
116 1
125 1
127 1
130 3
132 1
133 1
135 3
136 2
138 1
141 1
142 1
143 1
146 1
151 2
153 1
155 1
160 1
164 1
165 2
166 1
172 1
173 1
175 1
176 4
177 1
178 1
180 3
181 1
182 1
183 1
184 2
186 3
188 1
190 1
191 2
194 1
195 3
197 1
198 2
199 1
201 1
202 2
203 1
204 2
205 1
206 2
207 1
208 1
209 1
210 1
212 1
213 1
214 1
215 4
216 2
217 2
218 1
219 1
220 1
221 3
222 1
224 1
226 1
229 1
230 1
232 2
233 1
234 3
235 1
238 1
239 3
241 2
245 1
246 1
247 1
248 3
249 1
251 1
252 2
253 2
255 2
256 2
257 3
258 1
259 1
260 2
261 2
262 1
263 1
265 1
266 1
267 1
268 1
269 1
270 3
271 1
272 1
274 2
275 1
276 3
277 2
278 2
279 1
281 3
282 2
283 1
285 5
287 1
288 3
289 1
290 4
292 1
293 1
294 2
295 3
296 2
297 1
298 1
299 2
300 2
301 1
302 1
303 1
304 2
305 1
307 1
308 1
309 1
310 1
311 2
312 2
313 1
314 1
315 2
317 3
318 1
319 1
320 1
321 3
322 1
323 2
325 1
329 1
330 1
336 1
337 1
344 3
345 1
390 1
