100 3000 50
0 244043
1 191
2 512
3 958
4 1340
5 1628
6 1625
7 1577
8 1512
9 1232
10 972
11 806
12 620
13 422
14 295
15 215
16 162
17 126
18 91
19 71
20 55
21 34
22 26
23 24
24 20
25 19
26 12
27 17
28 12
29 3
30 7
31 10
32 10
33 5
34 8
35 4
36 3
37 5
38 6
39 2
40 3
41 6
42 8
43 3
44 5
45 1
47 2
48 2
50 2
51 3
52 3
53 5
55 2
56 2
57 2
58 2
59 1
60 3
61 1
63 2
64 1
65 3
66 2
67 4
68 4
69 1
70 2
72 2
73 2
74 1
75 1
76 1
77 2
79 2
81 1
82 1
83 2
84 1
86 2
87 3
88 1
89 4
90 1
91 2
92 1
93 5
96 1
101 1
102 1
103 1
105 1
106 1
108 2
109 1
110 1
112 1
114 2
115 1
117 1
119 1
121 1
122 1
123 2
126 1
129 2
130 1
131 1
136 1
137 1
142 1
146 1
149 1
150 1
158 1
160 1
163 1
166 1
169 1
171 1
173 3
176 3
181 1
182 1
184 1
190 1
191 2
198 1
203 1
213 1
222 1
226 1
227 1
230 1
232 2
234 1
236 1
239 1
240 1
252 1
253 1
255 1
257 1
265 1
267 1
270 1
271 1
276 1
280 1
282 1
284 3
285 1
287 1
290 2
293 1
296 1
297 1
298 1
300 2
302 1
307 1
308 1
312 1
315 2
319 1
320 1
322 1
325 1
329 1
336 1
341 1
346 1
348 1
354 2
355 1
360 1
361 1
363 2
369 2
370 1
375 2
379 1
380 2
381 1
383 2
388 1
395 1
396 2
398 1
400 1
402 1
407 2
409 1
411 1
414 1
418 1
420 1
424 1
425 1
427 1
430 2
432 1
433 1
436 1
438 3
439 1
448 2
450 3
453 1
457 2
462 1
464 1
466 1
469 1
470 1
472 1
475 1
477 2
481 1
483 2
487 1
490 1
494 1
496 1
499 1
500 1
506 2
507 1
509 2
512 1
513 1
516 1
517 1
518 1
519 1
522 2
528 2
532 2
533 1
535 1
536 1
539 1
540 1
542 1
543 1
547 1
549 1
553 1
555 1
557 1
558 1
559 1
560 1
561 1
563 1
564 1
565 1
570 1
571 1
572 2
575 1
576 2
577 2
578 1
582 1
583 1
585 1
586 2
588 1
590 1
591 1
592 1
593 1
594 1
597 1
599 1
600 1
601 1
603 1
604 1
605 2
606 1
607 1
612 1
613 1
616 1
618 1
623 2
625 1
626 1
628 1
629 1
631 1
634 1
635 3
636 1
637 1
638 1
639 1
647 1
653 1
655 1
658 1
664 2
665 1
666 1
667 1
670 1
671 1
672 2
673 1
674 1
676 2
677 1
678 1
680 1
685 1
686 1
688 1
691 1
696 1
700 1
704 1
705 1
709 1
712 2
717 1
718 1
719 2
720 1
722 1
725 1
726 1
731 1
732 1
733 1
735 2
739 1
740 1
741 2
750 1
754 1
758 1
761 1
766 1
770 2
777 1
782 1
783 2
789 2
791 1
792 1
797 1
801 1
805 2
810 1
813 1
823 1
825 1
826 1
830 2
848 1
852 1
853 1
856 1
857 1
863 2
870 1
873 1
874 1
875 1
878 1
884 1
890 1
891 1
893 1
898 1
906 1
919 1
927 2
933 1
944 1
949 1
952 1
958 1
