100 1000 50
0 91199
1 18
2 42
3 97
4 169
5 226
6 306
7 340
8 318
9 337
10 288
11 277
12 264
13 178
14 163
15 139
16 105
17 95
18 67
19 47
20 36
21 29
22 27
23 23
24 16
25 13
26 6
27 7
28 2
29 9
30 6
31 8
32 4
33 4
34 3
35 4
36 4
37 3
38 2
39 1
40 2
41 4
44 2
45 3
46 1
47 1
48 3
49 2
52 1
55 2
56 1
57 1
58 1
59 2
60 1
61 1
62 1
63 1
64 1
65 2
66 1
67 3
68 1
70 1
71 1
74 2
75 1
77 1
78 1
79 2
82 1
85 1
89 1
92 1
97 2
103 1
105 1
106 1
111 1
113 2
114 1
115 1
116 1
117 1
119 1
123 2
124 1
126 1
127 1
130 2
134 1
139 1
142 1
152 1
154 1
156 1
159 2
160 1
165 1
166 2
168 2
170 1
171 1
175 1
176 1
177 1
178 3
179 1
183 3
186 1
187 1
188 2
189 1
194 1
195 2
196 1
197 2
198 1
199 1
200 1
202 1
203 1
205 2
206 1
207 1
208 2
211 2
214 1
215 1
216 2
218 4
219 2
220 1
222 1
224 1
225 2
226 1
228 2
229 1
230 1
235 1
236 3
237 1
239 2
240 2
241 2
242 1
243 1
244 3
246 2
249 2
250 1
252 2
253 3
254 1
255 1
256 2
258 1
259 1
260 2
263 4
264 2
266 1
267 2
269 2
270 5
271 2
272 1
273 2
274 2
276 1
277 3
278 3
279 4
280 3
281 2
282 2
284 1
285 1
286 2
287 2
288 1
291 1
292 2
294 2
295 3
296 6
297 2
298 2
299 2
301 1
302 1
303 3
305 1
306 3
307 2
308 3
309 4
312 1
313 1
314 1
315 1
317 3
319 2
322 1
323 1
327 4
328 1
329 4
330 2
333 2
336 1
339 1
342 3
343 1
