100 1000 50
0 91736
1 1
2 15
3 27
4 67
5 142
6 153
7 205
8 246
9 272
10 251
11 244
12 217
13 204
14 172
15 162
16 137
17 123
18 89
19 64
20 57
21 48
22 37
23 22
24 25
25 20
26 20
27 13
28 19
29 17
30 10
31 6
32 8
33 11
34 9
35 5
36 4
37 3
38 4
39 4
40 3
42 4
43 1
44 3
46 2
48 3
49 1
50 1
51 2
52 3
53 1
54 2
55 3
56 4
57 1
58 2
59 1
60 2
62 1
63 1
65 1
66 1
67 3
68 1
69 1
71 2
73 1
74 3
75 2
77 2
79 1
80 2
83 2
84 1
85 1
90 1
91 2
97 1
104 1
105 1
106 1
115 1
117 2
118 2
119 1
121 1
124 3
125 1
127 1
135 1
136 1
138 1
148 2
152 1
153 2
159 2
160 1
162 4
163 1
164 2
166 1
167 2
169 1
171 2
174 3
175 2
176 1
179 2
182 1
185 2
186 5
190 2
194 1
195 3
196 1
198 3
199 2
203 3
204 2
206 2
209 1
211 1
218 2
219 3
222 1
223 2
224 2
225 2
229 2
230 1
231 2
233 2
234 2
235 2
236 1
237 1
240 1
245 2
247 1
248 2
251 5
252 2
253 1
254 1
255 1
256 3
257 3
258 1
259 1
260 1
261 1
262 1
264 2
267 1
268 1
269 2
270 3
271 1
272 3
274 2
275 2
276 2
277 3
278 3
279 3
282 1
284 2
285 1
286 6
287 4
288 4
289 1
290 4
291 1
292 1
293 2
294 1
295 1
296 2
297 2
298 2
299 2
300 1
302 3
303 4
305 1
306 1
308 3
309 1
310 2
311 1
312 1
313 1
314 2
315 1
316 1
317 2
319 2
322 1
323 2
326 1
327 1
330 3
331 1
333 1
337 1
343 2
355 2
