100 3000 50
0 248313
1 23
2 71
3 198
4 373
5 584
6 776
7 916
8 993
9 1037
10 922
11 869
12 766
13 672
14 491
15 415
16 334
17 239
18 181
19 135
20 109
21 67
22 55
23 41
24 32
25 29
26 23
27 10
28 5
29 8
30 11
31 6
32 7
33 5
34 4
35 2
36 4
37 4
38 5
39 6
40 3
41 6
43 3
44 3
45 1
46 1
47 3
48 3
49 3
50 2
51 4
52 2
53 2
54 1
55 1
56 1
57 3
58 1
59 1
60 2
61 1
62 1
63 1
64 1
66 2
67 2
68 1
69 1
70 1
72 1
74 3
76 1
77 1
79 1
83 1
84 1
88 3
91 1
93 1
97 3
99 1
100 2
105 1
107 1
109 1
112 2
117 1
118 1
119 1
120 1
121 1
125 1
126 1
128 1
135 1
137 1
138 2
140 1
146 1
148 1
156 1
165 2
167 2
176 1
179 1
185 1
189 1
201 1
209 2
210 1
216 1
217 1
218 1
235 1
237 1
239 1
242 1
250 1
251 1
258 2
259 1
260 1
266 1
267 1
281 1
282 1
283 1
297 2
303 1
313 2
314 1
317 1
321 1
326 1
327 1
331 1
333 1
336 1
340 1
341 1
344 2
345 1
346 1
347 1
358 2
359 1
369 1
370 1
379 1
383 1
389 1
392 1
393 1
395 1
399 1
402 1
405 1
406 1
410 1
411 1
413 1
414 1
419 1
427 1
431 1
438 1
444 1
445 1
446 1
449 1
456 1
467 1
469 1
471 1
475 1
478 1
482 1
486 2
487 1
491 1
492 1
494 1
495 1
500 2
501 1
502 1
505 1
506 1
517 1
518 1
521 1
526 2
527 1
528 1
533 2
534 1
536 1
537 1
539 1
541 2
542 1
543 1
546 1
548 1
549 1
552 1
553 1
554 1
560 1
561 1
562 1
563 1
564 2
567 1
569 1
572 2
573 1
575 3
576 4
578 3
579 2
580 2
585 2
589 1
591 2
596 1
597 1
598 1
603 1
604 1
605 1
606 2
607 2
608 1
611 1
614 1
615 1
616 1
617 1
618 1
619 1
620 1
621 1
625 1
627 1
628 1
630 2
631 1
632 1
633 1
637 1
641 1
642 1
643 1
644 2
650 1
651 2
655 1
657 1
662 1
664 1
665 1
670 1
678 1
679 1
685 1
687 1
688 1
689 1
693 1
699 1
701 1
703 3
704 1
705 1
707 1
713 1
716 1
717 1
723 1
725 2
731 1
737 1
738 2
740 1
741 2
742 2
743 1
745 2
746 1
747 1
748 1
754 1
756 2
758 1
759 1
760 1
765 1
773 1
774 1
777 1
779 1
780 1
781 2
782 1
787 1
789 2
792 1
794 1
796 1
797 1
798 1
803 1
804 1
819 1
823 1
827 1
829 1
830 1
832 2
833 1
835 1
836 1
837 2
839 1
841 1
842 1
846 2
848 1
850 1
858 1
860 1
865 2
869 1
880 1
883 3
887 1
897 1
899 2
902 1
906 1
907 1
908 2
915 2
917 1
919 1
920 1
927 2
935 1
936 2
940 1
955 1
969 1
971 1
976 1
991 1
1043 1
