100 1000 50
0 90507
1 29
2 102
3 212
4 326
5 404
6 475
7 460
8 389
9 402
10 349
11 271
12 206
13 156
14 142
15 86
16 73
17 53
18 42
19 31
20 31
21 19
22 17
23 11
24 10
25 8
26 3
27 8
28 6
29 5
30 6
31 5
32 4
33 4
34 2
35 2
36 4
37 2
38 5
39 2
40 1
42 1
43 2
44 3
45 1
46 1
47 3
48 2
49 2
50 2
51 1
52 1
53 2
54 1
55 5
56 1
58 1
59 3
61 2
62 2
63 2
65 4
67 1
68 1
69 2
70 1
71 1
74 1
78 1
80 2
82 1
83 2
84 1
89 1
93 1
94 1
95 2
99 2
100 1
101 1
103 1
105 1
110 1
111 3
113 2
115 2
116 1
127 1
128 1
130 2
131 1
132 1
134 1
135 1
136 1
137 1
138 1
140 1
143 2
145 1
146 1
153 1
158 1
159 1
160 1
161 1
162 1
163 1
164 2
165 3
166 1
167 1
169 1
172 2
174 1
175 1
178 1
179 1
180 1
181 2
182 1
185 1
188 2
189 3
190 1
191 1
192 2
194 2
197 1
198 1
199 1
200 1
201 1
202 2
204 1
205 1
206 2
207 2
208 3
210 1
211 2
214 2
215 1
216 1
217 2
219 1
220 2
221 2
222 2
226 3
227 1
229 1
233 1
235 2
236 1
237 2
238 1
242 2
243 2
244 1
245 1
246 2
247 2
248 1
249 2
253 2
254 2
257 2
258 2
259 1
261 1
263 3
264 2
265 1
266 1
267 2
268 1
270 2
271 3
272 1
274 1
275 4
276 1
277 1
278 1
279 1
280 1
282 3
283 1
284 1
285 1
286 1
287 2
288 4
290 2
291 2
292 2
293 1
295 3
296 1
297 1
299 1
300 4
301 1
302 1
304 3
305 3
307 2
308 1
309 1
310 3
312 2
313 1
315 1
317 4
318 6
320 2
321 1
323 1
324 2
325 1
326 2
327 2
328 2
329 1
330 1
331 1
334 1
336 1
341 2
355 1
360 1
