100 1000 50
0 92158
2 3
3 17
4 33
5 65
6 82
7 99
8 147
9 168
10 218
11 200
12 212
13 192
14 178
15 167
16 141
17 110
18 94
19 86
20 73
21 46
22 60
23 45
24 32
25 34
26 30
27 30
28 22
29 18
30 21
31 10
32 7
33 6
34 9
35 7
36 10
37 6
38 6
39 4
40 8
41 5
42 2
43 5
44 4
45 2
46 2
47 1
48 1
49 3
50 2
51 2
52 2
54 2
55 1
56 2
58 1
59 3
60 2
62 1
64 1
65 2
67 2
70 1
71 1
72 1
73 1
74 2
76 1
78 1
80 2
81 1
84 4
85 1
86 1
87 1
88 1
90 2
91 1
92 1
94 4
95 1
96 3
98 1
99 1
100 1
103 3
104 1
105 1
108 1
110 1
112 1
114 1
115 1
116 1
117 1
119 1
123 2
126 2
127 1
132 1
133 1
134 3
138 1
142 1
143 1
144 1
146 1
147 1
148 1
152 1
158 3
159 1
160 1
161 1
162 1
163 1
164 1
166 1
170 1
172 1
173 2
175 1
176 1
178 2
179 1
181 2
182 3
183 1
185 1
188 1
190 2
192 2
193 2
197 2
198 3
199 1
201 1
202 1
203 1
205 1
207 2
209 1
210 1
211 1
213 2
216 1
217 1
218 2
219 2
221 1
222 6
225 1
227 3
228 2
229 2
230 2
231 1
232 1
235 2
236 1
239 1
240 1
241 3
245 2
248 3
249 2
250 1
251 3
252 2
253 3
255 2
256 1
257 3
258 2
259 1
260 2
261 1
264 1
265 2
267 2
268 2
269 2
270 3
271 1
272 1
276 5
277 1
278 2
279 3
281 2
282 1
283 1
284 1
286 2
287 2
288 1
289 2
290 4
291 2
293 1
294 2
295 2
297 2
298 1
299 2
300 1
302 1
303 1
304 1
305 1
306 1
307 2
308 1
309 2
310 2
311 2
312 2
313 1
314 2
315 1
316 1
319 1
320 1
321 2
324 2
325 1
326 1
328 2
329 3
333 1
336 3
337 1
338 1
342 1
