100 1000 50
0 91609
1 7
2 20
3 48
4 90
5 142
6 172
7 241
8 258
9 298
10 289
11 246
12 231
13 191
14 174
15 159
16 113
17 89
18 89
19 84
20 61
21 52
22 43
23 36
24 17
25 13
26 15
27 13
28 10
29 13
30 9
31 4
32 6
33 4
34 2
35 5
36 3
37 4
38 4
39 4
40 1
41 3
42 1
43 6
45 1
46 2
47 2
48 2
49 2
50 1
51 2
52 2
53 2
55 1
56 2
57 1
59 1
60 3
61 1
62 2
63 1
64 1
65 3
66 1
67 1
68 1
70 1
74 2
75 1
78 1
81 3
82 1
83 1
84 1
86 1
88 1
91 1
93 1
94 1
97 2
99 1
100 2
102 1
103 1
104 1
106 1
108 1
109 1
111 1
112 1
113 1
116 1
117 1
118 1
120 1
121 2
123 1
125 1
130 1
131 2
138 1
139 1
140 1
147 1
154 1
155 1
156 1
158 1
159 1
160 1
161 2
162 1
164 2
171 1
172 2
174 1
177 2
178 4
180 1
181 2
182 1
183 1
185 1
187 1
188 2
189 1
190 1
191 2
193 1
194 1
195 1
196 1
197 1
198 1
202 2
203 1
205 1
206 2
208 1
209 1
210 1
211 1
212 1
214 1
215 1
216 1
217 3
218 1
219 1
220 1
223 1
225 3
226 3
232 1
234 1
235 2
236 1
238 2
239 2
240 3
241 1
242 2
243 1
246 1
247 1
248 2
250 1
251 1
252 1
253 2
254 1
256 1
257 2
258 1
259 1
260 1
261 1
262 1
263 3
265 1
266 2
268 2
269 5
271 3
272 3
273 2
274 1
275 1
276 1
277 5
278 3
279 4
280 1
281 1
282 3
283 3
284 2
285 2
287 1
288 5
289 3
290 5
291 3
293 1
294 2
295 3
296 4
297 3
298 2
299 1
300 2
301 2
302 1
303 2
306 2
307 2
311 2
312 1
313 2
314 2
315 1
316 1
318 4
319 1
320 1
323 1
328 1
329 1
344 1
348 1
353 1
