100 1000 50
0 92138
1 2
2 5
3 17
4 41
5 56
6 95
7 119
8 159
9 163
10 197
11 194
12 203
13 206
14 177
15 160
16 131
17 124
18 111
19 105
20 71
21 59
22 44
23 40
24 33
25 29
26 22
27 23
28 17
29 20
30 10
31 18
32 8
33 8
34 5
35 9
36 3
37 3
38 4
39 5
40 4
41 7
42 7
43 3
44 3
45 1
46 7
47 8
48 3
49 2
50 1
51 2
52 2
53 4
54 2
55 1
56 1
59 1
60 1
63 1
65 1
66 2
69 2
73 2
74 2
75 1
76 1
77 4
78 1
79 1
82 1
83 1
84 1
85 2
86 1
87 2
90 1
94 3
98 1
100 2
101 1
102 1
104 3
106 1
109 1
110 1
111 1
113 2
114 2
115 2
117 1
118 1
119 1
120 2
121 1
122 1
123 1
125 2
126 2
128 2
129 1
130 1
131 1
135 1
136 1
139 1
141 1
142 1
150 2
154 1
158 2
159 1
160 1
164 1
165 1
167 2
171 1
172 1
175 1
176 1
178 2
179 4
181 1
182 2
183 1
185 1
188 2
189 2
190 2
191 2
192 1
193 2
194 1
195 5
197 1
198 1
199 1
200 1
202 3
203 2
204 3
205 1
209 1
212 2
213 1
215 1
218 1
219 1
220 1
221 1
224 1
225 2
226 2
231 2
232 2
235 1
236 2
237 1
238 2
239 1
240 1
242 4
243 3
244 5
246 2
247 1
248 2
253 2
254 2
255 1
257 2
258 2
259 3
260 3
261 1
262 1
263 1
264 3
265 3
266 1
267 3
268 2
269 2
270 1
271 5
275 2
276 2
277 2
278 2
280 1
283 3
284 2
285 2
287 1
288 1
289 1
290 1
291 1
292 1
293 2
294 2
295 1
296 3
298 2
300 2
302 1
303 2
304 1
306 2
307 2
308 1
313 1
314 1
315 3
316 3
318 1
321 2
323 1
324 1
326 1
328 2
329 1
330 1
332 1
334 1
335 2
338 1
342 1
349 2
353 1
357 1
369 1
