100 1000 50
0 92181
1 2
2 5
3 11
4 26
5 47
6 96
7 128
8 136
9 173
10 194
11 192
12 222
13 211
14 156
15 148
16 152
17 94
18 110
19 84
20 71
21 72
22 44
23 46
24 37
25 36
26 30
27 20
28 16
29 15
30 11
31 12
32 9
33 7
34 9
35 12
36 11
37 5
38 4
39 9
40 5
41 3
42 7
43 2
44 7
45 4
46 1
47 1
48 2
49 1
50 3
51 1
53 1
54 2
55 1
56 2
57 2
58 1
59 6
60 4
61 1
62 1
64 1
66 1
68 1
69 2
70 1
71 1
72 1
73 1
74 1
75 3
76 1
77 1
78 1
79 1
80 3
81 4
86 2
88 2
89 1
91 3
93 1
94 1
95 1
96 2
97 2
98 1
107 1
108 1
110 1
111 2
112 1
120 2
123 2
124 1
128 1
130 2
134 1
135 1
137 1
138 1
140 1
142 1
145 1
147 1
150 1
151 1
156 1
160 1
162 1
165 1
166 3
168 1
170 1
174 3
175 1
176 1
177 1
178 1
181 1
185 1
188 1
189 1
190 1
191 1
192 1
193 1
195 3
198 1
199 2
202 1
203 2
204 2
206 1
207 2
208 2
209 2
211 2
212 2
213 1
214 2
216 2
217 4
218 1
219 1
223 3
224 3
226 2
228 1
229 1
230 2
231 1
233 1
234 3
235 1
239 1
241 2
242 1
243 1
244 3
248 1
249 2
251 3
253 2
254 1
257 2
258 2
259 1
260 2
261 1
262 1
263 4
264 2
265 1
266 2
267 2
268 1
269 1
270 1
272 1
273 3
274 1
275 2
276 2
277 3
278 4
279 2
280 2
281 3
282 2
283 2
284 3
286 1
287 2
288 3
289 4
290 1
292 2
293 2
294 3
295 1
296 1
297 1
298 3
299 1
300 1
301 2
302 1
303 1
304 2
305 2
306 2
308 1
310 3
311 4
314 2
316 1
317 2
318 1
321 2
326 1
330 1
331 1
332 1
334 1
337 1
339 1
349 1
350 1
366 1
