100 3000 50
0 246570
1 68
2 211
3 424
4 772
5 1010
6 1238
7 1330
8 1267
9 1177
10 1066
11 830
12 710
13 528
14 392
15 295
16 217
17 161
18 127
19 82
20 66
21 53
22 26
23 26
24 26
25 13
26 11
27 8
28 7
29 7
30 6
31 1
32 7
33 4
34 5
35 2
36 4
37 4
38 1
39 1
40 2
41 1
42 1
43 1
44 2
45 3
46 1
48 2
49 1
50 3
51 2
52 2
53 4
55 1
56 1
57 2
58 1
65 1
66 2
67 1
68 1
70 1
72 4
74 1
78 2
79 3
80 1
84 1
86 1
90 1
92 3
95 2
97 1
98 1
101 1
103 1
105 2
111 1
112 1
116 2
118 1
120 1
121 1
126 1
128 1
129 1
130 1
131 1
135 1
139 1
142 1
148 1
149 1
152 1
156 1
157 1
160 2
161 1
166 1
171 1
173 1
174 1
176 1
179 1
182 1
183 1
184 1
188 2
192 1
193 1
194 1
197 1
205 1
206 1
207 1
216 1
219 1
227 1
228 1
241 1
242 1
243 1
245 1
266 1
268 1
273 1
274 1
279 1
283 2
295 1
300 1
308 1
316 1
317 1
320 1
322 1
323 1
338 1
339 2
340 1
342 1
350 1
354 2
363 1
371 1
379 1
382 1
392 1
394 1
399 2
405 1
408 1
411 1
423 1
425 1
431 1
432 1
434 2
435 1
436 1
438 1
439 1
440 2
442 1
443 1
451 1
454 2
455 1
460 1
463 1
467 1
470 1
475 1
477 2
478 2
482 1
483 1
495 1
498 2
501 1
502 1
503 3
508 1
510 1
511 1
513 2
514 1
517 1
521 1
522 1
524 1
529 2
531 1
535 4
536 1
540 1
541 1
550 4
551 2
554 2
556 1
557 3
559 1
563 1
564 1
565 1
566 2
567 1
568 1
569 1
570 3
572 1
573 1
580 1
581 1
582 2
583 3
585 1
586 2
587 1
588 2
590 1
593 1
594 2
595 4
596 2
597 1
599 1
600 1
606 1
607 1
608 1
609 1
612 1
616 1
621 1
624 2
630 2
632 3
635 1
639 4
642 2
643 1
648 1
655 1
664 1
666 1
667 1
670 1
685 1
687 2
688 2
693 1
698 1
699 1
700 1
701 1
705 1
707 1
708 1
713 2
714 1
715 1
717 1
718 1
720 1
722 1
723 1
725 1
733 1
734 1
737 1
738 1
739 1
745 1
746 1
747 1
748 1
752 1
753 1
757 1
759 1
762 1
765 3
771 2
772 1
775 1
777 1
778 1
779 1
780 1
785 1
786 1
789 2
791 1
794 2
795 1
800 1
801 1
802 1
806 1
807 1
810 1
812 1
813 1
816 1
818 1
819 1
822 1
824 1
826 2
828 1
834 1
845 1
846 2
851 1
852 1
859 1
862 1
863 1
867 1
868 1
870 1
873 1
882 1
888 1
889 1
893 1
896 1
897 1
902 1
912 1
914 2
918 1
921 1
922 1
923 1
928 1
932 1
936 1
941 1
949 1
952 1
953 1
959 1
960 1
963 1
965 1
966 1
978 1
982 1
