100 1000 50
0 92189
1 1
2 3
3 14
4 33
5 46
6 79
7 102
8 141
9 159
10 202
11 206
12 181
13 185
14 187
15 164
16 154
17 132
18 95
19 79
20 79
21 70
22 41
23 50
24 34
25 31
26 28
27 26
28 12
29 17
30 19
31 8
32 10
33 10
34 8
35 7
36 9
37 10
38 3
39 4
40 6
41 4
42 4
43 3
44 4
45 4
46 7
47 3
48 2
49 5
50 5
51 5
52 4
54 1
55 3
56 1
57 3
60 1
61 1
62 2
64 1
65 2
66 1
68 1
69 1
70 1
71 1
75 1
77 5
78 1
79 2
82 1
83 1
84 2
85 1
87 1
88 1
89 4
90 1
91 1
92 1
93 1
95 1
96 1
98 1
99 2
101 2
104 2
105 1
107 2
109 1
112 2
117 2
118 1
120 1
121 1
122 1
123 3
124 2
125 1
129 1
131 2
132 1
133 1
134 1
139 1
142 1
146 1
147 1
148 1
153 1
154 1
156 1
157 1
159 2
160 1
161 1
163 1
164 1
168 1
169 1
173 1
174 1
175 2
176 3
179 2
181 1
182 1
183 3
184 2
188 4
189 2
190 1
191 1
194 1
196 1
198 2
202 1
203 1
204 1
205 1
206 4
207 1
208 2
209 2
212 2
213 1
214 2
215 1
218 1
220 3
221 1
224 3
226 1
227 2
230 1
234 2
235 2
236 1
237 1
238 3
239 3
241 1
242 2
243 2
244 1
245 3
246 2
247 2
248 1
250 1
251 2
252 2
254 1
255 1
257 1
258 2
259 1
260 1
261 2
262 1
263 3
264 4
265 1
266 3
267 1
269 2
270 2
271 1
272 3
273 1
275 2
276 1
277 1
278 1
279 3
280 1
281 1
283 2
284 1
285 1
286 2
287 3
288 1
289 3
292 3
294 2
295 2
296 1
298 1
299 2
300 2
301 2
302 3
303 2
305 2
307 2
308 1
309 1
310 1
311 3
312 2
313 3
314 4
315 2
316 3
325 1
327 1
333 2
346 1
349 1
350 1
