100 3000 50
0 247377
1 41
2 140
3 320
4 529
5 808
6 1002
7 1117
8 1152
9 1138
10 1064
11 859
12 727
13 599
14 456
15 361
16 258
17 218
18 132
19 109
20 66
21 74
22 34
23 32
24 34
25 18
26 20
27 8
28 9
29 9
30 12
31 3
32 4
33 1
34 2
35 4
36 3
37 5
38 4
40 4
41 3
42 1
43 2
44 2
45 2
46 3
47 2
48 5
49 1
51 4
52 2
54 3
55 2
56 1
57 1
60 2
61 1
63 4
66 2
68 1
69 1
72 2
74 1
77 3
78 1
81 1
84 1
85 1
88 1
93 2
95 1
99 1
102 1
103 1
105 2
108 1
111 2
112 1
113 1
118 2
122 1
123 2
126 1
129 1
130 1
131 1
137 2
139 1
140 1
141 1
145 2
151 1
152 2
157 1
158 1
162 1
166 1
168 1
169 3
183 1
184 1
199 1
202 2
203 1
217 1
220 1
228 1
233 1
234 1
250 1
254 1
256 1
265 1
268 1
275 1
276 1
283 1
290 1
297 2
304 2
306 1
308 1
313 1
315 1
317 1
324 1
328 1
329 1
330 1
333 1
335 1
338 1
342 1
347 1
349 1
352 1
366 1
367 1
368 1
371 1
377 1
386 1
390 1
391 1
403 1
404 1
407 1
415 2
418 1
419 1
421 1
435 1
436 1
438 1
441 1
445 1
447 1
451 1
453 1
455 2
456 1
457 1
458 1
467 2
470 1
478 2
481 1
484 1
486 1
487 1
489 3
490 1
491 1
493 1
497 2
501 1
505 1
512 1
517 1
518 1
529 2
531 1
534 1
535 3
537 1
539 1
540 2
541 1
545 2
549 2
556 1
557 1
559 2
560 1
561 2
564 2
566 1
567 2
569 2
573 1
574 2
575 2
576 2
577 1
579 1
580 1
581 2
582 2
585 1
587 1
590 1
591 1
592 2
598 1
599 2
601 2
602 1
606 1
609 1
610 1
611 1
612 2
615 1
617 1
618 1
619 2
620 2
621 1
622 2
623 1
625 3
627 2
631 2
632 1
635 1
640 1
643 1
644 2
646 1
650 1
656 1
666 1
673 1
675 1
680 1
681 1
685 2
691 1
699 1
702 1
710 2
718 2
720 3
721 1
722 2
723 1
724 2
727 2
728 1
729 1
730 1
735 1
738 1
742 1
743 1
745 1
746 2
753 2
754 1
759 1
760 1
762 1
763 1
769 1
770 1
775 1
776 2
777 2
783 1
792 1
793 2
800 1
801 1
803 1
804 1
808 1
813 1
815 1
816 1
817 1
819 1
820 1
821 1
822 1
827 1
828 2
829 1
830 1
831 1
832 1
833 1
835 1
838 1
840 1
844 1
845 1
846 1
850 1
851 1
857 1
861 1
862 1
867 2
868 1
870 1
872 1
874 1
875 1
876 1
879 1
884 1
886 1
887 1
888 1
890 1
893 2
897 2
901 1
903 1
907 1
913 1
920 1
925 1
927 1
933 1
938 1
939 1
940 1
947 1
971 1
993 1
1009 1
