2192.84 227.32 0 
1501.8 378.8 0 
1214.84 402.56 0.96 
1019.16 340.16 7.68 
859.4 249.92 14.04 
737.76 185.28 15.56 
659.52 147.8 15.4 
604.16 142.28 14.24 
566.72 141.96 13.88 
540.52 143.76 13.6 
519.44 154.52 13.64 
503.08 160.56 13.48 
490.28 167.12 13.4 
479.52 173.08 13.24 
470.8 178.36 13.36 
462.48 182.36 13.4 
454.32 187.32 13.2 
447.12 189 13.24 
442.44 194.44 13.28 
437.4 195.28 13.4 
433.36 197.64 13.16 
428.32 201.44 13.4 
424.72 204.12 13.24 
421.08 208.08 13.2 
416.88 206.68 13.04 
