100 1000 50
0 91862
1 2
2 17
3 28
4 59
5 99
6 153
7 163
8 234
9 199
10 248
11 252
12 215
13 221
14 170
15 162
16 131
17 124
18 93
19 67
20 54
21 56
22 49
23 17
24 28
25 27
26 15
27 15
28 18
29 14
30 10
31 6
32 9
33 6
34 2
35 8
36 6
37 5
38 3
39 5
40 5
41 5
42 3
43 3
44 3
46 4
47 2
48 1
49 1
51 2
52 1
53 2
54 4
55 1
56 1
57 3
58 1
59 2
60 1
62 1
63 1
64 2
65 2
66 2
70 2
71 2
72 2
73 2
75 1
77 2
78 2
79 1
80 3
81 1
83 1
84 2
85 2
87 1
91 1
95 1
96 1
97 2
98 1
99 1
101 1
102 1
104 1
105 1
106 1
107 1
109 3
112 1
116 1
119 1
125 1
126 2
128 1
129 1
130 2
131 1
134 1
140 1
141 1
145 1
146 2
148 1
150 1
151 1
152 1
156 2
157 2
159 3
160 1
168 1
169 3
175 1
176 1
177 1
178 1
180 1
185 1
186 1
190 1
191 1
193 2
195 1
196 1
197 5
199 1
200 1
203 1
205 2
206 1
208 3
209 2
211 1
213 2
214 1
215 3
216 1
217 1
218 2
221 2
223 4
224 2
225 2
228 2
229 1
230 2
231 2
232 1
235 3
236 2
237 1
238 1
239 2
241 1
242 1
243 3
244 1
245 1
246 1
248 1
249 3
250 1
251 1
254 3
256 1
257 4
258 4
260 4
261 1
262 1
264 1
265 3
266 2
267 1
268 1
269 1
270 2
271 2
272 3
273 2
274 2
275 1
276 1
277 1
278 2
279 3
280 1
281 1
282 1
284 2
285 1
292 1
294 1
295 4
296 1
297 1
298 3
299 2
300 1
301 3
302 1
303 3
305 1
306 1
307 3
308 2
309 2
311 1
312 1
314 1
315 1
316 2
317 2
318 3
319 1
320 1
321 3
322 1
323 3
324 1
325 2
327 2
335 1
336 1
337 1
341 1
342 1
343 1
353 1
