100 1000 50
0 91801
1 3
2 14
3 38
4 75
5 125
6 151
7 174
8 203
9 247
10 268
11 226
12 213
13 225
14 165
15 143
16 119
17 108
18 89
19 73
20 75
21 61
22 48
23 31
24 24
25 27
26 18
27 22
28 13
29 19
30 12
31 9
32 5
33 9
34 7
35 6
36 2
37 4
38 1
39 3
40 2
41 3
42 4
43 1
44 4
45 2
46 3
47 1
49 5
50 2
52 1
53 2
54 2
55 6
56 3
57 1
58 1
59 3
60 2
61 1
62 1
63 4
65 3
66 1
68 1
69 2
70 2
71 1
75 2
81 2
82 1
85 1
87 1
89 1
90 1
91 1
92 2
97 1
102 1
103 2
105 1
108 1
110 1
111 1
113 1
114 1
116 2
117 1
118 1
122 1
123 1
124 1
127 1
129 1
131 1
132 1
134 1
142 3
143 1
145 1
146 1
147 2
149 1
151 1
153 1
154 1
155 1
160 2
161 2
163 1
166 2
170 1
171 2
172 1
173 1
174 1
175 1
178 1
180 2
182 1
185 1
188 1
189 1
190 1
192 1
194 2
195 1
197 1
198 1
199 1
202 1
204 1
205 1
206 1
207 4
208 1
209 1
214 1
215 2
216 1
217 2
218 1
219 2
220 1
221 2
222 1
224 1
225 1
226 2
227 3
228 1
229 1
230 1
232 1
233 1
234 1
235 2
237 2
238 2
240 2
241 1
242 2
245 1
247 2
248 1
249 1
250 1
251 2
252 4
253 6
254 2
255 1
256 3
257 2
258 4
259 2
260 4
261 1
262 3
263 1
266 1
267 2
268 2
269 1
270 1
271 2
272 2
273 1
275 3
276 1
278 1
279 3
280 2
281 1
282 1
283 2
286 1
288 6
290 3
291 2
292 2
293 2
294 1
295 5
296 1
297 2
298 2
299 2
300 2
301 1
302 2
303 2
304 1
308 4
310 2
312 2
313 1
315 3
316 1
318 1
321 1
322 1
323 3
324 1
326 1
327 1
328 2
337 1
376 1
