100 3000 50
0 248212
1 26
2 77
3 215
4 352
5 604
6 791
7 985
8 1006
9 1017
10 980
11 884
12 741
13 658
14 507
15 392
16 305
17 267
18 179
19 119
20 85
21 78
22 65
23 47
24 32
25 27
26 15
27 14
28 15
29 7
30 3
31 6
32 3
33 6
34 6
35 1
36 7
37 5
38 4
39 5
40 2
41 2
42 2
44 2
46 3
47 4
49 5
50 1
51 3
52 2
53 1
54 1
55 1
56 4
57 3
59 2
62 1
64 1
67 1
69 1
70 1
72 1
74 1
78 3
81 1
85 1
86 2
88 1
92 1
93 2
95 1
96 4
97 1
99 2
103 1
105 1
106 2
107 1
108 1
109 2
112 2
117 1
120 1
121 1
123 1
125 1
131 1
132 1
133 1
136 1
146 1
148 2
150 1
151 1
152 1
155 1
161 1
162 2
166 1
175 2
176 1
180 1
181 1
190 1
193 1
199 1
204 1
207 1
209 1
220 1
228 1
230 1
239 1
241 1
251 1
258 1
259 1
260 1
269 1
271 1
278 1
282 1
284 1
297 1
300 1
302 1
304 1
309 1
316 2
318 1
322 1
323 2
324 1
330 1
334 2
339 1
345 1
346 1
347 2
350 1
351 1
357 1
359 1
362 1
366 1
373 1
374 1
381 1
383 2
393 1
395 1
398 1
406 1
410 1
420 1
422 2
427 1
433 1
437 1
439 1
441 1
456 1
461 1
462 1
466 1
468 1
473 3
477 1
480 1
482 1
487 2
489 1
492 1
493 1
495 2
496 1
497 1
500 1
502 1
506 1
509 2
516 1
517 1
518 1
521 1
523 1
524 2
531 2
534 1
538 1
539 1
540 3
542 1
544 1
545 2
547 5
551 1
554 2
556 2
558 1
561 1
562 3
564 1
565 1
566 2
568 1
569 2
570 1
571 1
572 1
573 1
574 1
577 1
578 3
579 2
580 1
584 1
585 1
587 1
588 1
589 1
591 2
603 1
604 2
606 1
607 2
608 2
609 2
611 1
612 1
613 4
615 1
616 1
617 1
619 1
624 1
627 1
633 1
634 1
636 1
641 1
642 1
644 1
650 2
657 1
659 2
660 1
663 2
666 1
667 2
668 1
672 1
673 2
678 1
680 1
682 1
688 1
689 1
691 1
707 2
710 2
713 1
714 2
719 1
722 1
729 3
733 1
735 1
736 1
737 1
740 1
745 1
748 1
751 1
752 1
754 1
757 1
762 1
764 2
767 1
771 2
774 2
777 1
778 1
779 1
781 1
783 1
787 1
788 1
792 1
793 2
796 1
798 1
799 1
800 1
804 1
807 1
819 1
820 1
823 1
824 1
826 1
830 3
831 2
835 1
836 2
837 1
841 1
844 2
846 1
848 1
850 2
852 1
859 1
861 1
865 1
866 1
867 1
871 2
887 1
894 1
896 1
901 1
902 1
905 1
906 1
909 1
912 1
918 1
927 1
928 1
932 1
935 1
939 1
942 1
943 1
945 1
953 1
956 1
960 1
961 1
968 1
974 1
975 1
980 1
