100 1000 50
0 92000
1 1
2 8
3 27
4 41
5 84
6 110
7 177
8 191
9 220
10 227
11 208
12 217
13 149
14 175
15 171
16 144
17 136
18 86
19 83
20 60
21 55
22 40
23 35
24 26
25 28
26 18
27 25
28 23
29 5
30 13
31 6
32 6
33 9
34 6
35 10
36 5
37 5
38 8
39 3
40 5
41 8
42 3
43 5
44 1
45 6
46 2
47 2
48 3
49 1
50 2
51 3
55 2
56 4
57 1
58 4
59 2
62 1
64 4
65 4
66 1
67 2
68 1
70 1
71 1
72 1
75 1
76 2
79 2
80 3
84 3
85 1
86 1
88 1
89 1
91 1
92 2
94 2
97 2
98 1
99 3
102 1
106 1
107 2
108 1
109 1
110 1
111 1
114 1
119 1
121 1
124 1
126 1
128 1
131 1
132 2
136 1
137 2
139 1
140 1
141 1
142 1
145 3
146 1
147 1
154 1
155 1
156 1
158 1
163 1
166 2
168 2
169 2
172 1
174 2
175 2
178 1
179 1
182 1
183 1
184 2
187 1
189 2
192 2
193 2
194 1
197 2
199 1
201 4
203 2
204 1
205 1
206 1
207 1
208 1
210 1
211 1
213 1
214 1
215 3
216 3
218 1
219 1
222 1
223 1
225 1
226 1
229 1
231 1
234 3
236 1
238 2
240 3
241 1
243 1
245 1
246 1
247 1
250 5
251 3
254 2
255 1
256 2
257 1
258 1
259 3
260 6
261 3
263 3
264 2
265 2
266 2
267 1
268 2
269 2
270 1
271 1
272 2
273 2
274 2
276 2
277 2
278 1
279 5
280 1
281 3
282 2
283 2
286 4
288 1
289 1
291 2
292 1
293 5
294 2
295 1
296 2
297 1
298 2
299 5
300 3
301 1
302 2
303 1
304 2
305 3
306 2
307 1
308 2
309 3
311 2
313 1
315 1
316 2
317 1
319 1
320 1
324 1
331 1
332 2
333 1
338 1
340 1
344 1
