100 1000 50
0 91940
1 6
2 7
3 19
4 56
5 88
6 101
7 157
8 197
9 230
10 240
11 230
12 218
13 208
14 174
15 172
16 118
17 119
18 107
19 71
20 63
21 56
22 49
23 33
24 27
25 29
26 21
27 8
28 18
29 14
30 9
31 11
32 11
33 8
34 10
35 8
36 5
37 4
38 1
39 10
40 4
41 2
42 3
43 6
44 4
46 3
48 3
49 1
50 2
51 4
53 1
54 5
55 1
58 1
59 1
60 2
61 1
62 3
65 1
67 2
69 2
70 1
72 1
73 2
74 1
75 2
76 3
77 2
78 1
79 1
80 1
83 2
87 1
88 1
89 5
92 3
93 1
95 1
103 2
104 1
106 2
107 1
108 1
110 2
112 1
114 2
115 1
116 1
117 2
120 2
124 2
125 1
127 2
130 2
135 3
138 1
140 1
142 2
145 1
148 1
152 1
154 1
155 1
156 1
160 1
163 2
164 1
168 3
169 1
175 2
177 1
178 2
180 1
181 1
184 1
186 1
188 2
189 1
191 1
195 1
197 1
202 2
203 1
204 3
206 2
208 2
210 2
211 2
212 1
213 2
214 1
216 3
219 1
220 1
221 2
223 2
225 2
226 1
229 1
231 3
234 2
237 3
238 1
240 3
241 3
242 3
243 1
244 2
246 1
248 2
249 2
250 1
252 3
253 1
254 1
256 2
257 3
258 1
259 2
260 1
263 1
264 1
265 4
266 2
267 2
268 1
269 2
270 3
271 2
272 1
273 2
274 3
275 4
276 2
277 1
278 1
279 2
280 4
281 3
282 3
283 2
284 1
285 1
286 2
287 1
288 3
289 2
290 1
291 1
292 3
293 1
294 1
295 3
296 2
297 2
298 2
299 1
300 2
301 1
302 1
303 2
304 3
305 1
306 1
307 2
309 1
310 1
312 1
313 1
317 1
318 1
321 1
323 1
325 2
327 2
330 1
332 1
337 1
341 1
342 1
344 1
346 1
348 1
