100 1000 50
0 89575
1 99
2 231
3 368
4 508
5 628
6 562
7 568
8 495
9 410
10 312
11 225
12 165
13 128
14 113
15 91
16 67
17 51
18 31
19 33
20 21
21 16
22 7
23 14
24 18
25 13
26 12
27 14
28 12
29 1
30 6
31 5
32 5
33 3
34 4
35 5
36 4
37 4
38 2
39 3
40 3
41 3
42 2
43 3
44 2
45 4
46 3
47 2
48 4
49 2
50 3
51 1
52 1
53 3
54 1
55 1
57 7
58 2
59 3
60 2
61 1
62 3
63 1
65 4
66 1
67 1
69 1
70 1
71 2
72 2
74 2
75 1
76 1
78 1
79 2
80 1
82 4
83 3
84 2
85 2
86 2
88 1
90 3
91 5
92 2
94 1
95 1
96 2
97 1
98 1
99 3
100 3
102 1
104 1
106 3
107 2
109 1
110 1
112 2
113 1
115 1
116 3
117 1
119 1
120 2
121 3
122 1
123 1
125 3
127 2
128 1
130 3
131 1
133 1
134 2
139 1
140 1
141 1
142 1
143 1
145 2
149 3
150 1
151 1
152 3
153 1
154 1
156 2
157 1
159 1
161 2
162 2
166 1
168 1
169 1
173 3
175 2
178 1
179 3
180 2
181 1
182 1
184 1
185 1
186 1
189 1
190 1
193 1
195 1
197 2
198 2
200 3
202 1
205 2
209 2
210 2
212 2
213 1
215 1
216 1
218 2
219 1
220 1
221 3
225 1
230 3
232 2
235 1
236 3
237 2
238 1
239 2
240 2
241 2
242 1
243 2
245 3
250 2
252 1
254 2
255 1
257 5
258 2
259 1
260 2
261 1
262 1
264 3
265 1
266 2
267 1
268 1
270 2
271 3
272 1
273 1
274 1
275 2
278 1
279 4
280 1
283 5
284 1
285 1
286 3
288 1
290 1
292 1
293 5
295 1
297 1
298 1
301 3
305 1
307 1
308 1
309 3
310 1
311 2
314 3
315 4
317 1
318 2
321 1
322 1
323 1
324 2
327 1
343 1
345 1
356 1
