100 3000 50
0 248439
1 21
2 66
3 188
4 367
5 576
6 740
7 872
8 924
9 1000
10 918
11 867
12 771
13 625
14 553
15 421
16 333
17 279
18 198
19 131
20 95
21 91
22 63
23 46
24 31
25 30
26 19
27 15
28 10
29 10
30 4
31 10
32 5
33 9
34 5
35 1
36 9
37 4
38 1
39 2
40 1
41 5
42 2
43 2
45 3
46 2
47 2
48 5
50 2
51 1
52 3
53 1
54 4
55 1
57 1
59 1
60 1
61 1
63 1
64 1
66 2
68 3
69 2
70 1
72 1
75 1
78 1
79 1
80 1
82 1
84 1
85 1
89 2
92 1
95 1
96 1
98 2
103 1
107 1
108 2
110 2
112 1
115 1
116 1
117 1
120 1
124 2
126 2
129 1
130 1
132 1
133 1
137 2
139 1
143 1
145 1
148 2
149 1
152 1
154 1
155 1
156 1
159 1
167 1
170 1
171 1
173 1
179 1
181 1
182 1
194 1
197 2
200 1
201 1
202 1
212 1
223 1
227 1
232 1
234 1
241 1
253 1
255 1
272 1
279 1
280 1
288 1
293 1
294 1
296 1
299 1
300 1
310 1
315 1
329 1
336 1
338 1
339 1
343 2
354 1
357 1
358 1
365 1
366 1
370 2
371 1
372 2
377 1
381 1
384 1
386 1
389 1
390 1
395 1
396 1
397 2
399 2
402 1
403 1
414 1
417 1
422 1
425 1
429 1
446 1
451 2
453 1
455 1
458 1
461 1
464 1
472 1
475 1
479 1
480 1
485 1
492 2
495 1
499 1
500 1
504 1
505 1
508 1
509 1
510 1
514 2
515 1
517 1
522 1
524 1
532 1
537 2
538 1
540 1
542 1
543 1
544 1
547 1
552 1
553 2
555 2
558 1
559 1
560 1
561 1
562 1
565 3
566 1
568 1
569 1
571 1
573 1
574 1
576 2
578 2
582 1
583 1
584 1
585 2
586 2
587 1
589 3
591 1
592 1
593 1
595 1
596 1
597 1
600 1
601 1
602 2
603 2
604 2
606 2
607 1
608 1
609 2
610 1
612 3
614 1
615 1
626 2
629 1
632 1
633 1
636 2
637 2
640 2
641 1
642 1
643 1
644 1
649 2
650 1
652 1
654 1
656 1
666 1
670 1
671 1
674 2
677 1
687 1
689 2
691 2
695 1
699 1
701 1
704 2
708 1
709 1
712 1
713 1
715 1
716 1
718 1
723 1
725 1
726 1
727 1
728 1
734 2
735 1
737 1
738 1
746 1
748 2
749 2
752 1
755 1
757 1
758 1
760 1
761 1
765 1
777 2
781 1
784 1
785 1
793 1
795 1
796 2
798 1
800 1
803 2
809 1
811 1
812 1
815 1
816 2
822 3
827 1
831 2
833 2
841 1
847 2
849 1
851 1
854 1
855 1
861 1
863 2
871 1
874 1
875 1
876 2
877 2
880 2
882 2
888 1
889 1
890 1
891 1
897 2
899 1
910 2
913 1
916 1
919 1
920 1
925 1
926 1
932 1
937 1
938 1
944 1
949 1
957 2
964 1
978 1
