100 3000 50
0 244979
1 147
2 384
3 771
4 1153
5 1426
6 1521
7 1566
8 1428
9 1234
10 989
11 825
12 639
13 457
14 323
15 206
16 190
17 112
18 85
19 62
20 49
21 38
22 32
23 14
24 15
25 15
26 13
27 8
28 8
29 5
30 6
31 8
32 4
33 4
34 4
35 4
36 4
37 1
38 3
39 1
40 2
41 1
42 3
43 3
45 3
46 2
47 3
48 3
49 2
52 2
54 1
55 2
58 1
59 2
60 2
61 1
63 1
65 1
66 2
67 1
68 1
69 3
70 4
71 2
73 1
75 1
77 1
78 1
79 1
81 3
83 1
84 4
85 1
86 1
90 1
92 1
96 1
97 1
104 2
106 1
107 1
108 4
111 2
114 1
117 1
120 1
122 1
123 1
129 1
133 1
137 2
149 2
150 3
151 2
155 1
162 1
167 1
169 1
170 1
171 1
172 1
173 1
176 1
177 1
178 1
179 1
183 1
184 1
195 1
206 1
207 1
208 1
212 1
213 2
231 1
238 1
245 1
252 1
253 1
256 1
258 1
260 1
261 2
263 1
281 1
283 1
287 1
292 1
297 1
298 1
299 1
301 1
304 1
305 1
306 1
308 1
314 2
318 4
321 1
322 2
325 1
328 1
333 1
337 1
341 1
342 1
343 2
344 1
346 1
353 1
365 2
369 1
373 1
377 2
378 1
388 2
389 1
393 1
404 1
405 1
406 1
407 1
409 1
413 1
416 1
417 1
418 1
420 1
431 2
434 1
435 1
436 1
438 1
440 2
442 1
443 1
444 1
445 1
451 1
452 1
460 1
464 1
467 2
468 1
472 2
473 1
478 1
480 1
481 1
482 1
483 1
486 2
490 1
499 1
500 1
501 1
503 1
505 2
506 1
508 1
510 2
512 2
518 2
523 1
525 2
533 1
535 1
539 2
540 1
543 1
544 1
546 1
548 1
550 2
553 1
558 1
559 1
563 1
564 3
565 1
568 1
569 2
570 1
575 2
577 1
578 2
579 1
580 1
582 1
585 3
586 1
587 1
588 1
590 1
593 1
594 5
595 3
596 1
598 1
599 2
600 1
601 3
607 1
612 1
613 2
618 2
620 1
623 2
624 1
625 1
626 1
631 1
633 1
635 2
639 2
643 1
644 2
648 1
649 2
651 1
654 1
662 1
663 1
665 1
666 1
669 1
670 1
671 1
672 1
676 1
678 2
680 1
682 1
685 1
696 1
698 1
702 1
706 1
710 1
715 1
718 2
719 1
722 2
725 1
726 2
731 1
737 1
739 1
740 2
741 1
745 1
749 1
750 1
753 1
754 1
758 1
760 3
761 1
764 1
769 1
774 1
778 1
780 1
781 1
782 1
783 1
784 1
785 1
789 1
792 1
793 1
798 1
802 2
806 2
807 1
808 1
809 1
811 1
818 1
824 1
825 1
826 1
829 1
832 1
833 1
835 1
838 1
839 1
842 1
844 1
848 1
852 1
855 1
856 1
862 1
867 1
868 2
877 1
880 2
881 2
883 1
885 1
891 1
899 1
902 1
905 1
906 1
907 1
917 1
920 1
921 1
939 1
956 1
963 2
964 1
991 1
