100 3000 50
0 248086
1 21
2 71
3 243
4 425
5 604
6 814
7 961
8 982
9 1080
10 999
11 919
12 741
13 631
14 523
15 363
16 318
17 252
18 170
19 132
20 109
21 55
22 66
23 42
24 26
25 28
26 13
27 12
28 12
29 9
30 9
31 8
32 5
33 1
34 4
35 4
36 4
37 7
38 3
39 2
40 4
42 2
43 4
44 3
47 2
48 3
50 1
52 3
53 2
54 1
55 2
56 1
57 1
59 1
60 1
61 1
62 1
63 1
64 3
66 1
67 1
69 3
70 1
71 1
73 2
75 2
78 1
79 1
82 1
84 1
86 1
87 1
88 1
89 1
90 1
94 1
96 1
98 1
100 1
105 1
109 2
110 1
113 1
115 3
117 1
122 1
125 1
129 1
130 1
134 1
135 1
138 1
139 2
145 1
148 2
151 1
155 1
158 2
159 1
169 1
170 1
172 1
177 1
178 1
181 2
201 1
204 1
206 1
207 1
210 1
213 1
225 2
229 1
234 1
236 1
240 1
248 1
251 1
253 1
257 2
259 1
271 1
272 1
289 1
291 2
292 1
300 2
301 1
302 1
304 1
310 1
317 1
319 1
327 1
339 1
342 1
347 2
350 1
354 2
361 1
362 1
364 1
369 1
372 1
373 1
374 1
386 2
396 1
398 1
399 1
406 1
410 1
411 1
413 1
416 2
419 1
420 1
425 1
431 1
433 1
436 2
439 1
441 1
451 1
455 1
457 1
461 1
471 1
482 1
485 2
487 1
490 1
493 1
495 1
496 1
498 2
500 1
503 1
506 1
512 2
514 1
516 1
517 3
523 1
529 1
531 1
532 2
535 1
536 1
538 1
539 1
540 1
542 1
543 1
544 2
545 1
546 1
547 1
549 1
550 1
551 1
552 1
556 2
562 1
564 1
565 3
568 2
569 2
572 1
574 1
576 1
577 2
579 1
581 1
582 2
583 2
584 1
586 1
588 1
593 1
595 2
596 2
597 1
600 1
601 2
602 1
604 2
605 2
610 2
612 1
613 1
614 1
615 1
616 1
617 1
618 1
623 1
624 1
628 2
629 2
632 1
635 1
637 1
639 1
645 1
653 2
658 2
662 1
667 1
668 1
675 1
677 1
678 1
682 1
683 1
691 1
692 1
693 3
696 1
697 2
698 1
700 1
703 1
704 1
708 1
710 1
711 1
714 1
715 1
720 2
725 1
726 1
728 1
729 1
731 1
732 1
734 2
735 1
736 1
737 2
738 1
739 1
740 1
742 2
748 1
750 1
751 2
753 1
754 1
757 1
763 1
764 1
773 1
777 1
778 1
780 2
781 1
783 1
784 1
789 1
790 1
795 1
796 1
797 1
799 2
800 2
808 1
814 1
820 1
830 1
831 1
832 1
833 1
836 1
837 1
839 1
841 1
842 1
846 2
848 1
852 2
853 1
858 1
859 1
860 1
861 1
863 1
866 1
869 1
874 1
885 1
887 1
895 2
898 1
903 1
908 1
918 1
924 1
926 2
931 1
932 1
933 1
934 1
935 2
939 1
940 2
945 1
946 1
948 1
956 1
957 1
970 1
980 1
