100 3000 50
0 247159
1 47
2 167
3 371
4 594
5 895
6 1038
7 1175
8 1179
9 1148
10 1047
11 841
12 743
13 557
14 456
15 335
16 238
17 179
18 143
19 92
20 70
21 60
22 53
23 31
24 31
25 21
26 17
27 13
28 10
29 9
30 4
31 8
32 3
33 6
34 2
35 3
36 2
37 2
38 2
39 3
40 1
41 4
42 3
43 2
44 2
45 2
46 1
47 1
49 3
51 1
52 2
53 5
54 1
55 2
57 3
58 1
59 3
60 1
61 1
62 1
63 2
64 1
65 1
66 2
67 1
68 1
75 1
77 2
80 1
81 1
83 1
85 1
86 1
87 2
88 1
89 1
90 1
92 1
102 1
103 1
109 1
111 1
112 1
113 1
115 1
119 1
123 1
125 1
130 1
132 1
136 1
137 2
140 2
142 2
146 1
151 1
152 2
156 1
160 1
165 1
167 2
170 2
173 1
175 1
182 2
192 1
193 1
202 1
207 1
210 2
214 1
217 1
219 1
228 1
234 1
235 1
237 1
251 1
261 1
266 1
268 1
275 1
279 1
284 1
290 1
292 1
297 2
308 1
318 1
321 2
323 1
326 1
328 1
331 2
333 1
336 1
350 1
351 1
353 1
360 2
365 1
367 1
370 1
375 1
379 1
380 1
386 1
390 1
395 1
400 1
402 1
409 1
410 1
414 1
415 1
417 1
431 1
439 1
441 1
446 1
447 1
450 1
453 1
454 2
455 1
465 1
469 1
472 1
474 2
477 1
480 1
481 1
487 2
491 1
492 1
493 1
498 1
499 1
501 1
503 1
505 1
509 1
510 2
512 1
513 1
518 1
524 1
531 1
533 1
535 1
538 1
541 1
542 1
543 1
544 1
545 1
548 3
550 1
555 1
557 1
559 1
560 1
563 1
564 2
566 1
567 2
568 2
569 1
571 1
572 1
573 2
574 2
575 1
576 1
578 1
579 2
580 1
581 1
582 1
583 1
584 1
589 1
590 1
591 2
593 1
595 2
596 2
601 4
607 1
608 1
611 1
612 1
613 1
614 2
615 1
616 1
619 1
620 2
624 1
626 1
627 1
629 2
630 2
631 1
640 1
642 2
643 1
645 1
648 1
652 1
656 1
658 1
663 2
665 1
673 1
674 1
676 2
677 1
678 1
679 1
693 1
699 1
703 1
711 1
715 2
716 2
718 1
719 2
722 1
723 1
725 1
727 1
729 2
735 1
736 2
737 1
738 1
740 1
741 1
746 1
747 1
748 2
750 1
751 2
754 1
756 1
758 1
760 1
763 2
764 1
767 1
769 1
778 1
783 2
785 1
786 1
789 1
790 1
792 1
800 2
802 1
803 2
804 2
805 1
808 1
811 1
812 1
814 1
818 1
819 1
822 1
831 1
832 1
833 1
838 2
839 1
843 1
848 1
850 1
851 1
853 1
854 1
857 1
858 1
860 1
861 1
864 1
865 1
866 2
873 1
874 2
876 1
879 1
882 1
885 1
889 2
894 1
895 1
898 1
906 1
908 1
921 1
923 1
926 1
931 1
949 1
950 1
951 1
952 1
955 1
956 1
964 1
965 1
967 1
969 1
976 1
