100 3000 50
0 247585
1 42
2 122
3 302
4 514
5 768
6 953
7 1079
8 1114
9 1113
10 996
11 848
12 769
13 577
14 456
15 365
16 287
17 201
18 173
19 117
20 75
21 69
22 59
23 35
24 22
25 26
26 23
27 15
28 13
29 6
30 3
31 2
32 3
33 5
34 4
35 3
36 1
37 5
38 3
39 2
40 4
41 2
42 3
43 2
44 1
45 3
46 1
48 2
49 1
50 1
51 2
52 4
53 1
55 1
56 2
57 2
58 1
60 3
61 2
62 2
64 1
65 1
66 1
67 1
70 3
71 1
73 1
74 1
77 1
81 1
83 1
86 1
88 2
100 1
103 2
106 1
112 1
113 2
115 1
116 1
121 2
123 3
124 1
126 1
129 1
135 1
137 2
139 1
141 1
147 1
148 2
149 1
150 1
157 1
159 1
161 1
164 1
166 1
172 1
173 1
174 1
179 2
181 1
182 1
185 1
190 1
193 1
196 2
204 1
209 2
216 1
219 1
223 1
228 1
246 1
254 1
270 1
286 1
287 1
296 1
298 1
301 1
304 1
323 1
324 1
328 1
329 1
334 1
338 1
339 1
340 1
341 1
344 1
359 2
360 1
365 2
366 1
369 1
370 2
373 1
378 2
382 2
388 1
392 2
395 1
401 1
402 1
413 1
414 1
415 2
423 1
425 1
434 1
436 1
438 1
443 2
452 2
453 2
454 1
458 1
460 1
461 1
463 1
468 1
470 1
473 3
481 2
482 1
484 1
487 1
491 1
497 1
498 2
502 1
509 2
510 1
516 1
518 1
522 1
525 1
526 1
529 1
533 1
536 1
537 1
539 1
542 1
544 1
545 1
547 2
550 1
553 1
555 3
556 1
557 1
558 2
561 1
566 1
572 1
573 3
575 1
579 2
580 1
582 2
586 1
589 1
590 1
592 1
594 1
595 3
596 3
597 2
598 6
599 2
600 1
605 1
606 2
607 1
609 1
613 1
616 1
618 2
622 2
625 1
626 3
629 1
632 1
634 2
636 1
638 1
639 1
644 1
647 1
648 1
649 1
653 2
655 1
656 1
659 1
661 1
663 1
672 2
677 1
679 2
680 1
685 1
686 1
689 1
691 1
693 2
695 1
700 1
701 1
708 1
711 1
714 1
715 1
718 2
720 1
721 1
725 1
731 4
732 2
734 1
737 1
738 1
740 2
742 2
747 1
748 1
751 1
752 1
758 1
765 1
770 1
773 2
776 1
780 1
783 1
787 1
789 1
790 2
792 1
793 2
796 2
798 1
799 1
808 1
809 1
816 1
817 1
819 1
820 1
821 2
824 2
829 1
832 1
836 1
843 1
849 1
850 1
853 1
857 1
861 1
863 1
864 1
865 1
866 1
872 1
875 3
877 1
882 2
885 1
890 1
891 1
892 1
893 1
894 1
908 1
910 1
912 1
915 1
919 1
922 2
926 1
929 3
937 1
938 1
941 1
955 1
964 3
970 1
977 1
981 1
