100 3000 50
0 248620
1 17
2 67
3 169
4 296
5 519
6 704
7 844
8 889
9 922
10 898
11 883
12 790
13 658
14 534
15 466
16 363
17 241
18 190
19 144
20 115
21 76
22 91
23 55
24 48
25 30
26 18
27 16
28 12
29 12
30 11
31 3
32 8
33 9
34 4
35 8
36 5
37 6
38 1
39 4
40 3
41 1
42 3
43 1
44 3
45 1
46 2
47 3
48 3
49 5
50 1
51 2
52 3
53 3
54 3
55 2
59 4
61 1
62 1
63 1
64 1
65 2
66 1
67 1
69 1
72 1
74 1
76 2
77 1
78 1
82 1
85 1
86 3
89 1
91 1
92 1
93 1
95 1
96 1
100 2
103 1
105 1
107 1
112 1
113 3
114 2
116 1
117 1
121 1
123 1
127 1
131 1
132 1
139 1
144 1
145 1
147 1
148 1
151 1
152 1
160 1
161 1
165 1
167 1
175 1
176 1
178 1
188 1
191 1
194 1
199 1
201 1
205 1
209 1
219 1
220 1
222 1
224 1
228 1
229 1
233 1
239 1
241 1
252 1
254 2
263 1
283 1
286 1
287 1
291 1
293 1
306 1
307 2
311 1
316 1
326 1
329 1
332 1
334 1
337 2
340 1
344 2
346 1
347 1
349 1
351 1
353 1
372 1
373 2
376 1
377 1
387 1
390 1
406 1
412 1
414 1
415 1
416 1
418 1
422 1
426 1
430 1
437 1
439 1
440 2
443 1
448 1
453 3
455 2
458 1
462 1
463 1
464 1
468 2
472 1
475 2
476 1
480 1
482 1
483 1
500 1
501 1
506 1
513 1
514 1
516 1
519 1
520 1
528 1
531 1
532 1
533 2
534 1
536 1
537 1
539 1
541 1
544 2
548 1
550 2
551 1
552 2
553 1
557 2
558 1
562 1
567 1
568 2
569 1
570 1
571 1
572 1
573 1
574 1
577 1
578 1
579 1
582 2
584 1
586 1
588 1
589 1
590 1
593 4
597 1
598 1
600 1
602 1
606 2
607 1
608 3
609 1
610 1
612 1
613 1
614 2
615 1
617 2
618 1
619 1
621 1
622 2
624 1
625 1
629 2
633 2
634 3
637 1
640 1
645 1
652 3
655 3
658 2
661 4
664 1
679 1
684 1
686 1
687 1
688 2
689 1
690 1
691 2
693 1
695 1
698 1
701 1
710 1
712 1
715 1
717 1
721 1
722 1
724 1
725 2
731 1
732 1
733 2
735 1
737 1
747 1
748 1
749 2
753 1
756 1
757 2
760 1
761 1
764 1
766 1
767 3
771 1
772 1
782 1
783 1
785 1
788 2
790 1
791 1
794 3
801 1
807 1
808 1
811 1
816 1
817 1
818 1
819 1
821 1
825 2
830 2
834 4
846 2
855 1
860 1
862 2
867 1
869 1
870 1
873 2
875 2
878 1
882 1
883 1
885 1
886 1
887 1
890 1
891 1
895 1
898 1
899 2
905 1
920 2
927 1
928 2
934 1
940 1
942 1
947 1
952 1
958 1
961 1
966 1
986 1
