100 1000 50
0 91974
1 1
2 9
3 19
4 27
5 106
6 135
7 146
8 204
9 216
10 238
11 205
12 212
13 203
14 186
15 140
16 139
17 133
18 95
19 72
20 60
21 53
22 30
23 33
24 36
25 24
26 26
27 27
28 19
29 15
30 9
31 9
32 6
33 8
34 10
35 4
36 7
37 2
38 6
39 4
40 2
41 1
42 4
44 3
45 1
46 4
47 2
48 4
49 2
50 1
51 2
53 1
54 2
55 2
56 1
58 2
59 1
60 2
61 1
62 4
63 1
64 2
65 2
66 2
68 1
69 1
70 1
72 2
74 1
76 2
77 2
79 2
80 1
81 1
83 2
84 1
85 3
87 2
88 1
89 1
90 1
91 1
92 2
93 1
95 1
97 1
98 2
100 2
101 2
104 1
105 1
106 1
108 2
109 1
110 1
112 1
115 2
116 2
117 2
118 1
119 1
123 2
125 1
130 2
131 1
133 3
134 1
135 1
137 1
146 1
147 1
149 3
153 2
155 1
157 1
161 1
165 1
166 1
168 1
169 3
171 1
174 1
175 1
177 2
178 2
179 1
180 1
181 1
186 1
187 1
189 1
190 1
191 1
192 1
194 1
195 1
196 1
198 1
199 1
200 1
201 2
202 1
203 3
204 1
205 1
206 1
208 1
210 2
211 3
212 1
213 1
214 3
215 1
217 3
218 1
220 2
222 1
224 1
225 2
227 1
229 1
232 3
235 2
236 3
237 3
238 2
239 2
240 2
241 1
242 2
243 1
245 1
246 1
247 1
249 1
250 1
252 1
253 1
254 2
255 1
256 2
257 3
258 1
259 1
260 2
262 2
263 4
264 1
265 1
269 1
270 1
271 2
272 3
273 1
274 4
275 2
276 2
277 2
278 1
280 3
283 3
284 3
285 2
286 1
287 1
289 1
290 1
292 2
293 2
294 2
295 1
296 5
298 3
299 1
300 2
301 1
302 2
303 8
304 1
305 1
306 3
308 2
309 1
311 1
312 2
313 1
314 2
316 1
318 1
319 3
320 1
325 1
327 1
329 1
332 1
333 1
337 1
339 1
342 1
362 1
