100 3000 50
0 233668
1 772
2 1427
3 1944
4 2126
5 2327
6 2085
7 1900
8 1667
9 1481
10 1246
11 1122
12 890
13 789
14 650
15 561
16 466
17 420
18 379
19 317
20 262
21 245
22 176
23 187
24 154
25 139
26 139
27 117
28 108
29 78
30 70
31 76
32 58
33 54
34 58
35 46
36 54
37 36
38 38
39 29
40 26
41 35
42 27
43 27
44 22
45 25
46 25
47 19
48 15
49 10
50 26
51 17
52 15
53 11
54 9
55 13
56 8
57 10
58 10
59 13
60 14
61 18
62 9
63 8
64 9
65 3
66 4
67 10
68 9
69 8
70 7
71 9
72 7
73 7
74 6
75 7
76 3
77 5
78 4
80 6
81 3
82 8
83 4
84 3
85 4
86 6
87 3
88 3
89 5
90 2
91 5
92 1
93 5
94 5
95 7
96 1
97 1
98 8
99 2
100 2
101 3
103 2
105 4
106 4
107 1
108 2
109 1
110 2
111 3
112 2
113 2
114 3
115 3
116 1
118 1
120 1
121 1
124 1
125 2
126 2
127 1
128 1
129 1
130 2
131 3
132 6
133 2
134 2
135 3
136 3
137 2
139 2
140 2
141 2
142 1
143 1
144 3
145 2
146 2
147 1
148 2
150 1
152 1
153 1
154 1
155 2
156 3
157 1
158 1
160 1
161 2
163 1
164 1
167 1
171 1
172 3
173 1
176 1
178 1
179 1
180 1
181 2
183 1
184 1
187 1
188 1
190 1
192 1
193 1
194 2
195 1
196 1
197 2
198 2
200 1
203 1
204 1
205 1
208 1
209 1
213 1
214 1
221 1
224 2
230 1
231 1
233 2
234 2
242 1
244 2
247 1
248 2
250 1
253 1
262 1
263 1
273 1
276 1
277 1
280 1
284 1
285 1
295 1
298 1
300 1
304 1
305 1
309 1
318 1
319 1
342 1
343 1
346 2
349 1
358 1
360 1
364 1
369 1
372 1
373 2
374 1
379 1
382 1
401 2
404 1
421 1
425 1
457 2
461 1
