100 3000 50
0 248529
1 16
2 53
3 167
4 345
5 515
6 678
7 859
8 922
9 1041
10 919
11 867
12 783
13 671
14 549
15 417
16 293
17 252
18 191
19 157
20 146
21 93
22 58
23 55
24 43
25 25
26 17
27 15
28 10
29 17
30 5
31 7
32 6
33 7
34 5
35 2
36 6
37 2
38 3
39 3
40 2
41 1
42 1
43 3
44 3
45 6
46 1
47 4
48 2
49 4
50 3
51 2
52 1
53 2
54 2
55 1
57 1
58 2
59 1
60 1
61 1
62 1
63 1
64 1
68 1
69 1
70 1
71 1
73 1
76 1
80 2
82 2
83 1
84 1
86 3
88 1
90 1
93 1
96 1
100 1
103 1
104 1
106 1
110 2
113 1
116 1
118 1
119 2
120 1
121 2
127 1
130 1
136 2
138 1
140 1
144 1
145 2
147 1
149 1
153 1
156 1
163 1
167 1
171 1
182 2
184 1
190 1
195 1
196 1
197 1
200 1
208 2
209 1
218 1
221 1
231 1
234 1
236 1
237 1
243 2
271 1
272 1
276 1
280 1
281 1
283 1
291 1
297 1
298 1
302 2
304 1
315 1
317 1
323 1
326 3
327 1
329 1
334 2
341 1
357 1
359 1
360 1
365 1
367 2
368 1
370 1
376 1
378 1
384 1
395 1
397 1
406 2
408 1
415 1
425 1
426 1
434 2
435 1
442 1
443 1
450 1
452 1
455 1
457 1
459 3
460 1
461 1
464 1
467 1
471 1
475 2
478 2
483 1
485 1
489 1
490 1
492 1
493 1
494 1
495 1
496 1
498 1
502 1
505 1
518 1
520 1
523 1
524 1
525 1
526 1
534 1
535 1
536 1
537 3
541 1
542 1
543 1
544 1
549 2
555 2
557 1
560 1
562 1
563 1
564 1
565 1
567 1
569 2
570 1
573 1
574 1
576 1
577 2
578 1
580 1
582 1
583 2
585 2
587 1
588 1
589 1
592 1
595 1
597 1
600 3
601 1
602 2
604 1
607 1
609 1
610 1
611 1
614 1
615 1
618 1
619 1
620 1
621 1
622 1
624 1
626 2
630 1
633 1
634 1
636 1
637 2
639 1
640 1
642 2
645 1
646 1
650 1
653 1
658 1
660 2
661 1
670 1
671 1
672 1
673 1
675 1
676 1
677 1
680 1
682 1
685 1
686 2
691 1
694 2
699 3
705 1
706 1
709 1
711 2
714 1
715 1
718 1
722 2
723 1
725 1
727 1
728 1
737 2
748 1
750 1
752 1
754 3
755 1
756 1
757 1
758 1
759 1
763 2
764 1
765 2
766 1
767 1
768 1
770 1
774 1
775 1
776 1
779 1
785 1
786 1
793 1
794 1
797 2
804 1
805 1
809 1
812 1
817 1
819 1
826 1
831 1
843 1
844 1
845 1
846 1
848 1
849 4
850 1
851 1
853 1
854 2
857 1
858 1
861 1
871 1
879 1
882 1
884 1
886 2
893 1
894 1
896 1
905 2
906 1
907 1
914 1
915 1
917 2
918 1
920 1
923 1
924 1
926 2
927 1
932 1
933 1
934 1
935 1
938 1
944 1
955 1
972 1
