100 3000 50
0 246161
1 72
2 255
3 554
4 818
5 1095
6 1305
7 1445
8 1333
9 1220
10 1026
11 851
12 665
13 455
14 400
15 274
16 210
17 144
18 120
19 83
20 66
21 34
22 37
23 29
24 16
25 23
26 12
27 4
28 7
29 7
30 10
31 5
32 6
33 1
34 9
36 2
37 2
39 1
40 1
41 1
42 1
43 1
44 4
45 2
46 1
48 3
49 1
50 1
51 1
52 1
53 3
54 1
57 4
60 1
61 1
63 2
65 2
68 1
72 1
73 2
75 1
82 2
83 1
84 1
86 1
90 1
91 1
92 2
96 1
99 2
102 1
104 1
105 2
106 1
108 1
111 1
113 1
114 1
117 1
118 1
119 1
121 1
123 2
135 3
138 1
144 1
151 1
154 1
156 1
159 1
162 1
164 1
168 1
170 2
173 1
176 1
177 1
178 1
186 1
189 1
190 2
191 1
192 1
196 1
202 1
207 1
213 1
216 1
228 1
229 1
235 1
241 1
244 1
246 2
248 1
255 1
259 2
269 1
273 1
274 1
276 1
279 2
287 1
292 1
294 1
295 1
300 1
301 1
302 1
310 1
311 2
312 1
321 1
325 1
332 1
336 1
344 1
345 2
354 1
359 1
366 1
370 2
375 1
377 1
381 1
385 2
386 1
392 1
394 2
396 2
399 1
401 1
404 1
405 1
406 2
415 2
416 1
428 1
436 1
437 1
438 2
439 1
446 1
450 1
453 1
455 1
458 1
460 1
463 2
468 1
470 1
474 1
476 1
478 1
479 1
481 1
484 1
488 1
491 1
496 1
501 1
507 1
508 2
509 1
510 1
511 1
518 1
519 1
520 1
522 1
525 2
527 1
531 1
533 1
535 1
538 1
540 1
542 2
543 1
545 1
548 1
550 3
551 1
552 1
558 1
559 2
561 1
563 1
566 1
568 1
570 2
571 2
572 2
573 1
574 1
577 1
579 3
580 1
581 1
582 1
583 1
584 2
586 2
588 1
589 1
590 1
591 2
592 2
593 1
597 1
598 1
601 1
603 2
607 1
610 3
612 1
615 1
616 1
617 1
618 1
619 1
623 1
626 1
628 1
629 1
630 1
631 1
634 1
635 1
636 1
637 1
639 1
640 1
643 1
652 1
655 1
662 1
663 1
675 1
676 1
680 1
682 2
684 2
686 2
694 1
700 1
702 2
706 2
708 1
711 3
715 2
722 1
724 1
725 1
735 3
739 2
743 1
747 1
750 1
751 1
752 1
753 3
756 2
757 1
762 1
764 2
766 1
767 1
773 1
777 2
781 1
782 1
786 2
789 1
790 1
791 1
793 1
796 2
797 3
801 2
802 1
804 1
805 1
810 1
811 1
814 1
821 1
822 1
830 1
834 1
836 1
839 1
840 1
846 1
847 1
852 1
854 1
856 1
860 1
864 1
866 1
868 1
874 1
875 1
877 1
878 1
879 1
884 1
889 1
891 1
894 1
895 1
896 1
900 1
901 1
905 2
908 1
909 1
912 1
913 1
921 1
923 1
925 1
930 1
939 1
952 2
962 1
964 1
967 1
970 1
984 1
