100 3000 50
0 242659
1 273
2 669
3 1191
4 1561
5 1857
6 1827
7 1678
8 1531
9 1249
10 957
11 734
12 539
13 414
14 304
15 243
16 170
17 150
18 95
19 82
20 66
21 62
22 36
23 44
24 29
25 24
26 20
27 21
28 12
29 13
30 20
31 9
32 11
33 9
34 8
35 7
36 12
37 5
38 9
39 6
40 9
41 4
42 7
43 4
44 8
45 2
46 1
47 3
48 3
49 2
50 3
51 6
52 1
53 4
54 5
55 3
56 7
57 4
58 2
59 1
60 3
61 6
62 4
63 2
64 2
65 1
66 4
67 1
68 2
69 1
70 3
71 1
72 2
73 2
74 3
75 3
76 1
77 3
79 6
81 1
82 3
83 2
85 1
86 1
87 3
89 2
93 3
94 1
95 3
96 1
97 1
98 1
99 4
101 1
102 2
103 2
104 2
105 2
107 2
110 1
112 2
113 2
114 2
115 1
122 1
123 4
124 1
125 2
126 3
128 1
129 1
130 2
131 2
133 3
135 2
136 1
137 1
138 1
139 1
140 1
141 2
146 2
147 1
148 2
149 2
152 1
156 2
157 1
162 2
164 1
165 1
167 1
169 1
170 1
175 2
176 1
178 2
179 1
181 1
182 1
183 2
184 1
186 1
189 1
191 1
192 1
193 1
196 1
199 1
201 1
203 1
209 1
210 1
214 1
217 1
218 1
223 1
224 1
225 3
226 1
227 1
230 1
232 1
235 1
236 1
239 1
240 1
241 1
242 2
244 1
246 1
247 1
253 1
254 1
256 1
257 1
265 1
266 1
267 2
270 1
274 1
278 1
280 2
281 1
283 1
284 2
289 1
291 1
295 1
296 1
298 2
299 1
300 1
302 2
303 1
304 1
305 1
310 1
314 1
315 1
316 1
333 1
336 1
337 2
339 1
340 1
342 1
343 1
348 1
349 2
353 2
355 1
357 2
358 1
363 1
368 1
373 1
376 1
380 1
383 1
384 1
389 2
391 1
394 1
396 2
397 2
398 2
399 1
403 1
404 1
405 1
408 2
412 2
427 2
430 2
432 1
446 1
447 3
448 2
451 2
454 1
455 1
457 1
459 1
461 1
469 1
470 1
471 1
473 1
478 1
481 1
484 1
485 1
486 2
492 2
493 1
495 1
496 2
498 1
499 1
500 1
503 1
504 1
505 2
507 1
509 1
513 2
515 1
517 1
518 1
519 1
520 1
522 1
523 2
524 2
525 1
526 3
527 1
529 1
531 1
536 1
537 1
540 1
543 1
545 1
546 2
550 1
551 1
552 1
556 1
557 1
559 1
560 3
562 1
565 1
566 2
567 2
570 2
571 2
574 1
575 3
578 2
580 1
581 1
582 1
585 1
590 1
593 1
595 1
596 1
597 1
599 1
600 1
601 3
603 1
605 2
612 1
613 1
614 1
617 1
619 1
622 1
624 1
626 1
627 1
628 1
633 1
634 1
641 4
642 1
645 1
656 1
657 1
658 1
661 1
666 1
668 1
671 1
675 1
676 1
679 1
680 2
684 1
692 1
696 1
699 1
702 1
708 1
715 3
721 1
722 1
723 1
728 1
729 1
733 1
734 1
737 1
741 2
742 1
743 1
744 1
754 1
760 1
763 1
772 1
778 2
780 2
781 1
785 1
788 1
796 1
801 1
806 1
807 1
808 1
811 1
819 2
827 1
832 1
841 1
850 2
860 1
864 2
868 1
871 1
873 1
880 1
898 1
902 1
904 1
939 1
982 1
