100 1000 50
0 92063
1 3
2 4
3 27
4 40
5 63
6 120
7 151
8 155
9 190
10 221
11 196
12 213
13 194
14 157
15 135
16 149
17 114
18 94
19 97
20 81
21 61
22 38
23 45
24 51
25 33
26 19
27 23
28 13
29 15
30 6
31 14
32 12
33 7
34 5
35 10
36 7
37 7
38 5
39 8
40 8
41 3
42 2
43 5
44 3
45 2
46 4
47 2
49 2
50 5
51 3
52 1
53 4
54 1
55 4
58 1
59 4
62 1
63 3
66 2
67 1
68 2
69 2
70 1
72 3
73 1
74 2
75 2
77 3
78 1
80 1
81 1
82 2
85 1
89 2
93 1
95 1
96 2
97 1
98 1
99 1
100 1
102 1
103 1
105 1
106 1
107 1
108 1
110 2
115 1
117 1
118 2
122 1
125 1
126 1
129 1
130 1
132 1
134 1
138 1
141 1
143 1
152 1
153 1
155 2
156 1
158 2
159 1
162 2
166 1
170 1
172 1
173 1
174 1
175 2
176 1
177 1
179 1
180 3
182 1
184 2
186 2
187 1
190 2
193 1
194 1
195 2
199 2
200 2
201 1
202 2
203 1
204 1
205 3
209 1
210 1
211 1
213 1
216 2
217 1
218 1
219 1
220 1
222 3
224 1
225 1
227 1
228 1
230 1
231 1
232 4
233 1
234 1
235 1
236 4
238 1
240 2
241 3
242 2
243 2
244 2
245 1
246 1
247 1
248 2
249 1
252 2
253 1
254 4
255 3
256 2
257 1
259 2
260 1
261 2
262 3
263 1
264 2
266 1
267 1
268 3
269 1
270 1
271 1
273 1
274 2
275 1
276 1
277 3
279 2
280 1
281 1
282 3
283 2
284 2
285 2
287 3
288 5
289 2
290 1
291 3
293 2
295 1
297 2
298 3
299 5
300 1
302 2
303 3
306 2
307 3
308 4
310 1
311 1
312 1
313 2
315 1
316 2
318 3
319 1
320 2
324 1
325 3
327 1
333 2
347 1
