100 1000 50
0 91901
1 4
2 12
3 26
4 49
5 90
6 143
7 180
8 177
9 274
10 207
11 255
12 229
13 202
14 190
15 159
16 126
17 105
18 81
19 71
20 63
21 42
22 38
23 43
24 29
25 19
26 17
27 23
28 16
29 8
30 12
31 11
32 8
33 8
34 6
35 6
36 7
37 6
38 2
39 3
40 4
41 6
42 4
43 3
44 2
45 2
46 3
47 2
48 3
49 2
50 1
51 1
52 4
53 3
54 2
55 1
56 2
58 2
59 2
61 1
64 1
65 2
67 2
68 1
69 1
70 1
71 1
72 1
73 3
74 1
75 1
76 1
77 1
78 1
80 1
81 1
82 1
83 1
85 1
86 1
90 2
91 1
93 1
95 2
98 1
99 1
100 1
101 2
104 1
107 2
110 2
112 2
113 1
115 1
116 1
117 1
119 3
120 1
123 1
124 2
126 1
127 1
128 1
132 1
135 1
136 1
137 1
141 2
143 1
144 1
145 1
147 2
148 1
150 1
151 1
154 1
155 2
156 1
159 1
161 1
164 3
168 1
170 3
171 1
174 2
177 1
178 2
179 2
181 1
182 1
184 1
185 1
186 1
187 1
188 1
189 2
190 1
191 1
192 1
193 1
194 2
199 1
200 2
201 4
203 2
210 2
211 1
213 2
214 2
218 1
222 1
223 2
224 1
226 1
227 2
228 1
229 1
230 1
232 3
233 1
235 1
237 2
242 2
243 3
245 1
246 1
247 2
249 2
251 1
252 3
254 2
255 1
256 3
257 3
259 2
260 1
262 3
264 3
265 2
267 1
269 3
270 1
271 4
272 1
274 3
275 2
276 4
277 1
278 3
279 2
280 3
281 2
283 1
284 2
285 1
286 4
287 2
288 2
289 1
290 3
291 1
292 1
293 1
294 3
296 2
297 1
298 1
301 1
302 2
303 1
304 1
305 2
306 2
307 2
308 3
309 1
310 2
311 2
312 1
314 1
315 2
316 1
317 1
318 2
321 1
323 2
325 1
327 1
328 2
332 1
333 1
337 1
339 1
344 1
347 1
349 1
353 1
355 1
356 1
