100 1000 50
0 91399
1 7
2 18
3 69
4 121
5 204
6 239
7 302
8 345
9 294
10 282
11 270
12 235
13 219
14 152
15 140
16 108
17 91
18 78
19 65
20 58
21 30
22 20
23 15
24 23
25 19
26 14
27 9
28 9
29 5
30 4
31 5
32 4
33 6
34 3
35 5
36 2
37 4
38 1
39 4
40 1
41 2
42 2
43 2
44 3
45 1
46 2
47 3
48 3
50 2
51 2
52 2
53 1
54 2
55 1
56 2
57 1
58 2
61 1
62 2
64 1
66 1
70 2
75 2
76 1
77 1
78 1
79 1
80 1
82 1
84 1
86 2
93 2
94 1
97 1
98 1
102 2
103 1
105 1
110 1
113 2
117 1
119 1
122 1
123 1
124 1
126 1
132 1
133 3
138 1
139 1
142 2
148 1
149 2
152 1
158 1
161 1
162 1
166 1
167 2
169 1
174 2
177 2
178 1
179 1
181 1
186 1
187 2
190 2
191 1
192 1
194 1
195 2
196 3
199 2
201 2
202 1
204 1
205 3
206 1
207 2
209 2
210 1
211 1
212 1
213 2
214 1
215 1
216 1
217 1
219 1
221 1
223 1
224 1
226 1
227 2
229 1
230 1
232 1
236 2
237 4
238 1
239 1
240 1
241 1
242 2
243 2
244 2
245 3
246 1
247 3
248 1
252 3
253 1
254 2
255 4
256 1
257 2
258 2
259 4
261 1
262 1
263 2
264 2
265 3
266 1
267 2
268 3
269 2
271 2
272 2
274 3
276 1
278 1
279 3
280 2
282 2
283 1
284 2
285 1
286 1
287 2
290 2
291 2
292 2
294 2
295 4
296 4
297 1
298 2
299 3
300 4
301 1
302 2
303 2
305 1
306 3
307 1
308 2
309 4
310 3
312 2
313 3
314 2
315 1
316 2
323 2
325 1
328 3
329 2
335 1
338 1
339 1
341 2
342 1
346 1
