100 3000 50
0 240703
1 452
2 1003
3 1416
4 1761
5 1885
6 1956
7 1734
8 1485
9 1164
10 956
11 744
12 590
13 474
14 376
15 321
16 244
17 182
18 138
19 116
20 111
21 88
22 74
23 70
24 53
25 44
26 39
27 35
28 28
29 33
30 31
31 26
32 20
33 23
34 16
35 21
36 16
37 14
38 14
39 10
40 14
41 16
42 15
43 11
44 14
45 10
46 5
47 13
48 7
49 7
50 5
51 7
52 5
53 7
54 7
55 4
56 5
57 7
58 5
59 6
60 1
61 6
62 4
63 6
64 6
65 5
66 3
67 6
68 2
69 4
70 4
71 5
72 4
73 2
74 3
75 5
76 2
77 3
78 3
79 3
80 3
81 1
82 5
83 4
84 1
85 2
86 1
87 3
88 2
89 1
90 3
91 2
92 4
93 4
94 1
95 1
96 4
97 1
100 2
101 3
102 1
103 2
104 4
105 3
106 1
107 4
108 2
110 1
111 2
112 2
113 1
114 1
115 2
116 3
117 4
119 3
122 2
123 1
125 6
127 1
128 1
131 1
132 2
133 1
136 1
137 2
138 2
140 2
141 1
143 2
144 1
146 2
147 1
148 1
149 2
150 1
151 1
154 1
156 3
157 2
160 1
161 1
162 1
163 1
164 1
166 1
168 1
169 1
170 1
172 2
174 2
175 2
177 3
180 1
181 1
182 1
183 2
184 2
189 1
191 1
192 1
193 1
194 1
198 2
200 1
201 1
202 1
204 2
206 1
210 2
214 1
215 1
219 2
220 2
221 1
222 1
223 1
224 1
228 1
230 2
231 1
233 2
236 2
237 1
238 2
239 2
240 1
248 2
249 1
253 1
256 1
258 2
260 1
262 1
264 2
265 1
267 1
269 1
272 2
273 2
274 1
276 1
278 1
279 2
281 1
282 2
287 1
288 1
289 2
292 2
296 1
300 1
302 2
303 2
309 1
311 1
312 1
314 1
315 2
316 1
318 2
319 2
322 1
327 1
328 1
331 1
336 1
342 1
347 1
348 1
352 1
354 1
357 3
358 1
359 1
360 3
361 2
363 1
365 1
367 2
370 2
376 2
377 1
380 2
381 3
382 1
386 1
389 1
391 1
392 1
394 1
395 1
397 1
399 3
400 1
403 1
405 1
408 2
411 1
412 1
414 1
417 1
420 1
424 1
425 1
426 1
428 1
429 1
435 1
438 1
441 1
443 1
444 1
450 1
451 1
456 1
458 1
459 2
460 1
463 2
464 1
466 1
469 2
470 1
474 3
478 1
479 1
480 2
483 1
487 1
492 1
493 1
497 2
501 1
502 2
505 1
508 1
513 1
515 1
521 2
522 2
525 1
526 1
527 2
532 1
533 1
534 2
535 1
536 1
538 1
544 1
547 1
548 2
552 1
561 2
563 1
568 1
569 1
570 1
571 3
573 1
574 1
581 2
584 1
585 1
587 3
589 1
592 1
594 1
597 1
598 1
599 1
600 1
602 1
603 2
604 1
607 1
608 1
613 1
617 1
619 1
621 1
624 1
625 1
626 1
627 1
643 1
657 1
662 1
663 1
670 1
671 1
675 1
676 1
679 1
693 1
694 2
701 1
707 1
709 1
711 1
714 2
715 1
728 1
730 1
731 1
735 1
755 1
762 1
766 1
767 1
770 1
772 1
776 1
798 1
824 1
835 1
836 1
844 1
854 1
899 1
904 1
916 1
