100 3000 50
0 248725
1 12
2 64
3 148
4 300
5 493
6 679
7 828
8 862
9 956
10 913
11 808
12 797
13 633
14 547
15 450
16 373
17 277
18 211
19 149
20 112
21 90
22 71
23 52
24 44
25 35
26 23
27 16
28 11
29 10
30 6
31 16
32 9
33 3
34 6
35 5
36 2
37 1
38 5
39 4
40 4
42 2
43 4
44 5
45 3
46 1
47 2
48 2
49 3
50 3
51 3
52 1
53 2
54 4
56 2
57 1
58 2
59 1
62 2
63 1
64 1
67 1
68 1
69 1
70 1
72 2
75 2
76 1
77 1
80 1
85 1
86 1
87 1
88 1
90 1
91 4
92 1
93 2
94 2
96 1
109 1
112 1
113 1
114 1
120 1
125 1
127 1
129 1
134 1
135 1
136 1
137 1
138 1
141 1
142 2
145 1
152 1
156 1
158 1
159 1
160 1
167 1
168 1
170 1
182 1
185 1
187 2
201 1
202 1
205 1
208 1
215 1
216 1
226 1
232 1
238 1
242 1
248 1
250 1
258 1
261 1
262 1
267 1
273 1
274 1
288 1
289 1
298 1
301 1
308 1
314 1
316 1
317 1
332 2
334 1
336 1
343 1
350 1
351 1
356 1
363 1
364 1
367 3
368 1
373 1
378 1
384 1
385 1
388 2
389 1
391 1
393 1
394 1
413 1
415 1
418 1
420 1
421 1
430 1
432 1
436 2
440 1
444 2
447 1
448 1
449 1
450 1
453 1
455 1
460 1
463 1
464 1
478 1
480 1
482 1
484 1
486 2
490 1
496 2
502 1
503 1
505 1
508 1
510 1
511 2
516 2
520 1
521 1
522 1
523 1
526 1
527 1
531 1
532 1
536 1
539 3
541 1
542 1
547 1
550 1
555 2
556 3
558 1
560 1
562 1
563 1
564 1
565 1
567 1
571 1
573 2
574 1
575 1
576 2
579 1
580 1
583 1
586 1
588 1
589 2
591 2
592 1
593 1
595 2
596 2
598 2
599 2
600 1
603 1
604 1
605 1
606 1
609 2
610 1
612 2
614 2
615 1
617 1
620 1
622 1
624 1
630 2
631 1
634 1
637 3
638 1
642 1
643 1
644 1
651 2
654 1
659 1
663 2
666 2
667 1
668 1
670 1
671 1
672 2
677 1
678 1
683 1
688 1
689 1
690 1
693 1
695 1
696 1
704 1
707 1
712 1
715 1
717 1
720 1
722 2
726 1
729 1
730 2
732 2
735 1
737 1
738 2
740 2
742 2
744 2
746 1
747 1
751 1
755 2
758 1
760 1
764 1
767 1
768 2
769 1
771 1
773 1
774 1
782 2
784 1
787 1
791 1
792 2
795 2
796 1
799 1
802 1
803 1
809 1
810 1
818 1
821 1
822 1
823 1
828 1
836 1
842 1
846 1
847 1
848 2
849 1
860 2
862 1
865 2
872 2
873 1
875 1
879 1
887 1
888 1
890 2
891 1
892 1
895 1
905 1
906 1
910 1
913 1
914 1
923 1
924 1
927 1
934 1
937 1
938 2
944 1
945 1
948 1
949 1
952 1
972 1
1016 1
1023 1
