100 3000 50
0 247789
1 23
2 111
3 264
4 483
5 689
6 856
7 1038
8 1086
9 1116
10 1009
11 893
12 753
13 606
14 488
15 383
16 271
17 236
18 155
19 136
20 86
21 59
22 55
23 29
24 25
25 22
26 15
27 17
28 11
29 10
30 6
31 6
32 4
33 4
34 5
35 6
36 2
37 6
38 3
39 3
40 1
41 2
42 5
43 1
44 2
45 5
47 1
48 4
49 2
51 1
52 1
53 1
55 1
59 1
62 3
64 3
65 1
69 1
72 2
73 2
74 1
75 1
77 1
79 1
80 1
85 1
86 1
87 1
88 2
91 2
92 1
95 1
96 1
97 1
99 1
100 1
101 1
103 2
105 2
106 2
108 1
112 1
114 1
123 1
127 1
130 1
132 1
134 1
138 2
140 1
142 1
149 2
158 1
159 1
160 1
167 1
170 1
183 1
202 1
205 1
209 1
211 2
216 1
218 1
225 1
226 1
232 1
233 1
234 1
248 2
250 1
258 2
265 1
273 1
275 1
277 1
292 1
294 1
299 1
300 1
301 1
309 1
310 1
316 1
317 1
319 1
328 1
331 2
335 1
338 1
341 1
347 1
350 1
351 1
355 1
357 2
358 1
359 1
361 1
362 1
366 1
368 1
379 1
380 1
386 1
389 1
390 1
391 1
396 1
399 1
401 1
405 1
411 2
412 1
421 2
425 1
432 1
436 1
437 1
439 1
440 1
441 1
442 1
447 1
458 1
465 1
467 1
474 1
480 1
484 1
485 2
488 1
489 1
491 1
494 1
496 1
502 2
508 1
510 2
511 2
514 2
516 1
519 1
522 1
524 2
529 1
530 1
532 1
536 1
537 1
538 2
543 1
545 1
546 1
547 1
549 1
550 1
551 1
553 1
555 1
557 1
559 2
560 3
562 1
566 1
567 2
570 2
571 1
573 1
574 1
575 1
576 1
578 2
580 1
583 1
584 1
588 2
589 1
590 2
591 1
595 1
598 3
600 1
602 1
603 1
604 1
607 1
611 2
613 2
615 1
616 1
619 1
622 2
623 1
624 1
625 1
626 1
627 2
628 1
631 1
633 2
635 2
636 1
639 1
641 1
649 2
651 2
652 1
654 1
657 1
662 1
665 1
667 2
669 1
672 1
677 1
681 1
684 1
686 1
689 2
690 1
692 1
695 1
698 1
700 1
701 1
703 1
709 1
710 2
717 1
720 1
723 1
725 1
732 1
735 1
740 1
743 1
745 1
746 1
747 1
755 2
756 1
758 3
760 2
763 2
766 1
770 1
773 1
774 2
776 1
777 2
778 2
781 1
782 2
787 1
793 1
795 1
797 1
799 1
800 1
801 1
804 1
805 2
810 1
811 1
813 1
814 1
815 1
818 1
820 1
822 1
824 2
827 1
832 2
834 1
835 1
841 1
842 1
844 1
849 1
851 1
853 1
857 1
858 1
869 1
872 1
876 1
877 2
880 1
883 1
887 1
888 1
900 1
901 1
902 1
903 1
917 1
918 1
922 1
931 1
934 1
938 1
939 1
941 1
947 1
949 1
951 1
957 1
980 1
983 1
990 1
994 1
1025 1
