100 1000 50
0 90963
1 16
2 54
3 130
4 234
5 261
6 345
7 372
8 403
9 348
10 339
11 294
12 212
13 199
14 145
15 117
16 97
17 67
18 59
19 44
20 39
21 26
22 19
23 18
24 14
25 7
26 7
27 9
28 9
29 4
30 5
31 3
32 8
33 4
34 2
35 2
36 3
37 2
38 1
39 2
40 3
42 1
43 1
44 2
45 1
46 1
47 3
49 3
50 2
51 3
53 4
54 1
55 1
56 1
57 1
58 1
59 1
61 1
69 1
72 1
77 1
81 1
82 1
83 1
86 1
87 1
90 2
91 1
92 1
93 1
94 1
95 2
96 1
98 2
101 1
102 1
103 1
104 1
105 1
106 1
107 1
109 1
114 1
118 1
119 1
120 2
127 1
129 1
130 1
133 2
137 2
138 1
142 1
143 1
146 2
147 1
153 1
154 1
155 1
163 1
166 2
170 1
171 2
172 1
173 1
174 1
175 1
176 2
179 1
180 1
181 1
184 1
186 1
187 1
188 1
191 3
193 1
194 1
196 3
197 1
198 1
200 1
203 1
204 1
205 2
206 1
207 2
208 1
209 1
213 2
214 1
215 2
216 1
217 1
218 1
219 2
221 1
222 2
223 1
224 1
225 3
226 2
227 2
228 2
229 1
232 2
233 1
235 3
236 2
237 1
239 1
240 2
241 1
242 2
243 1
244 2
245 1
246 1
249 1
250 3
252 1
253 2
254 1
255 2
256 2
258 2
259 2
262 1
263 1
264 1
265 2
266 1
267 3
268 3
269 2
270 1
273 1
274 5
275 1
276 1
277 2
278 2
279 1
280 2
281 2
282 1
283 3
284 3
285 2
286 1
287 1
289 3
290 1
291 4
292 2
293 2
294 2
295 2
296 1
297 2
298 3
299 1
300 4
301 1
302 2
303 4
304 1
307 3
309 1
310 1
311 2
314 2
318 1
319 1
320 1
322 2
326 1
328 1
329 1
331 1
333 3
334 2
335 3
336 1
338 2
339 3
349 1
