100 3000 50
0 228776
1 969
2 1856
3 2253
4 2624
5 2640
6 2479
7 2191
8 1985
9 1737
10 1573
11 1413
12 1204
13 1029
14 856
15 690
16 621
17 534
18 444
19 389
20 331
21 284
22 275
23 239
24 191
25 154
26 130
27 140
28 108
29 103
30 72
31 69
32 62
33 58
34 52
35 48
36 50
37 44
38 35
39 28
40 28
41 28
42 21
43 14
44 25
45 13
46 20
47 22
48 18
49 12
50 7
51 9
52 7
53 12
54 11
55 7
56 6
57 10
58 6
59 8
60 11
61 4
62 4
63 1
64 2
65 5
66 4
67 1
68 2
69 3
70 3
71 5
72 4
73 4
74 4
75 2
76 5
78 4
79 3
80 1
81 5
82 1
83 1
84 4
85 4
86 2
87 2
88 1
89 1
90 1
92 1
94 1
97 1
98 5
99 1
102 1
104 1
107 2
109 1
111 3
114 1
115 1
117 1
121 1
122 1
124 1
128 1
130 1
131 1
132 1
133 1
138 1
148 1
152 1
187 1
196 1
