100 3000 50
0 246890
1 41
2 197
3 386
4 722
5 916
6 1125
7 1183
8 1238
9 1217
10 1054
11 843
12 730
13 551
14 445
15 333
16 225
17 171
18 110
19 91
20 61
21 46
22 35
23 23
24 20
25 19
26 11
27 12
28 8
29 9
30 7
31 8
32 8
33 2
34 3
35 5
36 1
37 2
38 1
39 2
40 4
42 3
43 3
44 3
45 2
46 1
47 2
48 2
49 2
51 1
52 1
55 2
56 1
57 1
60 2
61 1
62 3
63 1
65 3
66 1
67 2
68 1
70 1
74 1
75 1
77 1
78 2
79 1
80 2
81 2
83 1
85 1
88 1
89 1
90 1
96 1
97 1
99 1
101 1
103 1
109 2
113 1
116 1
118 2
119 1
121 1
124 1
125 2
128 1
129 1
130 1
137 1
138 1
139 1
142 1
146 2
147 1
148 1
149 1
151 1
154 1
156 1
159 1
162 1
166 1
175 1
178 1
179 1
181 1
186 1
187 1
190 1
196 1
204 2
206 1
219 1
222 1
227 1
230 1
236 1
237 1
238 1
242 1
257 1
260 1
261 1
265 1
266 1
272 1
285 1
288 1
290 1
291 1
293 1
298 1
302 1
305 1
307 1
320 1
324 1
328 1
333 1
340 1
343 1
356 1
361 1
363 1
365 1
370 1
378 1
379 3
386 1
387 1
389 1
391 2
393 1
394 1
398 1
401 2
405 1
407 1
408 1
416 1
418 1
426 2
428 1
429 2
430 2
435 1
438 1
448 1
462 1
463 2
478 1
479 2
480 1
483 1
484 1
485 1
487 1
489 1
491 1
496 1
498 1
501 2
504 1
513 1
521 1
523 1
530 1
531 1
535 1
536 1
537 1
538 1
539 2
540 1
541 1
542 1
543 1
545 2
546 2
548 3
555 2
556 1
557 1
558 2
559 3
562 1
563 2
565 3
566 2
567 1
570 2
571 1
572 1
575 3
576 1
578 1
581 2
583 1
585 1
587 1
588 1
589 1
590 1
591 1
592 2
593 1
594 2
597 1
599 1
602 1
603 2
605 1
606 1
607 1
609 1
610 2
614 2
620 1
622 1
623 1
632 1
633 1
638 1
642 2
643 1
644 2
658 1
660 1
661 1
666 1
667 2
671 1
675 1
678 1
679 1
681 2
687 3
688 1
689 1
693 2
694 1
702 1
705 1
707 1
712 1
714 1
718 1
721 2
722 1
723 1
724 2
726 1
731 1
733 1
734 1
736 1
740 1
742 1
743 1
746 1
747 1
748 1
757 1
760 1
761 1
763 1
766 1
768 2
771 1
773 1
774 1
775 1
776 1
778 1
780 2
782 1
784 1
787 1
788 1
790 2
791 1
792 1
793 1
795 2
797 1
799 1
808 1
809 1
821 2
823 1
826 1
828 1
829 1
832 1
839 1
845 1
846 1
849 1
850 1
854 1
858 1
864 2
865 1
868 2
869 1
871 1
875 1
876 1
879 1
880 1
882 1
884 1
885 1
890 1
892 1
895 1
899 1
907 1
908 1
920 1
924 2
926 1
937 1
945 1
952 1
954 1
958 1
959 1
960 1
969 1
984 1
985 1
992 1
1011 1
1021 1
1046 1
