100 3000 50
0 237662
1 586
2 1227
3 1710
4 1972
5 2081
6 1963
7 1805
8 1572
9 1218
10 1103
11 878
12 705
13 562
14 487
15 414
16 313
17 288
18 220
19 190
20 178
21 168
22 110
23 115
24 103
25 86
26 75
27 69
28 57
29 57
30 51
31 36
32 47
33 39
34 29
35 29
36 34
37 38
38 24
39 33
40 22
41 19
42 20
43 17
44 11
45 27
46 13
47 12
48 13
49 12
50 14
51 19
52 13
53 11
54 10
55 10
56 8
57 8
58 9
59 12
60 11
61 10
62 6
63 8
64 9
65 6
66 4
67 7
68 3
69 4
70 6
71 3
72 7
73 3
74 3
75 3
76 7
77 2
78 5
79 4
80 6
81 4
82 4
83 10
84 3
85 4
86 5
87 4
88 4
89 3
90 4
92 1
93 4
94 3
95 1
96 3
98 5
99 1
100 2
101 1
102 2
103 3
104 1
105 3
106 1
107 3
108 3
109 2
110 3
111 4
112 5
114 3
115 2
116 4
117 4
118 3
119 1
120 1
121 4
122 1
123 1
124 2
125 1
126 1
127 1
128 2
129 2
130 2
131 1
132 1
133 2
134 2
135 1
136 2
138 2
139 1
140 1
141 1
142 5
143 3
145 2
146 1
147 3
149 2
150 2
151 2
152 3
153 2
155 1
156 3
159 1
160 1
162 1
163 2
164 3
165 2
166 2
167 1
169 1
170 1
171 2
172 3
173 1
175 2
176 1
177 3
178 1
179 1
180 3
181 1
182 6
184 1
188 4
189 2
190 1
191 1
193 4
196 3
197 1
202 1
204 1
207 1
209 1
210 1
215 2
217 2
218 1
219 1
224 1
226 1
227 1
228 1
229 2
231 2
232 2
235 2
236 1
238 1
240 2
242 1
244 2
246 1
247 1
248 1
250 2
251 1
252 1
254 1
255 1
258 1
260 1
261 1
263 1
264 1
265 1
267 1
275 1
276 1
277 1
280 1
282 1
283 2
284 1
289 1
290 1
293 2
297 3
299 1
300 1
301 1
302 2
303 1
304 1
305 1
310 1
312 1
314 1
318 3
319 1
323 2
324 2
325 1
326 2
327 1
333 1
339 4
340 2
343 1
345 1
347 1
349 2
351 1
353 1
354 1
364 2
366 1
369 1
370 1
373 1
374 1
377 1
382 1
386 3
387 2
394 1
396 1
399 2
406 1
407 1
409 1
414 1
415 1
418 1
421 1
428 1
430 1
432 1
434 1
438 3
441 1
447 1
456 1
462 1
464 1
468 1
475 1
477 1
481 1
482 1
488 1
491 1
492 1
493 1
496 1
500 2
507 1
516 1
525 2
526 1
533 1
541 1
544 1
553 1
556 1
557 1
559 1
562 1
564 1
566 1
568 1
570 1
576 1
580 2
589 1
595 1
596 1
625 1
627 1
630 1
646 1
650 1
663 1
693 1
696 1
702 1
707 1
722 1
726 1
739 1
754 1
768 1
