100 1000 50
0 91673
1 6
2 17
3 42
4 72
5 119
6 186
7 229
8 247
9 265
10 256
11 264
12 250
13 206
14 182
15 139
16 129
17 105
18 69
19 66
20 76
21 45
22 40
23 29
24 24
25 22
26 20
27 12
28 15
29 7
30 10
31 7
32 9
33 6
34 5
35 2
36 5
37 9
38 4
40 2
41 3
42 2
43 1
44 2
47 2
48 4
49 2
50 1
52 2
54 2
55 2
56 1
57 3
58 4
62 2
65 1
66 3
67 1
68 2
71 1
75 4
76 1
80 4
83 1
85 1
86 2
88 1
97 3
98 1
102 1
104 1
105 1
107 1
108 1
110 1
111 1
112 2
113 1
114 2
115 1
116 1
118 1
120 2
123 2
124 1
125 1
126 1
127 2
128 2
129 1
130 1
133 1
136 2
137 1
138 1
140 1
145 1
152 1
153 1
156 2
159 1
163 1
164 1
166 1
169 1
170 2
172 1
173 1
174 4
178 1
180 1
181 3
184 2
185 3
186 2
187 1
189 1
190 2
191 2
192 1
195 2
196 1
199 1
200 1
202 2
204 1
208 1
211 1
212 1
216 3
219 1
220 1
222 4
223 1
224 1
225 3
226 1
227 1
231 2
232 1
233 3
234 1
235 1
236 2
238 2
240 2
242 1
244 2
245 1
246 1
247 2
248 1
251 2
252 1
253 1
254 1
255 2
256 3
257 1
258 3
259 1
260 2
261 2
262 1
264 1
265 2
266 2
267 1
268 2
270 1
271 1
272 1
273 1
274 5
275 3
276 3
277 1
278 1
279 2
281 2
282 2
284 2
285 2
286 3
287 1
288 1
289 3
290 3
291 1
292 1
294 1
295 1
296 2
297 2
298 1
300 1
301 3
302 2
303 1
304 3
305 3
306 1
307 3
309 1
310 4
313 1
314 1
315 1
316 1
318 2
320 2
321 2
322 1
324 1
326 1
327 2
328 1
329 1
334 1
336 2
338 3
339 1
344 1
354 1
