50 3000 50
0 120358
1 732
2 1098
3 1118
4 1008
5 823
6 691
7 558
8 464
9 324
10 248
11 228
12 174
13 153
14 126
15 101
16 82
17 87
18 75
19 53
20 64
21 56
22 50
23 25
24 39
25 40
26 36
27 32
28 27
29 26
30 23
31 12
32 24
33 15
34 18
35 13
36 3
37 17
38 15
39 10
40 8
41 8
42 10
43 13
44 13
45 6
46 11
47 9
48 8
49 6
50 7
51 10
52 10
53 5
54 4
55 1
56 8
57 6
58 2
59 2
60 2
61 5
62 5
63 4
64 7
65 7
66 5
67 4
68 2
69 1
70 2
71 4
72 4
73 2
74 2
75 7
76 2
77 4
78 3
79 4
80 2
81 2
82 3
83 3
84 4
85 3
86 2
87 1
88 4
89 4
90 1
91 3
92 2
93 3
95 1
96 2
98 3
99 4
100 1
102 5
103 1
104 2
105 2
106 2
107 2
108 3
109 1
110 1
111 4
112 3
113 2
115 1
116 2
117 1
119 1
120 1
122 2
123 1
124 2
125 2
127 1
128 3
129 1
131 3
132 2
134 1
136 1
137 1
138 2
140 2
141 2
142 2
144 2
145 1
146 2
147 1
150 2
151 1
153 2
154 2
156 1
158 1
159 1
160 1
161 1
162 1
163 1
165 4
166 1
169 2
171 2
173 1
174 1
175 1
177 1
178 1
179 1
182 1
183 1
184 1
185 2
187 1
190 1
191 2
193 1
197 1
198 2
200 1
202 1
203 1
204 1
205 1
206 1
208 1
211 1
213 1
218 1
219 1
225 1
226 1
229 2
231 2
233 1
240 2
246 1
249 1
253 1
257 1
258 1
259 1
266 1
268 1
270 1
273 1
275 1
279 1
280 1
282 2
283 1
292 1
297 1
299 2
305 1
313 1
316 1
326 1
330 1
335 1
340 1
341 1
343 2
346 1
347 2
350 1
352 1
360 1
363 1
370 2
372 1
375 1
377 1
378 1
390 1
393 1
395 1
400 2
404 1
414 1
418 1
419 1
424 2
425 2
431 1
432 1
436 1
438 1
446 1
457 1
458 1
461 1
464 1
465 1
468 2
476 1
477 1
478 1
484 1
490 1
491 1
496 1
498 1
501 1
504 1
518 1
521 1
524 1
526 1
534 1
549 1
553 1
555 1
558 1
564 1
567 1
570 1
580 2
583 1
594 1
595 1
598 1
603 1
629 1
673 1
684 1
686 1
688 2
693 1
694 1
718 1
734 1
748 1
756 1
761 1
824 1
865 1
942 1
979 1
