50 3000 50
0 113585
1 1147
2 1386
3 1532
4 1447
5 1311
6 1131
7 974
8 872
9 763
10 674
11 559
12 524
13 452
14 350
15 303
16 279
17 242
18 215
19 183
20 173
21 154
22 111
23 107
24 104
25 77
26 86
27 74
28 72
29 64
30 37
31 54
32 35
33 36
34 44
35 29
36 21
37 22
38 16
39 32
40 20
41 20
42 15
43 16
44 18
45 10
46 17
47 17
48 12
49 9
50 10
51 7
52 3
53 3
54 5
55 2
56 7
57 10
58 8
59 5
60 2
61 6
62 3
63 3
64 1
65 3
66 3
67 2
68 1
69 1
70 1
71 2
72 1
73 1
74 2
75 2
77 2
78 1
79 1
81 1
82 3
83 1
84 1
85 2
86 2
87 1
90 1
91 2
94 2
96 1
100 1
101 2
110 1
113 1
116 1
122 1
123 1
124 1
130 1
140 1
142 1
158 1
217 1
237 1
