50 3000 50
0 121468
1 638
2 1007
3 1066
4 965
5 835
6 660
7 481
8 356
9 269
10 226
11 150
12 157
13 101
14 92
15 65
16 62
17 56
18 45
19 47
20 42
21 39
22 32
23 26
24 19
25 16
26 23
27 19
28 22
29 12
30 15
31 12
32 10
33 15
34 12
35 7
36 9
37 8
38 6
39 9
40 9
41 7
42 7
43 8
44 10
45 8
46 5
47 5
48 7
49 7
50 7
51 5
52 5
53 5
54 5
55 4
56 3
57 5
58 4
59 2
60 3
61 1
63 3
64 5
65 2
66 4
67 4
68 1
69 3
70 3
71 1
72 3
73 3
74 3
75 2
76 2
77 4
78 3
79 2
80 2
81 1
82 5
83 1
85 3
86 1
87 3
88 2
89 2
91 3
92 3
93 2
94 2
96 1
98 2
100 1
101 1
103 2
104 2
105 3
106 1
107 1
108 3
110 1
111 1
112 1
113 1
117 1
118 2
119 4
120 1
121 2
122 3
123 2
125 2
126 2
132 1
134 2
136 1
137 3
139 1
141 2
143 1
144 4
145 1
146 1
147 2
149 1
150 2
153 1
154 3
155 1
156 5
157 2
158 1
159 1
160 3
162 1
166 2
167 2
168 2
170 2
171 1
172 1
178 1
180 1
182 1
183 1
184 1
186 1
187 1
188 4
189 1
191 1
192 1
194 1
197 1
198 1
203 1
205 2
206 1
208 1
213 1
214 1
215 1
217 1
220 1
224 1
226 1
234 1
237 2
239 2
242 1
243 1
245 1
247 1
250 2
255 2
256 1
257 1
258 1
262 1
265 3
266 1
267 3
271 1
279 1
288 1
291 1
295 1
296 1
303 1
310 1
311 1
314 2
317 1
318 1
319 1
328 1
331 1
336 1
337 1
338 1
339 2
344 1
348 1
368 1
375 1
377 1
379 1
380 1
382 1
395 1
399 1
405 1
407 1
414 1
415 1
422 1
424 1
432 1
448 1
451 1
453 1
459 1
465 1
467 1
468 1
470 1
478 1
479 2
483 1
493 1
498 1
499 1
507 1
514 1
516 1
520 1
521 1
523 1
529 1
531 2
535 1
537 1
540 1
547 1
555 1
560 1
562 1
563 1
565 1
569 1
570 1
583 1
586 1
597 3
622 1
625 1
634 1
637 1
643 1
645 1
653 1
654 1
663 1
678 1
689 1
694 1
697 1
701 1
704 1
705 1
718 1
727 1
728 1
733 1
744 1
758 1
765 1
767 2
772 1
779 1
780 1
789 1
791 1
829 1
835 1
838 1
854 1
868 1
892 1
907 1
930 1
942 1
982 1
1049 1
