50 3000 50
0 119181
1 779
2 1118
3 1123
4 1018
5 888
6 761
7 645
8 523
9 402
10 335
11 276
12 233
13 210
14 166
15 176
16 135
17 119
18 90
19 86
20 79
21 69
22 71
23 60
24 52
25 38
26 37
27 37
28 34
29 31
30 31
31 30
32 30
33 24
34 26
35 26
36 24
37 16
38 16
39 18
40 13
41 11
42 16
43 13
44 8
45 9
46 10
47 11
48 8
49 11
50 8
51 10
52 8
53 9
54 6
55 10
56 4
57 5
58 5
59 7
60 7
61 8
62 5
63 3
64 6
65 7
66 9
67 3
68 8
69 3
70 2
71 6
72 5
73 6
74 3
75 5
76 1
77 2
78 6
79 3
80 3
81 3
82 2
83 3
84 3
85 3
86 1
87 3
88 2
89 3
90 4
91 6
92 2
93 2
94 2
96 1
97 2
98 2
99 3
100 4
101 2
102 3
103 3
105 1
106 1
107 3
109 2
110 2
112 1
113 4
114 2
115 3
116 2
117 4
118 3
122 1
123 2
124 1
125 2
126 3
127 1
129 1
130 1
131 4
132 1
135 3
136 2
137 2
139 3
141 1
144 1
145 1
147 2
148 2
149 2
150 1
151 3
152 1
153 2
155 3
156 1
159 2
161 1
162 1
163 2
165 2
167 2
171 1
175 1
178 2
179 1
180 1
182 1
185 1
186 1
190 1
193 2
194 1
200 2
203 1
205 1
206 1
210 2
212 1
218 1
221 2
222 2
225 1
232 1
233 3
234 1
236 2
238 2
242 1
245 2
247 1
248 1
252 1
255 1
256 1
259 1
265 1
270 1
271 2
283 1
284 2
286 1
290 1
295 1
301 1
303 1
304 2
305 1
306 1
311 2
312 1
316 1
318 1
323 1
327 1
330 1
333 1
334 1
336 1
337 1
338 1
340 1
342 2
350 1
351 1
354 1
358 2
366 1
367 1
371 2
380 1
392 2
395 1
399 1
403 1
419 1
420 1
430 1
443 1
458 1
465 1
469 1
472 1
477 1
486 1
494 1
501 1
505 1
527 1
528 1
530 1
543 1
549 1
563 1
566 1
598 1
611 1
623 1
644 1
706 1
741 2
765 1
866 1
