50 3000 50
0 117893
1 839
2 1132
3 1187
4 1080
5 963
6 819
7 713
8 575
9 487
10 407
11 332
12 338
13 269
14 223
15 197
16 169
17 165
18 134
19 101
20 95
21 96
22 80
23 86
24 64
25 61
26 56
27 55
28 51
29 42
30 36
31 37
32 33
33 31
34 42
35 28
36 22
37 24
38 16
39 23
40 14
41 23
42 20
43 13
44 9
45 10
46 8
47 8
48 18
49 7
50 15
51 9
52 9
53 18
54 4
55 10
56 10
57 7
58 6
59 7
60 8
61 8
62 8
63 7
64 6
65 8
66 5
67 8
68 5
69 3
70 4
71 7
72 4
73 2
74 4
75 3
76 5
77 5
78 1
79 2
80 6
81 7
82 5
83 6
84 3
85 5
86 3
87 2
88 4
89 2
90 2
91 4
92 1
93 1
94 3
95 3
96 2
97 2
98 3
99 1
101 2
102 2
103 1
105 1
107 1
108 4
109 1
110 2
111 1
112 4
113 2
114 1
115 1
116 5
117 2
118 2
119 3
120 1
121 2
122 1
123 2
124 2
125 3
126 1
127 4
128 3
129 1
130 2
131 1
133 3
137 1
138 1
141 2
142 2
143 3
144 1
147 1
149 1
150 2
152 1
158 2
160 1
162 1
169 2
172 2
175 1
176 1
177 2
179 1
180 1
181 1
182 3
184 2
187 1
188 1
189 3
192 2
195 1
196 1
199 1
201 2
204 1
206 1
209 1
210 1
211 2
213 1
214 1
216 1
221 2
224 1
226 1
228 1
239 2
242 1
245 1
249 1
250 1
252 1
254 1
262 2
268 1
271 1
283 2
286 1
287 1
291 1
296 1
300 1
301 1
302 2
307 1
311 1
314 1
326 2
333 1
339 1
342 1
369 1
387 1
404 1
407 1
429 1
442 1
494 2
500 1
601 1
605 1
611 1
612 1
669 1
728 1
