50 3000 50
0 125154
1 177
2 429
3 569
4 664
5 603
6 511
7 380
8 284
9 164
10 118
11 67
12 48
13 27
14 21
15 13
16 9
17 18
18 2
19 3
20 4
21 4
22 6
23 2
24 3
26 3
27 3
28 4
29 2
30 1
31 4
32 1
33 4
34 2
35 1
36 2
37 2
38 2
39 1
40 1
41 1
42 2
43 1
46 2
48 3
51 2
52 2
53 1
55 1
58 1
59 1
63 1
64 1
65 2
66 1
68 2
71 1
72 1
73 1
74 2
77 1
78 1
79 1
80 2
82 2
84 1
86 1
88 1
89 1
90 1
92 1
98 1
100 2
103 1
104 1
106 1
107 1
108 1
110 1
112 1
113 1
114 2
115 1
121 1
123 1
124 1
126 1
131 1
133 1
135 2
137 1
144 1
147 1
149 2
153 1
157 1
158 1
160 1
164 1
173 1
175 2
176 1
182 1
186 1
191 1
200 1
201 2
204 1
207 1
208 1
212 1
218 1
239 1
247 1
268 2
270 1
271 1
273 1
297 1
298 1
300 1
301 1
309 2
318 1
319 1
321 1
322 1
324 1
326 1
334 1
335 1
344 1
347 1
356 1
362 1
365 1
366 1
380 1
386 1
401 1
403 1
414 1
417 1
422 1
432 1
434 1
469 1
477 1
481 1
486 1
502 1
535 1
540 1
542 1
546 1
553 1
561 2
570 2
583 2
588 1
593 1
594 1
597 1
627 1
635 1
638 1
642 1
645 1
651 1
660 2
665 1
677 1
683 1
687 2
693 2
694 1
700 1
702 1
706 1
724 1
735 1
742 1
743 1
744 1
746 1
751 1
752 1
762 1
769 1
774 1
777 1
790 1
796 1
805 1
816 1
823 1
825 1
827 1
831 1
833 1
838 1
839 1
840 1
847 1
865 1
866 1
869 1
878 1
879 1
882 2
884 1
885 1
886 1
894 2
923 1
926 1
933 1
936 1
949 1
951 1
962 1
969 1
980 1
981 1
995 1
1002 1
1007 1
1017 1
1020 1
1024 1
1025 1
1029 1
1031 1
1050 1
1053 1
1055 1
1056 1
1063 1
1069 1
1073 1
1077 1
1080 1
1117 1
1129 1
1131 1
1141 1
1153 2
1163 1
1165 1
1176 1
1182 1
1195 1
1217 1
1227 1
1240 1
1255 1
1269 1
1270 1
1284 1
1318 1
