50 3000 50
0 115179
1 961
2 1260
3 1363
4 1285
5 1132
6 1027
7 831
8 763
9 670
10 592
11 468
12 422
13 367
14 350
15 300
16 275
17 208
18 224
19 167
20 162
21 146
22 94
23 122
24 84
25 69
26 67
27 93
28 53
29 68
30 58
31 43
32 38
33 29
34 35
35 34
36 28
37 32
38 29
39 27
40 19
41 26
42 18
43 14
44 9
45 10
46 20
47 14
48 8
49 9
50 15
51 9
52 9
53 7
54 9
55 12
56 5
57 9
58 8
59 8
60 10
61 4
62 7
63 9
64 4
65 1
66 1
67 7
68 4
69 7
70 3
71 3
73 2
74 8
75 3
76 2
77 4
78 4
79 5
80 2
81 1
82 2
83 2
85 3
86 2
87 2
88 1
89 2
91 3
93 2
94 3
95 3
96 3
97 2
98 2
99 1
100 1
102 1
103 1
106 2
107 1
108 2
109 3
111 1
113 2
114 1
117 2
120 1
121 1
122 1
123 1
135 2
138 1
139 1
143 1
147 1
148 1
150 1
151 1
152 1
153 1
160 1
173 1
175 1
204 1
210 1
213 1
249 1
260 1
289 1
295 1
335 1
372 1
