50 3000 50
0 124414
1 266
2 558
3 773
4 765
5 684
6 523
7 418
8 257
9 173
10 101
11 73
12 49
13 40
14 26
15 16
16 20
17 22
18 13
19 10
20 6
21 9
22 5
23 8
24 1
25 3
26 1
27 5
28 2
29 2
31 8
32 1
33 4
34 4
35 2
36 2
37 4
39 1
40 2
41 2
42 1
44 2
45 2
46 5
47 2
48 5
49 1
50 2
51 1
52 3
53 2
54 2
55 3
57 1
58 1
59 2
60 1
61 1
63 3
64 1
65 2
66 1
70 2
71 1
72 1
78 2
80 2
81 2
82 2
88 1
89 1
90 1
91 1
93 2
94 3
95 2
104 1
106 1
107 1
110 2
111 1
114 2
115 1
117 1
121 1
122 1
123 1
124 1
125 1
128 1
129 2
131 1
137 1
139 2
147 1
151 1
152 1
153 3
156 1
158 1
160 1
161 1
162 1
165 1
169 1
170 1
171 1
172 1
173 2
174 2
184 1
188 1
189 1
194 1
198 1
199 1
200 1
203 1
204 1
206 1
208 2
216 2
217 1
222 1
230 1
237 1
240 1
241 1
252 1
255 2
265 1
271 2
272 1
289 1
295 1
298 1
301 1
304 1
319 1
320 1
328 1
333 1
339 1
340 1
344 1
350 1
354 2
373 1
380 1
381 1
389 1
396 1
398 1
401 1
406 1
410 1
430 2
448 1
452 1
454 1
458 1
464 1
472 1
474 1
491 1
494 1
502 1
506 1
507 1
509 1
525 1
529 1
531 1
545 1
550 2
556 1
560 1
566 2
567 1
572 1
576 1
589 1
591 2
592 1
595 1
596 2
599 1
605 1
607 1
611 1
617 1
624 1
627 1
629 1
633 1
638 1
650 1
660 1
666 1
667 1
672 1
675 1
678 2
683 1
686 1
709 1
712 1
714 1
717 1
722 1
728 1
730 1
732 1
734 2
743 2
752 1
753 1
756 1
757 1
769 2
774 1
776 1
779 1
780 1
784 1
798 1
801 1
803 1
808 1
832 1
842 1
843 1
845 1
858 1
874 1
875 1
883 1
928 1
931 1
939 1
940 1
942 1
944 1
956 1
962 1
976 2
981 1
982 1
986 1
1001 1
1003 1
1024 1
1039 1
1042 1
1047 2
1060 1
1062 1
1063 1
1067 1
1080 1
1087 1
1092 1
1103 1
1141 1
1147 1
1170 1
1200 1
1205 1
1216 2
1238 1
1244 1
1270 1
