50 3000 50
0 123898
1 367
2 690
3 841
4 833
5 690
6 571
7 404
8 256
9 165
10 108
11 81
12 65
13 42
14 30
15 28
16 25
17 12
18 20
19 14
20 10
21 10
22 9
23 6
24 7
25 11
26 10
27 4
28 5
29 4
30 3
31 4
32 6
33 4
34 3
35 2
36 3
37 4
38 4
40 2
41 2
42 2
43 1
44 3
45 1
46 3
49 2
50 2
51 4
53 2
55 2
56 2
57 2
59 2
61 3
62 2
63 3
64 3
65 4
66 2
67 3
68 1
70 1
72 1
74 1
77 3
78 1
79 2
81 2
82 2
85 2
88 2
89 1
90 1
92 3
96 2
98 1
99 3
103 1
104 1
107 3
110 1
111 1
113 1
115 1
116 2
118 1
119 2
124 2
128 1
130 2
132 1
134 1
141 2
142 2
143 1
145 1
148 2
150 1
151 1
154 1
159 1
166 1
167 2
169 1
171 1
174 1
175 1
176 2
178 1
179 1
180 1
184 2
185 1
186 1
188 1
190 1
193 1
196 2
198 1
199 1
201 1
202 1
207 2
210 1
211 1
216 1
223 1
227 2
229 1
230 1
236 1
239 1
244 1
250 1
254 1
255 1
259 1
262 1
266 1
271 1
273 1
280 1
294 2
295 1
300 1
304 1
308 1
323 1
333 1
340 1
342 1
346 1
349 1
357 1
358 1
368 1
373 1
376 2
377 1
381 1
392 1
393 1
394 1
398 2
408 2
431 1
448 1
452 1
454 1
456 1
457 1
460 1
464 1
465 1
473 1
479 1
482 1
491 2
504 1
505 1
510 1
524 1
525 1
526 1
527 1
528 1
535 1
536 1
539 1
540 1
543 1
545 1
548 1
552 1
554 1
555 1
561 1
563 1
569 1
581 1
583 1
584 1
586 1
590 1
593 1
596 1
597 2
604 1
610 2
614 1
625 1
632 1
640 1
643 1
645 1
653 1
656 1
658 1
663 1
669 1
672 1
678 1
680 1
682 1
685 1
698 1
703 1
706 1
708 1
719 1
735 1
739 1
748 1
758 1
759 1
766 1
773 1
775 1
782 1
783 1
788 1
792 2
799 1
811 1
817 2
842 1
844 1
867 1
870 1
874 1
886 1
906 1
935 1
938 1
950 1
955 1
964 1
975 1
981 1
984 1
986 1
988 1
991 1
994 1
998 1
1018 1
1025 1
1027 2
1030 1
1032 1
1038 1
1076 1
1083 1
1088 1
1098 1
1131 1
1135 1
1136 1
1193 1
1195 1
1204 1
1206 1
1223 1
