50 3000 50
0 122434
1 603
2 925
3 1010
4 932
5 776
6 560
7 432
8 301
9 217
10 160
11 108
12 104
13 95
14 71
15 53
16 53
17 41
18 15
19 34
20 23
21 16
22 30
23 12
24 19
25 12
26 12
27 11
28 13
29 9
30 17
31 14
32 6
33 11
34 10
35 7
36 7
37 4
38 5
39 5
40 4
41 5
42 3
43 2
44 4
45 4
46 3
47 7
48 7
49 1
50 3
51 4
52 2
53 4
54 4
55 1
56 1
57 4
58 3
59 3
60 5
61 2
62 3
64 2
65 4
66 1
67 2
68 1
69 4
70 5
71 1
72 3
73 1
74 1
75 3
76 2
77 1
78 3
80 1
81 1
82 1
83 2
84 2
85 1
88 1
89 2
90 2
91 2
92 2
96 1
97 3
98 2
99 4
101 1
102 1
103 1
104 1
107 3
108 3
109 1
110 1
112 1
113 1
114 1
115 3
116 2
120 1
123 1
124 3
125 1
126 1
127 2
131 2
132 2
134 1
135 2
139 3
140 2
142 1
144 2
145 1
146 1
148 1
152 4
156 3
157 1
159 1
162 1
163 1
166 1
167 1
170 1
172 1
173 1
177 2
179 1
180 2
183 1
190 1
192 2
193 2
195 1
196 3
200 2
204 1
206 1
210 1
211 1
212 2
213 2
216 1
219 1
220 1
222 1
223 1
224 1
225 1
226 1
227 1
231 1
234 1
238 1
241 1
244 2
245 1
254 3
255 1
260 2
261 1
265 1
271 3
281 1
285 1
287 1
289 1
291 2
302 1
303 1
306 1
307 1
309 1
312 1
315 1
321 1
323 1
324 1
327 2
328 1
341 1
344 1
345 1
350 1
356 2
358 1
360 1
368 1
374 2
382 1
385 1
386 1
388 1
393 1
396 1
405 1
406 1
413 2
415 1
416 1
417 1
425 1
427 1
428 1
431 1
432 1
434 1
450 1
454 1
463 1
469 1
470 1
474 1
492 2
509 1
513 1
519 1
528 1
534 1
540 2
542 1
547 1
548 1
551 1
562 1
567 2
568 1
570 1
575 1
588 2
594 1
597 1
598 1
602 1
611 1
622 1
629 1
634 1
641 1
643 1
656 1
657 1
659 1
664 1
665 1
674 1
675 1
676 1
677 1
684 1
693 1
707 1
710 1
711 1
718 1
726 1
733 1
741 1
742 1
751 1
752 1
753 1
760 1
774 1
793 2
824 1
833 1
841 1
847 1
854 1
858 1
861 1
870 1
874 1
880 1
887 1
899 1
920 2
923 1
928 1
947 1
949 1
952 1
966 1
976 1
983 1
986 1
987 1
1016 1
1018 1
1120 1
