50 3000 50
0 124818
1 224
2 480
3 652
4 709
5 652
6 512
7 397
8 261
9 177
10 130
11 74
12 51
13 31
14 15
15 13
16 17
17 7
18 6
19 9
20 5
21 3
22 6
23 5
24 3
25 1
26 2
27 5
28 2
29 1
30 5
31 4
32 1
33 3
34 3
35 3
36 3
37 1
38 1
39 2
40 1
41 4
43 4
44 1
47 4
49 3
53 1
54 2
57 1
58 1
59 2
60 1
63 1
65 1
66 1
67 1
68 1
69 1
71 2
72 1
73 1
75 1
77 1
78 1
80 1
81 1
84 2
85 1
86 2
88 1
89 1
91 1
94 3
97 1
98 1
99 2
100 2
101 1
102 1
103 1
105 2
106 1
107 1
112 1
117 3
119 1
121 1
125 1
126 1
132 1
133 1
138 2
142 3
144 1
145 1
149 2
153 2
157 1
163 1
166 1
168 1
170 1
171 1
173 1
174 1
179 1
180 1
182 1
195 1
198 1
202 1
205 1
212 2
213 1
223 1
238 1
241 1
255 1
260 1
261 1
264 1
266 1
271 1
272 2
273 1
285 1
308 1
311 1
317 1
322 1
326 1
327 1
329 1
333 1
338 1
339 1
341 2
346 1
356 1
357 1
359 1
365 1
369 1
371 1
384 1
385 1
387 1
408 1
418 1
429 1
432 1
434 1
441 1
443 1
457 2
461 1
477 1
481 1
493 1
500 1
534 1
544 1
546 1
552 1
556 1
565 1
580 1
581 1
586 1
587 1
599 1
603 1
607 1
608 1
613 1
615 1
619 1
622 1
626 1
630 1
632 2
638 1
639 1
645 1
650 1
671 1
673 1
677 2
679 1
684 1
685 1
689 1
702 1
712 1
716 1
723 1
726 1
743 1
745 1
750 1
756 2
758 1
763 1
765 1
774 1
776 1
784 1
786 1
793 1
794 1
796 1
801 1
805 1
808 1
809 1
811 2
821 1
829 1
832 1
843 1
844 1
847 1
854 1
861 1
863 1
867 2
874 1
877 1
881 1
888 1
912 1
925 1
946 1
950 1
960 1
988 1
990 2
992 1
1003 1
1010 1
1013 1
1015 2
1030 1
1037 1
1050 1
1054 1
1065 1
1066 1
1070 1
1082 1
1096 1
1107 1
1108 1
1112 1
1136 1
1138 1
1158 1
1167 1
1176 1
1192 1
1202 1
1205 1
1214 1
1215 1
1253 1
1256 1
1279 1
1305 1
