50 3000 50
0 116578
1 864
2 1212
3 1261
4 1162
5 1035
6 900
7 759
8 648
9 588
10 495
11 430
12 366
13 307
14 283
15 258
16 205
17 204
18 172
19 131
20 139
21 98
22 108
23 95
24 89
25 73
26 80
27 63
28 57
29 47
30 39
31 42
32 49
33 39
34 31
35 30
36 29
37 16
38 31
39 23
40 19
41 27
42 24
43 20
44 13
45 17
46 15
47 8
48 16
49 11
50 13
51 10
52 12
53 12
54 10
55 15
56 7
57 8
58 5
59 7
60 5
61 6
62 7
63 2
64 11
65 3
66 5
67 5
68 5
69 8
70 9
71 4
72 5
73 8
74 4
75 6
76 3
77 4
78 3
79 2
80 1
81 2
82 4
83 3
85 6
86 1
87 1
88 2
89 4
90 1
91 3
92 1
93 2
94 2
95 4
96 4
97 2
99 3
100 1
101 1
102 3
103 4
104 3
105 3
106 2
109 2
110 1
112 1
113 4
115 1
116 1
117 1
119 2
121 2
122 1
123 1
124 1
125 2
126 2
128 2
129 1
132 2
133 1
135 1
136 1
137 1
140 2
141 3
144 1
145 1
146 1
147 1
149 1
151 2
152 1
153 2
154 1
156 2
158 1
160 1
162 1
166 3
172 1
184 2
185 1
191 1
198 1
200 2
201 2
202 2
203 1
207 1
215 1
218 1
229 1
240 1
242 1
245 1
250 1
282 1
283 1
316 1
317 1
340 1
341 1
421 1
435 1
461 1
509 1
539 1
544 1
