50 3000 50
0 123259
1 481
2 830
3 939
4 859
5 715
6 557
7 392
8 284
9 182
10 134
11 97
12 74
13 56
14 45
15 37
16 32
17 24
18 21
19 23
20 22
21 9
22 15
23 14
24 13
25 7
26 7
27 8
28 10
29 9
30 8
31 10
32 4
33 6
34 2
35 6
36 5
37 11
38 9
40 5
41 6
42 2
43 3
44 1
45 2
46 3
47 3
48 6
49 2
50 1
51 2
52 5
53 3
54 1
55 2
59 2
60 2
62 2
63 2
64 2
65 1
66 1
68 2
70 1
71 1
72 1
73 1
74 2
75 3
76 1
77 1
78 2
79 1
80 5
81 1
82 2
83 2
85 1
86 1
87 1
89 2
90 1
91 1
92 2
93 1
94 1
95 1
96 4
97 5
98 1
102 3
104 1
109 1
110 3
111 1
116 1
119 2
121 2
124 1
125 1
127 2
128 1
131 1
134 2
135 2
136 1
138 1
139 1
140 1
143 1
144 1
146 1
148 1
154 1
155 2
159 1
160 1
161 3
162 1
163 1
164 2
168 2
171 1
172 1
173 1
175 1
180 1
185 2
186 1
188 2
189 1
197 1
199 2
207 1
208 1
211 1
214 2
216 1
218 1
220 2
224 1
225 1
227 1
229 1
236 1
240 2
242 1
243 1
248 1
250 1
256 2
260 1
264 1
268 1
274 2
286 1
288 2
293 1
296 1
299 2
300 1
302 1
310 1
316 1
319 1
324 1
325 1
339 1
341 1
344 1
345 1
347 1
358 1
359 1
361 1
363 1
365 2
367 1
375 1
377 2
383 1
393 1
396 1
399 1
401 1
402 1
405 1
410 1
414 1
417 1
423 1
427 1
429 1
443 1
450 1
453 1
455 1
470 1
471 1
474 1
475 1
477 1
479 1
484 1
485 1
492 1
494 1
496 1
498 1
506 1
507 1
508 1
509 1
512 1
515 1
517 1
521 1
524 1
542 1
561 1
563 1
566 1
570 2
580 1
581 1
585 1
588 1
589 1
596 1
598 1
611 1
617 1
619 1
625 1
626 1
631 1
636 1
637 1
651 1
660 1
661 1
662 1
669 1
695 1
702 1
703 1
704 1
709 1
710 1
714 1
722 1
725 1
727 1
728 1
730 1
744 1
749 1
754 1
765 2
782 1
786 1
787 1
790 1
793 1
820 1
821 1
823 1
829 1
848 1
857 1
879 1
885 1
898 1
901 1
908 1
915 1
922 1
934 1
936 1
938 1
952 1
954 1
959 1
974 1
980 1
996 2
997 1
1002 1
1019 1
1026 1
1048 1
1065 1
1077 1
1082 1
1097 1
1116 1
1129 1
1149 1
1150 1
