50 3000 50
0 125400
1 141
2 327
3 520
4 603
5 602
6 517
7 398
8 271
9 182
10 120
11 62
12 31
13 40
14 21
15 12
16 4
17 8
18 5
19 7
20 3
21 3
22 8
23 2
24 3
25 3
26 4
27 3
28 1
29 3
30 1
31 2
33 1
34 3
35 2
36 1
37 3
38 3
39 2
40 2
41 4
42 1
44 1
45 1
47 1
48 2
49 2
50 1
51 2
52 1
53 1
54 1
59 2
60 3
61 1
62 1
66 2
68 2
69 2
72 1
74 2
76 2
77 1
78 1
83 1
92 1
93 2
95 1
98 1
100 1
103 2
104 1
107 1
109 1
114 1
116 1
117 1
121 1
124 2
126 2
127 1
131 1
132 1
139 1
141 1
143 2
148 1
156 1
158 1
163 1
178 1
184 1
192 1
196 1
198 1
201 1
205 1
211 1
218 1
220 1
223 1
226 1
240 1
248 1
250 1
264 1
275 1
279 1
280 1
285 1
289 1
298 1
299 1
302 1
316 1
323 1
325 1
338 1
355 1
356 1
357 1
358 1
363 1
378 1
379 1
391 1
407 2
409 1
410 1
414 1
418 1
423 2
434 1
438 1
440 1
472 1
476 1
510 1
514 1
522 1
541 1
548 1
572 1
579 1
582 1
584 1
586 1
593 1
601 1
613 1
619 1
620 1
627 1
638 1
649 1
658 1
663 1
664 1
671 1
672 1
673 1
676 1
686 1
691 1
694 1
697 1
700 2
717 1
724 1
725 1
729 1
740 1
741 1
746 1
756 2
757 1
760 1
776 1
787 1
790 1
801 1
806 1
811 1
819 1
824 1
832 1
833 1
835 1
839 1
845 1
847 1
859 1
863 1
867 1
887 1
893 1
900 1
907 1
915 1
919 2
921 1
922 1
935 1
936 1
939 1
941 1
956 1
975 1
980 2
985 1
989 1
994 2
1003 1
1011 1
1012 1
1014 1
1024 1
1038 1
1039 1
1055 1
1057 1
1081 1
1083 1
1090 1
1098 1
1103 1
1106 1
1117 1
1121 1
1126 1
1128 1
1130 1
1133 1
1136 1
1148 1
1162 1
1163 2
1167 1
1179 1
1193 1
1197 1
1240 1
1244 1
1255 1
1266 1
1276 1
1279 1
1288 1
1301 1
1308 1
