200 1000 45
0 150600
1 17561
2 6435
3 3450
4 2234
5 1521
6 1242
7 904
8 735
9 621
10 541
11 472
12 393
13 339
14 268
15 238
16 202
17 212
18 183
19 154
20 146
21 144
22 109
23 105
24 97
25 93
26 78
27 87
28 75
29 57
30 58
31 73
32 48
33 41
34 49
35 49
36 53
37 43
38 34
39 41
40 26
41 32
42 33
43 23
44 30
45 28
46 26
47 21
48 18
49 19
50 19
51 15
52 22
53 11
54 17
55 17
56 8
57 18
58 16
59 5
60 13
61 14
62 6
63 11
64 9
65 11
66 11
67 7
68 12
69 5
70 9
71 4
72 4
73 8
74 6
75 3
76 2
77 4
78 2
79 1
80 1
81 4
82 1
83 4
84 4
85 2
86 5
87 4
88 1
90 4
91 3
93 5
94 2
95 1
96 5
97 1
98 2
99 3
100 1
103 2
104 1
105 3
106 1
107 4
108 1
109 4
110 1
113 2
116 1
119 2
120 1
125 1
129 1
134 1
135 1
136 1
139 1
143 1
155 1
