200 1000 45
0 169400
1 8409
2 3136
3 1711
4 1099
5 766
6 637
7 496
8 398
9 310
10 307
11 271
12 188
13 196
14 159
15 137
16 133
17 122
18 131
19 104
20 93
21 87
22 97
23 74
24 77
25 56
26 56
27 67
28 53
29 53
30 57
31 47
32 45
33 33
34 45
35 30
36 40
37 26
38 34
39 27
40 31
41 23
42 34
43 29
44 16
45 31
46 33
47 25
48 29
49 27
50 21
51 19
52 33
53 16
54 19
55 18
56 13
57 24
58 20
59 15
60 11
61 19
62 20
63 16
64 15
65 17
66 8
67 14
68 14
69 9
70 11
71 11
72 5
73 7
74 14
75 12
76 10
77 8
78 20
79 17
80 7
81 8
82 15
83 9
84 7
85 5
86 10
87 2
88 8
89 4
90 9
91 4
92 5
93 9
94 9
95 7
96 7
97 6
98 1
99 5
100 6
101 7
102 6
103 6
104 5
105 9
106 8
107 3
108 6
109 4
110 4
111 8
112 3
113 6
115 7
116 8
117 5
118 5
119 7
120 6
121 5
122 4
123 3
124 2
125 3
126 5
127 5
129 4
130 1
131 1
132 5
133 2
134 2
135 2
136 2
137 3
138 1
139 5
140 3
141 5
142 2
143 6
144 4
145 3
146 1
147 1
148 1
149 4
151 3
152 4
153 5
154 4
155 2
156 5
158 1
159 1
160 3
161 2
162 4
164 2
166 1
167 1
168 2
170 1
171 1
172 3
173 2
174 1
175 1
176 1
177 1
178 1
181 3
182 2
183 1
185 1
186 3
187 1
189 1
191 1
193 1
195 1
196 2
197 1
198 2
201 1
202 3
203 1
204 1
205 1
208 2
210 1
212 1
213 1
215 1
216 1
218 2
221 2
222 2
225 2
229 1
230 1
232 1
233 1
239 1
240 1
241 1
244 1
248 1
249 2
250 1
251 1
252 1
254 1
255 1
256 1
259 1
260 1
265 1
269 1
272 1
276 2
278 1
279 1
282 1
292 2
294 1
299 1
304 1
305 1
307 1
314 1
321 1
323 1
339 1
343 1
