200 1000 45
0 141200
1 22827
2 8267
3 4342
4 2827
5 1866
6 1493
7 1061
8 920
9 677
10 628
11 515
12 430
13 370
14 278
15 259
16 233
17 201
18 164
19 163
20 143
21 142
22 111
23 107
24 89
25 82
26 75
27 68
28 67
29 60
30 48
31 50
32 45
33 53
34 44
35 34
36 43
37 33
38 32
39 24
40 31
41 28
42 27
43 13
44 18
45 12
46 11
47 15
48 14
49 11
50 11
51 14
52 7
53 10
54 8
55 5
56 16
57 2
58 13
59 6
60 6
61 5
62 3
63 3
64 1
65 3
66 5
67 2
68 4
70 2
71 4
72 3
74 3
75 2
77 2
78 2
79 1
80 4
82 2
83 1
84 2
85 2
89 1
92 1
93 2
94 1
95 1
97 1
99 2
122 1
