200 1000 45
0 182538
1 758
2 278
3 159
4 112
5 76
6 54
7 43
8 35
9 35
10 32
11 19
12 13
13 14
14 17
15 14
16 18
17 6
18 9
19 13
20 8
21 14
22 6
23 7
24 7
25 6
26 4
27 3
28 9
29 2
30 3
31 4
32 5
33 3
34 3
35 4
36 1
37 3
38 5
39 1
40 1
41 3
42 5
43 2
44 4
45 2
46 5
47 3
48 4
50 3
52 6
53 2
54 2
55 3
56 1
58 3
60 2
61 1
62 2
63 1
64 3
65 4
67 2
68 1
69 3
70 4
71 2
72 3
73 2
74 1
75 2
76 3
77 1
78 2
79 1
81 1
82 2
86 3
87 1
88 2
89 3
90 1
91 1
92 1
93 2
95 1
96 2
97 1
101 1
102 3
105 1
106 1
108 1
109 2
114 1
115 1
116 1
117 2
118 1
119 4
120 1
122 1
123 1
125 2
126 2
129 3
130 2
131 1
132 1
133 1
134 1
135 2
137 1
138 1
142 1
143 1
144 2
145 1
146 2
147 2
149 2
152 1
157 1
161 1
162 1
164 1
168 1
170 1
174 1
179 1
181 1
182 1
187 1
189 2
192 1
193 2
195 1
196 1
200 1
201 1
202 1
203 1
214 1
215 1
216 1
217 2
219 1
220 1
221 2
223 1
224 1
227 1
229 1
230 1
234 1
235 2
236 2
240 1
246 1
253 2
274 1
275 2
276 3
281 1
288 1
291 3
296 2
298 1
301 2
303 2
304 1
308 2
310 1
311 1
324 1
327 2
328 1
329 3
330 1
334 1
335 1
341 2
342 1
347 1
354 1
357 1
360 1
364 1
365 1
378 1
379 1
387 1
389 1
392 1
395 1
399 1
401 1
403 2
406 1
412 1
415 1
421 1
424 1
429 1
433 2
442 1
443 1
446 1
449 2
452 1
453 1
454 1
457 1
460 1
463 1
467 1
471 1
474 1
476 1
477 1
478 2
481 1
482 1
483 2
484 1
501 2
502 1
504 1
507 1
514 1
518 1
525 1
527 1
531 1
542 2
551 1
554 1
556 1
564 2
567 1
568 1
574 1
590 1
598 1
600 1
609 1
610 1
615 2
622 2
636 2
637 1
641 1
646 1
650 1
654 1
661 1
663 1
668 1
671 1
673 1
677 1
686 1
693 1
703 1
714 1
715 1
718 1
722 1
727 1
728 1
731 1
753 1
754 1
757 1
759 1
761 1
769 1
773 1
776 1
778 1
780 1
785 1
802 1
811 2
813 1
815 2
820 1
822 1
824 1
830 1
831 2
832 1
836 1
839 1
845 1
849 1
852 1
856 1
857 1
859 2
868 1
870 1
876 1
879 4
882 1
883 1
886 1
887 1
890 1
891 1
893 1
895 1
897 1
904 1
905 1
906 1
908 1
911 1
914 1
917 1
922 1
923 1
924 1
927 1
928 1
938 1
940 1
941 2
943 2
944 1
950 1
951 1
952 1
953 2
957 1
961 1
963 2
965 1
966 1
969 2
970 1
974 1
976 1
977 1
978 1
982 1
983 3
984 3
985 1
987 1
988 1
991 1
992 4
994 2
995 1
996 3
999 2
1000 1
