200 1000 45
0 160000
1 12698
2 4749
3 2574
4 1693
5 1145
6 965
7 695
8 569
9 491
10 399
11 390
12 309
13 258
14 250
15 211
16 169
17 179
18 175
19 151
20 123
21 130
22 115
23 87
24 86
25 87
26 66
27 84
28 68
29 63
30 61
31 57
32 56
33 45
34 49
35 38
36 38
37 49
38 48
39 30
40 30
41 38
42 30
43 31
44 27
45 34
46 36
47 24
48 25
49 20
50 33
51 18
52 23
53 17
54 22
55 19
56 20
57 20
58 12
59 15
60 14
61 13
62 10
63 15
64 19
65 10
66 8
67 12
68 14
69 9
70 15
71 13
72 9
73 9
74 10
75 10
76 7
77 7
78 7
79 9
80 10
81 8
82 12
83 2
84 9
85 7
86 8
87 7
88 7
89 8
90 5
91 6
92 6
93 5
94 5
95 2
96 8
97 2
98 3
99 4
100 7
101 3
102 2
103 1
104 3
105 2
106 4
107 2
108 2
109 2
110 2
111 2
112 3
113 5
114 1
115 3
116 4
117 5
118 3
119 3
120 3
121 2
122 1
123 2
124 2
126 2
127 1
128 3
129 2
130 2
132 1
133 4
135 1
137 1
138 1
141 2
142 1
143 1
144 1
147 1
148 3
149 1
150 2
151 2
152 1
153 3
155 1
160 1
161 1
162 1
163 2
166 1
167 1
169 2
171 1
173 1
179 1
183 1
184 1
193 1
197 1
203 1
208 1
228 1
233 1
240 1
