50 25000 max
0 1240817
1 30627882
2 2002
3 1302
4 868
5 580
6 384
7 242
8 141
9 95
10 82
11 47
12 39
13 35
14 19
15 22
16 22
17 16
18 12
19 18
20 20
21 17
22 10
23 15
24 15
25 11
26 13
27 12
28 9
29 8
30 11
31 13
32 9
33 5
34 8
35 6
36 10
37 6
38 7
39 3
40 6
41 3
42 4
43 6
44 3
45 3
46 1
47 8
49 3
50 1
51 3
52 1
53 2
54 4
55 3
56 2
57 2
58 1
59 2
60 2
61 3
62 1
63 5
64 1
65 1
66 3
67 1
69 1
70 1
71 2
72 1
73 1
74 1
75 3
79 1
80 1
81 1
84 2
85 1
86 2
87 2
88 1
90 1
91 1
98 1
103 1
112 2
115 1
116 1
117 1
126 1
130 1
133 1
136 1
146 1
147 1
157 1
166 1
167 1
183 1
189 1
193 1
1737 1
13418 1
21269 1
23400 1
24164 1
24727 1
25001 44
