50 25000 max
0 1242580
1 30626980
2 1473
3 1059
4 752
5 540
6 359
7 235
8 180
9 136
10 79
11 66
12 56
13 56
14 29
15 23
16 15
17 14
18 11
19 8
20 14
21 14
22 10
23 12
24 11
25 12
26 11
27 15
28 6
29 8
30 6
31 8
32 6
33 8
34 6
35 4
36 7
37 4
38 8
39 1
40 6
41 7
42 2
43 2
44 5
45 3
47 4
48 4
49 4
50 2
51 7
52 2
53 6
54 1
55 3
56 2
57 4
58 3
59 1
60 2
61 2
62 5
63 1
64 3
65 1
66 1
68 1
70 6
71 2
73 2
80 2
85 1
87 1
88 1
90 1
91 1
95 3
98 1
101 1
102 1
104 1
106 1
112 2
113 1
114 1
123 1
124 1
125 2
128 1
131 1
132 1
134 1
135 1
139 1
140 1
153 1
160 1
161 1
195 1
2449 1
14871 1
21665 1
23554 1
24259 1
24727 1
25001 44
