50 25000 max
0 1233044
1 30634176
2 4021
3 1503
4 641
5 278
6 165
7 120
8 110
9 77
10 75
11 70
12 59
13 60
14 48
15 43
16 40
17 29
18 40
19 30
20 28
21 28
22 28
23 16
24 15
25 21
26 18
27 6
28 8
29 7
30 1
31 6
32 10
33 2
34 7
35 7
36 7
37 4
38 3
39 5
40 4
41 3
42 1
43 4
44 1
45 5
46 1
47 1
49 2
50 1
52 2
55 1
57 1
58 5
59 1
60 4
61 2
62 1
63 1
64 1
65 4
66 1
67 1
68 2
69 1
71 2
72 3
74 1
75 1
80 2
81 1
83 1
85 1
87 2
89 1
90 1
93 1
95 1
96 1
99 1
101 2
102 2
106 2
107 3
113 1
115 2
116 1
118 1
122 1
157 1
165 1
167 1
179 1
206 1
213 1
235 1
264 1
328 1
8951 1
20074 1
22867 1
23986 1
24727 2
25001 43
