50 25000 max
0 1241745
1 30627389
2 1719
3 1162
4 851
5 555
6 357
7 235
8 180
9 116
10 78
11 59
12 45
13 39
14 31
15 15
16 24
17 14
18 14
19 13
20 9
21 14
22 13
23 15
24 14
25 12
26 18
27 9
28 5
29 9
30 11
31 7
32 7
33 5
34 7
35 5
36 5
37 6
38 9
39 8
40 4
41 6
42 6
43 3
44 3
45 4
46 4
47 5
49 5
50 2
51 4
52 3
53 1
54 5
56 3
57 3
58 1
59 2
60 2
61 2
62 3
63 1
65 3
66 1
67 3
68 2
69 1
70 1
71 2
74 1
77 2
78 1
81 1
82 2
83 1
84 1
86 1
89 1
92 1
94 1
95 1
96 1
98 2
103 1
109 2
115 1
117 2
121 1
122 1
127 1
131 1
134 1
135 2
157 1
165 1
178 1
180 2
205 1
2071 1
14141 1
21513 1
23526 1
24164 1
24727 1
25001 44
