50 25000 max
0 1238766
1 30629178
2 2612
3 1585
4 884
5 519
6 333
7 199
8 117
9 88
10 60
11 33
12 45
13 35
14 34
15 29
16 30
17 25
18 27
19 17
20 16
21 20
22 24
23 15
24 18
25 10
26 16
27 13
28 5
29 14
30 11
31 16
32 8
33 9
34 4
35 8
36 8
37 7
38 1
39 2
40 4
41 5
42 4
43 5
44 6
45 4
46 1
47 5
48 2
49 3
50 1
51 4
52 2
53 1
54 5
55 2
56 2
57 1
58 1
59 1
60 1
61 1
63 1
64 1
65 2
67 1
68 3
69 1
70 1
71 3
72 2
73 1
74 1
75 1
78 1
79 1
82 1
83 1
85 1
88 1
90 2
92 2
99 1
108 2
109 1
111 1
114 1
116 1
122 2
124 2
128 1
130 1
132 1
147 1
161 1
173 1
199 1
200 1
203 1
1131 1
11888 1
20964 1
23277 1
24164 1
24727 1
25001 44
