50 25000 max
0 1245754
1 30625667
2 608
3 520
4 431
5 375
6 259
7 207
8 192
9 144
10 136
11 92
12 74
13 60
14 46
15 39
16 28
17 27
18 32
19 25
20 12
21 8
22 12
23 13
24 11
25 8
26 2
27 7
28 3
29 1
30 8
31 5
32 5
33 2
34 1
35 3
36 3
37 5
38 4
39 1
40 3
41 7
42 3
43 3
44 3
46 1
47 3
48 1
49 2
50 2
51 6
52 3
54 1
55 3
56 3
57 1
58 1
59 4
60 2
61 4
62 1
63 2
64 2
65 1
66 2
67 2
68 2
69 3
70 1
71 2
72 1
73 1
74 1
75 4
76 1
77 1
78 1
80 1
81 3
82 1
83 1
84 1
86 3
88 2
89 1
90 1
93 1
94 1
95 1
100 1
101 1
109 2
112 1
114 1
116 1
118 1
133 1
134 1
136 1
138 1
139 1
143 1
146 1
158 1
165 1
188 1
206 1
4746 1
17986 1
22195 1
23663 1
24727 2
25001 44
