50 25000 max
0 1246205
1 30625527
2 522
3 450
4 342
5 336
6 234
7 198
8 168
9 139
10 122
11 94
12 103
13 58
14 56
15 31
16 36
17 42
18 30
19 17
20 13
21 13
22 15
23 10
24 10
25 11
26 6
27 6
28 6
29 3
30 5
31 5
32 4
33 4
34 2
35 3
36 4
37 3
39 5
40 2
41 1
42 3
43 8
44 2
45 3
46 2
47 3
48 2
49 2
50 2
51 2
52 2
53 3
54 2
55 2
56 2
57 2
59 1
60 5
61 2
62 2
63 3
64 2
65 1
66 2
67 1
71 3
72 3
73 3
75 1
76 1
79 2
81 2
82 1
83 4
84 1
85 1
87 1
90 1
95 1
97 1
99 2
100 1
104 1
109 1
110 1
114 2
127 1
128 1
130 1
135 1
136 1
141 1
144 2
146 1
154 1
160 2
174 1
206 1
5259 1
18509 1
22298 1
23726 1
24727 2
25001 44
