50 25000 max
0 1243346
1 30626602
2 1230
3 947
4 699
5 520
6 353
7 251
8 204
9 135
10 76
11 75
12 77
13 37
14 34
15 28
16 23
17 19
18 15
19 8
20 13
21 11
22 8
23 9
24 7
25 12
26 12
27 7
28 6
29 7
30 8
31 9
32 5
33 5
34 8
35 6
37 8
38 1
39 3
40 5
41 5
42 2
43 5
44 1
45 3
46 1
47 5
48 2
49 4
50 4
51 4
52 2
53 4
54 3
55 3
56 1
57 2
58 3
59 1
60 5
61 1
62 3
63 2
64 3
65 1
66 3
67 1
68 1
71 5
72 3
73 3
74 1
75 1
77 1
83 1
84 1
86 2
88 1
90 1
91 1
94 2
95 1
97 1
98 1
99 1
101 1
103 1
105 1
107 1
111 1
113 1
115 1
117 1
125 1
127 1
128 1
129 1
135 1
139 1
159 2
165 1
191 1
202 1
2850 1
15582 1
21868 1
23663 1
24354 1
24727 1
25001 44
