50 25000 max
0 1239820
1 30628483
2 2289
3 1487
4 854
5 564
6 361
7 215
8 138
9 107
10 61
11 40
12 31
13 38
14 31
15 13
16 34
17 19
18 15
19 15
20 22
21 15
22 22
23 11
24 14
25 13
26 13
27 17
28 15
29 7
30 7
31 9
32 11
33 8
34 11
35 8
36 10
37 4
38 3
39 4
40 6
41 3
42 3
43 2
44 3
45 4
46 3
47 1
48 5
49 3
50 3
51 4
53 3
54 4
55 1
56 1
57 1
58 1
59 3
60 1
61 1
62 1
63 2
64 3
65 5
66 1
67 2
69 1
70 1
72 3
74 2
75 1
76 1
78 1
79 1
81 1
82 4
85 2
87 1
90 1
91 1
92 1
100 1
108 2
109 1
110 1
111 1
114 1
118 1
123 1
126 1
127 1
129 1
131 1
137 1
149 1
174 2
187 1
209 1
1417 1
12671 1
21113 1
23380 1
24164 1
24727 1
25001 44
