50 25000 max
0 1245252
1 30625825
2 728
3 617
4 499
5 402
6 274
7 238
8 190
9 163
10 121
11 92
12 72
13 62
14 48
15 29
16 37
17 24
18 22
19 12
20 15
21 9
22 7
23 12
24 10
25 5
26 8
27 3
28 4
29 3
30 7
31 4
32 8
33 5
34 6
35 4
36 4
37 2
38 4
39 5
40 3
41 1
42 5
43 3
44 3
45 4
46 4
47 2
48 1
49 6
50 2
51 2
52 5
53 2
54 1
55 1
56 1
57 3
58 4
59 2
60 2
61 1
62 1
63 2
65 2
67 1
68 1
69 1
70 3
72 3
73 2
75 4
76 2
77 1
78 4
79 2
80 1
83 1
86 1
87 1
88 1
90 1
92 1
94 1
95 2
96 1
103 1
104 1
106 1
110 1
115 2
116 2
121 1
125 1
135 1
136 1
137 1
138 1
139 1
143 1
145 1
158 1
161 1
209 1
4211 1
17420 1
22136 1
23663 1
24727 2
25001 44
