50 25000 max
0 1231197
1 30636256
2 4109
3 1368
4 494
5 225
6 144
7 122
8 100
9 96
10 74
11 82
12 66
13 61
14 41
15 56
16 53
17 31
18 45
19 28
20 28
21 26
22 17
23 21
24 18
25 16
26 10
27 6
28 3
29 9
30 11
31 9
32 6
33 6
34 5
35 6
36 3
37 5
38 3
39 2
40 1
42 3
43 2
44 1
45 2
46 2
47 2
48 3
49 2
50 2
51 1
52 1
53 1
54 5
55 1
56 1
57 2
61 1
62 1
63 1
65 2
66 1
68 3
70 1
71 2
72 1
73 1
74 2
75 1
76 1
78 2
79 1
81 2
86 2
87 1
88 1
89 1
90 1
91 1
92 3
93 1
95 1
96 1
97 2
101 1
102 1
103 1
105 2
107 1
109 2
111 1
112 2
115 1
121 1
136 1
144 1
163 1
169 1
170 1
181 1
182 1
206 1
209 1
220 1
8236 1
19886 1
22783 1
23986 1
24727 2
25001 43
