50 25000 max
0 1234723
1 30632526
2 3697
3 1599
4 779
5 357
6 211
7 125
8 81
9 76
10 66
11 68
12 58
13 44
14 35
15 40
16 38
17 37
18 23
19 27
20 34
21 20
22 24
23 26
24 21
25 19
26 15
27 10
28 8
29 11
30 9
31 9
32 9
33 3
34 3
35 5
36 5
37 8
38 7
39 4
40 1
41 1
42 4
44 2
45 4
46 2
47 2
48 2
49 1
50 2
52 4
53 2
54 3
55 3
56 1
57 2
58 1
59 1
60 1
61 1
62 1
63 1
64 1
65 1
66 2
70 2
71 2
72 1
73 2
74 1
75 2
76 1
78 1
80 1
84 1
85 1
86 3
89 1
92 1
95 1
96 1
99 1
100 1
101 1
103 1
104 1
105 1
106 1
107 1
112 2
114 2
119 1
120 1
121 1
122 1
168 1
175 1
185 1
199 1
219 1
243 1
465 1
9715 1
20305 1
23025 1
24091 1
24727 1
25001 44
