50 25000 max
0 1244053
1 30626307
2 1022
3 820
4 639
5 466
6 352
7 243
8 192
9 144
10 111
11 72
12 76
13 49
14 43
15 34
16 26
17 16
18 14
19 15
20 12
21 8
22 10
23 7
24 7
25 9
26 7
27 5
28 7
29 6
30 5
31 10
32 6
34 4
35 6
36 11
37 5
38 4
39 4
41 5
42 4
43 4
44 3
45 3
46 5
47 3
48 3
49 3
50 2
51 2
52 3
53 1
54 3
55 4
56 1
57 6
58 4
59 3
60 4
61 1
64 4
65 3
67 1
68 1
69 3
70 3
71 1
72 2
75 2
76 2
80 2
82 2
87 2
88 2
90 1
91 2
95 1
98 2
101 1
103 1
105 1
109 1
112 1
118 1
120 1
122 1
123 1
124 1
129 1
141 1
143 1
145 1
146 2
156 1
169 1
183 1
188 1
3267 1
16252 1
21992 1
23663 1
24354 1
24727 1
25001 44
