50 25000 max
0 1244700
1 30626027
2 900
3 672
4 568
5 439
6 307
7 255
8 185
9 157
10 118
11 83
12 68
13 64
14 47
15 33
16 25
17 18
18 24
19 10
20 11
21 14
22 7
23 16
24 7
25 5
26 4
27 5
28 6
29 4
30 7
31 5
32 3
33 6
34 5
35 3
36 4
37 8
38 9
39 7
40 4
41 3
42 5
43 2
46 4
47 2
48 1
49 3
50 2
51 2
52 1
53 7
54 1
55 4
56 3
57 2
58 1
59 2
60 1
61 2
63 2
64 5
65 1
66 4
68 1
69 2
71 3
72 2
74 3
75 1
76 2
77 1
78 1
82 1
83 3
84 1
86 1
89 2
90 1
92 1
96 1
102 1
108 1
109 1
110 1
113 1
114 1
115 1
117 1
118 1
120 1
127 1
128 1
132 1
133 1
136 1
146 1
147 1
149 1
153 1
154 1
157 1
178 1
190 1
3746 1
16867 1
22074 1
23663 1
24440 1
24727 1
25001 44
