50 25000 max
0 1229160
1 30638821
2 3950
3 1111
4 349
5 209
6 157
7 130
8 102
9 115
10 79
11 85
12 67
13 79
14 43
15 51
16 50
17 44
18 33
19 27
20 23
21 28
22 19
23 20
24 14
25 12
26 9
27 10
28 9
29 6
30 7
31 4
32 8
33 6
34 7
35 6
36 1
38 2
39 1
40 4
41 3
42 2
43 1
46 1
47 4
48 1
49 1
50 1
51 1
52 2
53 1
54 2
56 3
57 2
58 4
59 5
60 1
61 1
62 2
63 1
64 2
67 1
69 1
70 2
71 1
73 1
76 1
77 1
79 3
80 1
81 1
84 2
85 2
86 2
88 2
90 3
92 1
94 1
95 1
96 2
98 1
99 1
101 1
103 1
105 1
107 1
109 2
110 1
111 1
115 1
125 1
126 2
130 1
138 1
161 1
169 1
170 1
178 1
180 1
190 1
220 1
7568 1
19762 1
22700 1
23986 1
24727 2
25001 43
