50 25000 max
0 1224382
1 30645786
2 2324
3 484
4 280
5 208
6 212
7 167
8 130
9 128
10 103
11 96
12 87
13 69
14 50
15 48
16 37
17 28
18 35
19 26
20 24
21 18
22 12
23 14
24 13
25 10
26 15
27 8
28 12
29 8
30 4
31 7
32 8
33 2
34 4
35 5
36 4
37 2
38 4
39 1
40 1
41 1
43 2
44 4
45 2
46 2
47 2
49 1
50 1
51 2
52 1
54 3
55 3
56 4
57 2
58 3
59 1
61 1
62 5
63 3
64 1
65 1
66 1
67 1
68 1
69 2
72 1
75 1
78 1
80 1
81 2
82 1
83 2
84 1
85 2
87 1
89 2
90 1
92 1
93 2
95 1
96 1
97 1
101 2
102 1
106 2
107 1
113 1
120 1
121 2
124 1
126 1
128 2
131 1
139 1
148 1
153 1
155 1
170 1
172 1
182 1
228 1
6395 1
19245 1
22490 1
23726 1
24727 2
25001 43
