50 25000 max
0 1226875
1 30642000
2 3381
3 788
4 301
5 179
6 182
7 154
8 122
9 114
10 83
11 80
12 93
13 76
14 50
15 57
16 41
17 35
18 32
19 28
20 24
21 26
22 12
23 20
24 15
25 12
26 16
27 7
28 10
29 10
30 1
31 5
32 7
33 4
34 3
35 2
36 1
37 2
38 2
39 5
40 1
41 2
42 2
43 1
44 1
45 1
47 5
48 1
49 2
50 4
51 1
52 1
53 3
55 1
56 3
57 2
58 3
59 1
60 1
61 1
62 5
63 1
64 2
65 1
67 2
68 1
71 1
72 2
73 3
77 1
78 1
82 1
83 1
86 2
87 2
88 1
89 1
90 2
92 1
93 1
96 1
98 1
100 1
101 2
103 2
104 1
108 3
113 1
116 1
118 1
120 1
125 2
132 2
138 1
142 1
149 1
161 1
162 1
171 1
184 1
229 1
6983 1
19527 1
22607 1
23853 1
24727 2
25001 43
