50 25000 max
0 1236175
1 30631234
2 3327
3 1676
4 834
5 396
6 255
7 147
8 103
9 72
10 57
11 54
12 44
13 43
14 45
15 30
16 33
17 35
18 31
19 21
20 23
21 25
22 22
23 19
24 18
25 22
26 18
27 8
28 9
29 7
30 11
31 12
32 6
33 3
34 8
35 7
36 8
37 6
38 6
39 3
40 7
41 4
42 5
43 2
44 3
45 1
46 1
47 4
48 3
49 1
50 1
51 1
52 1
53 4
55 5
56 1
57 1
58 2
59 2
60 1
61 1
62 1
63 2
65 1
66 1
67 1
69 1
73 3
76 1
78 4
81 2
85 2
88 1
89 1
90 1
92 1
98 2
102 1
104 1
106 2
109 1
110 2
112 1
114 1
116 1
117 1
120 1
121 2
141 1
163 1
181 1
182 1
189 1
196 1
235 1
656 1
10424 1
20558 1
23105 1
24164 1
24727 1
25001 44
