100 1000 50
0 89551
1 1
2 10
3 31
4 58
5 94
6 143
7 174
8 237
9 279
10 287
11 326
12 282
13 322
14 278
15 304
16 273
17 267
18 250
19 215
20 218
21 171
22 165
23 154
24 110
25 94
26 91
27 75
28 60
29 68
30 47
31 46
32 42
33 28
34 44
35 28
36 29
37 26
38 26
39 28
40 21
41 16
42 11
43 9
44 11
45 9
46 9
47 9
48 7
49 4
50 5
51 8
52 7
53 6
54 9
55 7
56 2
57 9
58 6
59 4
60 5
61 2
62 3
63 2
64 5
65 4
66 1
67 4
69 5
70 3
71 2
73 4
74 1
76 1
77 2
78 1
79 1
80 2
81 1
82 1
83 2
84 3
85 2
86 2
90 1
92 1
96 1
102 1
106 1
109 1
110 1
