100 1000 50
0 88634
1 12
2 38
3 79
4 137
5 216
6 238
7 327
8 372
9 431
10 453
11 435
12 423
13 374
14 330
15 304
16 286
17 251
18 194
19 209
20 180
21 150
22 131
23 115
24 104
25 82
26 59
27 59
28 45
29 41
30 37
31 34
32 33
33 23
34 28
35 20
36 15
37 14
38 14
39 23
40 13
41 9
42 20
43 14
44 13
45 7
46 5
47 15
48 8
49 5
50 7
51 8
52 6
53 3
54 5
56 4
57 4
58 3
59 3
60 1
61 3
62 1
63 4
64 1
65 3
66 2
67 2
68 2
69 2
70 1
71 3
72 1
73 2
74 3
75 3
77 1
78 4
80 2
81 1
82 1
83 1
84 2
86 2
89 3
90 3
91 1
94 1
95 1
102 2
103 1
106 2
108 2
144 1
