100 1000 50
0 88419
1 9
2 47
3 88
4 161
5 237
6 318
7 393
8 434
9 447
10 435
11 418
12 436
13 364
14 349
15 298
16 272
17 245
18 218
19 197
20 151
21 150
22 122
23 122
24 84
25 93
26 69
27 64
28 43
29 45
30 44
31 46
32 20
33 21
34 31
35 18
36 18
37 19
38 13
39 22
40 8
41 10
42 10
43 9
44 9
45 8
46 7
47 11
48 9
49 8
50 3
51 2
52 3
53 4
54 7
55 6
56 4
57 2
58 1
59 3
61 2
62 5
63 3
64 10
65 1
66 3
67 1
68 1
69 4
70 2
71 3
72 1
73 1
76 1
77 4
78 1
79 1
80 1
82 1
85 1
87 4
89 2
92 2
95 1
103 1
106 1
107 1
117 1
118 1
129 1
137 1
