100 1000 50
0 89334
1 3
2 25
3 40
4 73
5 114
6 172
7 230
8 252
9 296
10 333
11 342
12 370
13 333
14 327
15 296
16 270
17 264
18 247
19 194
20 179
21 168
22 161
23 123
24 101
25 76
26 92
27 83
28 62
29 63
30 52
31 43
32 38
33 35
34 38
35 27
36 24
37 26
38 20
39 13
40 14
41 16
42 12
43 9
44 5
45 10
46 12
47 6
48 17
49 10
50 4
51 2
52 2
53 4
54 6
55 3
56 1
57 4
58 6
59 5
60 4
61 4
62 5
63 6
64 1
65 2
66 4
67 2
68 5
69 1
70 1
71 1
72 3
73 3
74 1
77 5
78 2
79 1
80 3
83 1
85 1
88 4
90 2
91 1
92 1
93 2
94 1
97 1
99 1
101 1
102 1
103 2
104 1
106 1
111 1
115 1
117 1
137 1
139 1
