100 1000 50
0 89594
2 18
3 21
4 52
5 95
6 137
7 171
8 214
9 256
10 293
11 306
12 314
13 331
14 337
15 303
16 274
17 239
18 225
19 191
20 215
21 182
22 150
23 134
24 104
25 107
26 95
27 78
28 74
29 56
30 51
31 56
32 37
33 41
34 37
35 29
36 36
37 34
38 14
39 20
40 11
41 14
42 23
43 16
44 13
45 10
46 11
47 11
48 6
49 6
50 9
51 7
52 3
53 5
54 5
55 7
56 12
57 7
58 5
59 1
60 5
61 1
62 5
63 3
64 4
65 2
66 3
67 2
68 1
69 2
70 1
71 1
72 3
73 1
74 1
76 1
77 2
78 3
79 2
81 2
82 1
83 3
84 1
88 1
89 1
90 1
93 1
100 1
105 4
107 1
108 1
109 1
112 1
137 1
