100 1000 50
0 89394
1 4
2 9
3 43
4 75
5 122
6 157
7 203
8 267
9 319
10 313
11 326
12 343
13 339
14 322
15 280
16 294
17 231
18 196
19 216
20 169
21 180
22 146
23 152
24 114
25 95
26 89
27 78
28 55
29 52
30 59
31 47
32 52
33 36
34 28
35 31
36 24
37 26
38 20
39 16
40 15
41 20
42 17
43 9
44 15
45 8
46 7
47 9
48 6
49 13
50 7
51 8
52 5
53 3
54 5
55 5
56 8
57 5
58 7
59 5
60 5
61 3
62 5
63 3
64 2
65 2
66 2
67 1
68 6
69 3
70 1
71 1
72 2
73 2
75 1
76 1
77 2
78 3
80 1
81 2
82 1
83 1
84 1
85 1
86 1
87 2
90 1
91 1
93 1
95 1
98 2
102 3
115 1
119 1
121 1
133 1
