100 1000 50
0 88915
1 8
2 22
3 53
4 114
5 174
6 238
7 302
8 309
9 365
10 420
11 386
12 384
13 344
14 329
15 337
16 294
17 228
18 231
19 209
20 188
21 140
22 129
23 126
24 108
25 90
26 81
27 68
28 49
29 49
30 47
31 36
32 30
33 27
34 21
35 27
36 19
37 15
38 22
39 14
40 15
41 12
42 7
43 12
44 10
45 10
46 12
47 6
48 9
49 9
50 4
51 5
52 7
53 3
54 7
55 4
56 9
57 1
58 2
59 3
60 2
61 2
62 3
63 4
64 4
65 2
66 1
67 1
68 4
69 2
70 3
71 1
72 2
73 4
74 1
75 2
77 1
78 2
79 2
80 2
82 3
83 2
84 4
86 1
87 2
88 3
90 1
93 1
95 1
97 1
102 1
105 1
109 1
111 1
115 1
116 1
123 1
140 1
