100 1000 50
0 87862
1 15
2 68
3 169
4 222
5 319
6 427
7 436
8 503
9 526
10 505
11 472
12 432
13 402
14 381
15 323
16 319
17 219
18 200
19 174
20 148
21 115
22 104
23 104
24 86
25 73
26 55
27 43
28 54
29 46
30 26
31 38
32 24
33 22
34 26
35 13
36 15
37 16
38 9
39 14
40 7
41 5
42 7
43 3
44 9
45 11
46 7
47 7
48 5
49 5
50 3
51 4
52 3
53 4
54 4
55 7
56 2
57 3
58 3
59 2
60 1
61 2
62 2
63 3
64 1
65 2
66 2
67 3
68 1
69 1
71 2
72 2
73 2
74 4
75 1
76 1
77 1
78 1
79 2
82 1
83 1
84 2
85 2
87 2
88 1
90 3
91 2
92 2
94 1
95 3
100 1
105 1
106 1
108 1
115 2
118 1
