100 1000 50
0 89189
1 3
2 15
3 47
4 68
5 143
6 216
7 216
8 270
9 327
10 348
11 368
12 369
13 396
14 341
15 323
16 290
17 236
18 210
19 194
20 204
21 147
22 138
23 139
24 106
25 87
26 69
27 78
28 59
29 57
30 48
31 53
32 29
33 32
34 31
35 24
36 21
37 17
38 20
39 14
40 16
41 10
42 12
43 11
44 7
45 9
46 10
47 12
48 10
49 7
50 5
51 6
52 3
53 8
54 7
55 6
56 2
57 5
58 2
59 7
61 7
62 2
63 3
64 4
65 3
66 2
67 1
68 2
69 2
72 1
73 2
74 2
75 3
76 2
77 1
79 1
83 2
84 2
85 2
86 2
87 1
88 2
89 3
91 1
92 2
95 3
99 1
100 2
103 1
112 1
115 1
116 1
119 1
123 1
129 1
144 1
165 1
