100 1000 50
0 88183
1 18
2 70
3 105
4 179
5 283
6 347
7 410
8 453
9 492
10 463
11 451
12 428
13 378
14 373
15 329
16 294
17 211
18 200
19 189
20 156
21 149
22 128
23 112
24 82
25 62
26 60
27 58
28 55
29 45
30 28
31 25
32 37
33 35
34 21
35 24
36 17
37 16
38 9
39 17
40 4
41 7
42 16
43 9
44 11
45 10
46 11
47 3
48 7
49 3
50 4
51 2
52 3
53 7
54 2
55 1
56 2
57 7
58 1
59 3
60 2
61 4
63 1
64 1
65 2
66 3
67 2
69 1
70 2
71 3
72 1
73 2
74 2
75 1
76 1
77 1
78 3
80 2
82 2
84 4
85 3
87 1
88 3
89 3
91 1
92 1
93 1
94 1
97 1
100 1
102 2
104 1
106 1
110 1
130 1
