100 1000 50
0 89746
1 3
2 5
3 21
4 37
5 67
6 120
7 149
8 193
9 238
10 269
11 289
12 298
13 296
14 313
15 310
16 280
17 293
18 258
19 225
20 195
21 160
22 157
23 134
24 114
25 99
26 95
27 70
28 81
29 59
30 52
31 44
32 38
33 34
34 37
35 33
36 27
37 28
38 20
39 24
40 22
41 12
42 10
43 13
44 14
45 13
46 11
47 8
48 8
49 3
50 12
51 4
52 8
53 7
54 8
55 6
56 3
57 3
58 7
59 4
60 7
61 3
62 4
63 3
65 2
66 5
67 2
68 3
69 4
71 2
72 2
73 3
74 1
75 2
76 1
77 1
78 2
79 3
80 1
81 2
82 1
83 1
85 1
87 2
88 1
89 1
91 1
92 2
93 1
95 1
96 3
97 2
99 1
101 1
103 1
108 1
109 1
110 1
112 1
113 1
115 1
116 1
