100 1000 50
0 88799
1 8
2 25
3 67
4 120
5 198
6 243
7 294
8 389
9 398
10 398
11 398
12 388
13 368
14 355
15 314
16 262
17 253
18 246
19 210
20 151
21 135
22 123
23 123
24 91
25 91
26 73
27 68
28 44
29 54
30 42
31 43
32 45
33 26
34 24
35 24
36 18
37 27
38 16
39 14
40 10
41 16
42 9
43 13
44 5
45 8
46 6
47 4
48 4
49 6
50 6
51 5
52 2
53 6
54 5
55 3
56 5
57 3
58 3
59 5
60 6
61 2
62 2
63 5
64 2
65 3
66 1
67 4
69 1
70 1
71 4
72 1
73 4
74 3
75 4
78 1
79 2
80 1
81 1
82 2
83 2
84 1
85 2
87 1
88 4
90 1
92 1
93 2
94 1
95 1
96 4
99 1
101 1
103 1
104 2
106 1
111 1
112 1
