100 1000 50
0 89636
2 6
3 27
4 52
5 84
6 124
7 172
8 230
9 258
10 276
11 281
12 320
13 335
14 308
15 293
16 265
17 258
18 257
19 240
20 188
21 162
22 143
23 122
24 116
25 102
26 94
27 89
28 64
29 65
30 57
31 56
32 43
33 30
34 39
35 33
36 26
37 19
38 25
39 25
40 28
41 13
42 15
43 9
44 10
45 10
46 6
47 10
48 5
49 8
50 5
51 7
52 7
53 6
54 8
55 8
56 5
57 4
58 3
59 6
60 2
61 3
62 2
63 3
64 2
65 4
66 1
67 2
68 5
69 5
70 2
71 3
72 4
73 2
74 2
76 4
77 1
78 3
79 3
81 1
82 1
84 2
86 2
88 1
89 2
90 2
93 1
94 1
95 1
98 1
99 1
100 1
104 1
108 1
111 1
113 1
