100 1000 50
0 89504
1 1
2 11
3 33
4 55
5 108
6 155
7 196
8 246
9 294
10 292
11 334
12 340
13 285
14 293
15 326
16 273
17 258
18 252
19 225
20 194
21 143
22 144
23 131
24 102
25 123
26 87
27 75
28 55
29 49
30 51
31 46
32 43
33 40
34 38
35 23
36 31
37 24
38 18
39 23
40 17
41 13
42 16
43 8
44 13
45 16
46 11
47 5
48 7
49 4
50 7
51 8
52 4
53 4
54 5
55 6
56 3
57 3
58 7
59 3
60 6
61 2
62 4
63 6
64 4
65 2
66 5
67 4
68 4
70 5
71 2
72 1
73 1
74 2
75 3
76 1
77 1
78 2
79 1
82 4
83 1
85 3
87 1
88 1
89 1
90 2
91 1
92 1
93 1
95 2
96 1
98 1
99 1
101 1
104 1
106 2
107 1
109 1
110 1
112 1
117 1
