100 1000 50
0 87381
1 43
2 99
3 198
4 329
5 398
6 465
7 498
8 595
9 580
10 608
11 493
12 455
13 410
14 339
15 294
16 251
17 249
18 186
19 154
20 139
21 116
22 111
23 80
24 83
25 73
26 67
27 47
28 50
29 37
30 28
31 27
32 23
33 21
34 22
35 15
36 15
37 14
38 8
39 8
40 12
41 15
42 6
43 7
44 7
45 6
46 6
47 7
48 5
49 5
50 6
51 4
52 2
53 4
54 6
55 4
56 5
57 3
58 3
59 2
61 3
62 1
63 3
64 3
65 1
66 2
67 1
68 2
70 2
71 1
72 4
74 1
76 2
77 2
78 1
80 1
85 1
86 1
87 1
91 1
94 1
95 2
100 1
102 1
107 1
112 1
115 1
124 1
