100 1000 50
0 89028
1 7
2 26
3 59
4 88
5 139
6 203
7 271
8 324
9 376
10 372
11 396
12 399
13 380
14 331
15 307
16 259
17 244
18 228
19 207
20 186
21 160
22 116
23 131
24 90
25 73
26 77
27 57
28 76
29 40
30 58
31 45
32 31
33 26
34 32
35 23
36 27
37 29
38 16
39 12
40 13
41 14
42 13
43 5
44 13
45 5
46 9
47 8
48 7
49 11
50 4
51 2
52 6
53 1
54 5
55 2
56 8
57 3
58 2
59 5
60 6
61 8
62 2
63 3
64 4
65 1
66 2
67 3
68 2
69 2
70 2
71 2
72 1
73 4
74 4
76 1
78 1
79 3
80 2
81 1
84 3
85 1
86 2
87 2
90 1
92 1
93 1
94 1
96 1
97 1
100 3
101 1
102 2
104 1
105 1
106 1
108 1
110 1
111 1
115 1
130 1
