100 1000 50
0 89715
1 2
2 3
3 31
4 37
5 80
6 112
7 155
8 214
9 231
10 301
11 320
12 316
13 331
14 292
15 293
16 287
17 247
18 224
19 192
20 176
21 153
22 162
23 122
24 118
25 102
26 90
27 80
28 69
29 79
30 55
31 51
32 62
33 39
34 36
35 37
36 27
37 23
38 21
39 18
40 15
41 16
42 21
43 17
44 7
45 14
46 15
47 7
48 4
49 7
50 7
51 5
52 7
53 6
54 12
55 4
56 8
57 7
58 7
59 5
60 7
61 2
62 4
63 5
64 2
65 2
66 6
67 1
68 2
69 3
71 1
72 2
73 2
74 1
75 2
79 1
80 2
81 1
82 1
83 1
84 5
86 2
88 1
89 2
90 2
91 2
93 2
99 1
100 1
101 1
102 1
105 1
106 1
114 1
115 1
121 1
