100 1000 50
0 89117
1 3
2 19
3 57
4 101
5 142
6 175
7 254
8 303
9 341
10 384
11 354
12 370
13 376
14 337
15 308
16 270
17 254
18 238
19 204
20 171
21 144
22 152
23 127
24 101
25 97
26 85
27 70
28 59
29 56
30 38
31 39
32 38
33 33
34 24
35 21
36 23
37 12
38 22
39 12
40 20
41 16
42 10
43 11
44 12
45 6
46 11
47 9
48 5
49 7
50 7
51 6
52 2
53 7
54 8
55 1
56 1
57 3
58 5
59 11
60 4
61 6
62 3
63 4
64 4
65 5
66 3
67 3
69 2
70 1
71 3
72 2
74 5
75 1
77 2
78 3
79 1
80 1
81 1
83 2
84 1
85 2
89 2
90 1
91 3
95 1
97 2
100 1
101 1
102 1
104 1
107 1
108 1
110 1
112 1
120 1
121 1
