100 1000 50
0 89675
1 2
2 4
3 16
4 47
5 94
6 122
7 173
8 191
9 257
10 289
11 292
12 324
13 333
14 307
15 291
16 265
17 236
18 248
19 220
20 188
21 180
22 137
23 146
24 125
25 116
26 89
27 81
28 65
29 67
30 54
31 47
32 40
33 38
34 36
35 36
36 22
37 25
38 13
39 20
40 22
41 17
42 15
43 11
44 15
45 5
46 7
47 10
48 9
49 6
50 6
51 9
52 5
53 5
54 6
55 4
56 4
57 8
58 10
59 4
60 8
61 3
62 3
63 5
64 4
65 1
66 2
67 6
68 3
69 3
70 1
71 2
72 2
73 3
74 2
76 2
79 1
80 2
83 1
90 2
92 1
93 2
94 2
95 3
97 1
98 1
99 1
100 1
105 2
107 2
108 1
109 1
110 1
112 1
115 1
123 1
