500 1000 50
0 463001
1 3740
2 1747
3 1105
4 701
5 497
6 365
7 246
8 233
9 172
10 152
11 140
12 108
13 101
14 105
15 81
16 78
17 66
18 73
19 57
20 73
21 58
22 55
23 51
24 54
25 48
26 50
27 49
28 39
29 44
30 31
31 29
32 35
33 24
34 36
35 30
36 18
37 27
38 23
39 18
40 30
41 20
42 29
43 27
44 21
45 35
46 23
47 16
48 27
49 11
50 18
51 14
52 14
53 17
54 13
55 16
56 13
57 21
58 10
59 15
60 19
61 13
62 10
63 20
64 21
65 18
66 15
67 8
68 15
69 10
70 10
71 14
72 15
73 8
74 16
75 17
76 12
77 9
78 15
79 12
80 12
81 10
82 11
83 7
84 9
85 12
86 7
87 9
88 13
89 10
90 11
91 7
92 11
93 10
94 11
95 11
96 6
97 10
98 3
99 5
100 10
101 13
102 8
103 10
104 8
105 7
106 11
107 8
108 6
109 9
110 6
111 11
112 10
113 3
114 5
115 11
116 5
117 2
118 7
119 6
120 7
121 7
122 4
123 10
124 5
125 9
126 5
127 4
128 9
129 4
130 8
131 9
132 9
133 9
134 6
135 8
136 7
137 5
138 7
139 6
140 10
141 9
142 8
143 9
144 8
145 4
146 11
147 8
148 7
149 6
150 8
151 6
152 12
153 5
154 9
155 11
156 7
157 7
158 5
159 6
160 2
161 7
162 7
163 8
164 7
165 2
166 4
167 9
168 6
169 6
170 6
171 4
172 2
173 6
174 8
175 4
176 9
177 7
178 10
179 7
180 4
181 6
182 1
183 8
184 8
185 5
186 3
187 6
188 8
189 4
190 7
191 7
192 4
193 3
194 6
195 4
196 4
197 3
198 8
199 5
200 5
201 3
202 4
205 6
206 2
207 8
208 6
209 7
210 3
211 3
212 2
213 7
214 4
215 4
216 4
217 2
218 3
219 5
220 6
221 2
222 6
223 6
224 6
225 4
226 2
227 3
228 3
229 1
230 8
231 4
232 10
233 5
234 10
235 8
236 5
237 2
238 6
239 3
240 6
241 7
242 2
243 2
244 6
245 8
246 2
247 7
248 3
249 6
250 3
251 4
252 3
253 4
254 3
255 7
256 3
257 4
258 8
259 2
260 6
261 4
262 4
263 2
264 5
265 3
266 6
267 4
268 6
269 5
270 3
271 2
272 3
273 4
274 2
275 4
276 5
277 6
278 3
279 2
280 4
281 2
282 4
283 5
284 5
285 2
286 5
287 2
288 1
289 5
290 3
291 3
292 5
293 3
294 4
295 1
296 2
297 5
298 4
299 1
300 3
301 3
302 3
303 4
304 2
305 4
306 3
307 2
308 3
309 1
310 4
311 2
312 5
313 1
314 2
315 4
316 3
317 4
318 5
319 6
320 3
321 6
322 2
323 2
324 3
325 6
326 3
327 1
328 6
329 4
330 1
331 3
332 3
333 1
334 3
335 2
336 1
337 3
339 2
340 1
341 3
342 1
343 1
344 2
345 4
346 2
347 7
348 2
349 3
350 7
351 3
353 2
354 2
355 1
356 2
358 2
359 1
360 2
361 3
362 1
365 4
366 5
367 4
368 1
369 4
371 4
372 3
373 2
374 3
375 2
376 2
377 3
378 3
379 7
380 2
381 3
382 1
383 1
385 1
386 3
387 7
389 3
391 4
392 6
393 4
394 1
395 3
396 3
398 3
399 2
400 1
401 4
402 2
403 2
404 7
405 3
406 5
407 3
408 4
409 4
410 1
411 3
412 3
413 2
414 4
415 5
416 1
417 1
418 3
419 3
420 3
421 4
422 4
423 2
425 2
426 4
427 2
428 1
429 2
430 2
431 1
432 5
433 1
435 4
436 4
437 3
438 1
439 2
440 2
441 1
442 2
443 1
444 2
445 3
446 2
447 2
448 6
449 3
450 1
451 2
452 3
453 4
454 1
455 1
456 1
457 2
458 3
459 2
460 1
461 3
463 4
465 1
467 2
468 2
469 1
470 1
471 2
472 3
473 1
474 2
476 2
477 1
478 1
479 1
480 1
481 4
482 3
483 2
484 3
485 1
489 2
491 1
492 2
494 1
495 3
496 2
498 1
500 1
501 1
502 1
504 1
505 1
506 1
508 1
519 1
524 1
