500 1000 50
0 473970
1 11
2 6
3 6
4 6
5 4
6 7
7 6
8 15
9 8
10 5
11 7
12 7
13 7
14 5
15 4
16 1
17 7
18 5
19 4
20 9
21 4
22 4
23 2
24 6
25 6
26 5
27 5
28 6
29 4
30 2
31 4
32 5
33 5
34 6
35 1
36 6
37 1
38 3
39 2
40 3
41 1
43 1
45 2
46 2
47 2
48 6
49 3
50 2
51 1
52 2
53 2
54 2
55 4
56 4
57 5
58 4
59 1
60 3
61 2
62 4
63 3
64 4
65 5
66 1
67 4
68 3
70 4
71 2
72 5
73 1
74 5
75 3
76 3
77 2
78 1
79 5
80 4
81 1
82 3
83 2
85 2
86 3
87 2
88 2
89 2
91 2
92 4
93 3
94 1
95 1
96 3
97 2
98 4
99 2
100 3
101 2
102 3
103 4
104 4
105 4
106 2
108 4
109 5
110 3
111 1
112 2
114 2
115 3
116 4
117 1
118 1
119 2
120 1
121 6
122 3
123 3
124 3
126 1
127 3
128 2
130 1
132 3
133 4
134 2
135 5
136 2
137 2
138 1
139 1
142 3
143 4
144 6
145 5
148 3
149 2
150 1
151 1
152 1
153 4
155 3
159 3
160 2
161 3
162 1
163 3
164 1
165 3
166 2
167 2
168 1
169 1
170 2
171 2
172 3
173 4
174 2
175 3
177 2
178 7
179 2
180 1
181 2
182 3
183 4
184 1
185 1
186 4
187 1
189 4
190 6
191 1
192 1
193 3
194 2
195 1
197 1
198 2
200 4
201 1
202 3
203 2
204 1
206 2
207 1
208 2
209 1
210 2
211 2
212 1
213 2
214 3
217 3
219 1
220 1
221 1
222 2
223 3
224 3
225 1
226 2
227 2
228 2
229 2
230 6
232 2
233 1
235 4
236 2
237 2
239 1
240 4
242 2
244 3
245 2
246 1
248 3
249 2
250 2
251 1
254 6
255 2
257 1
258 3
259 2
260 4
262 3
263 2
264 3
265 2
266 1
267 2
268 4
269 2
270 3
271 5
272 2
273 5
274 3
275 2
276 2
278 3
279 1
280 2
281 2
282 2
283 2
284 1
285 6
286 4
287 6
288 3
289 3
290 7
291 2
293 9
294 3
295 8
296 3
297 3
298 1
299 8
300 4
301 8
302 5
303 4
304 5
305 4
306 8
307 3
308 2
309 3
310 3
311 1
312 3
313 1
314 2
315 6
316 3
317 4
318 2
319 4
320 2
321 1
322 3
323 3
324 4
325 6
326 3
327 3
328 5
329 4
330 6
331 5
333 5
334 4
335 1
336 3
337 2
338 2
339 1
340 1
341 3
342 3
343 2
344 2
345 1
346 2
347 4
348 3
349 3
350 1
351 3
352 1
353 1
354 1
355 2
356 3
357 1
358 2
359 2
360 3
362 4
364 1
365 4
366 3
367 2
368 5
369 1
370 1
371 3
372 3
373 3
374 3
375 3
376 3
377 2
378 1
379 2
380 2
381 2
382 5
383 5
384 3
385 3
386 1
387 3
388 2
389 1
390 2
391 4
392 3
393 3
394 1
395 5
396 1
397 4
398 4
399 5
400 8
401 1
402 1
403 3
404 3
405 5
406 5
408 10
409 2
410 5
411 1
412 5
413 3
414 1
415 3
416 3
417 3
418 2
419 5
420 1
422 2
423 5
424 1
425 3
426 3
427 6
428 4
429 3
431 2
432 4
433 3
434 2
435 5
436 3
437 3
438 3
439 6
440 1
441 1
442 1
443 6
444 2
446 4
447 2
448 1
449 3
451 4
452 4
454 3
455 5
456 1
457 3
459 2
460 3
461 7
462 5
463 2
464 4
466 1
467 6
468 1
469 4
470 4
471 2
472 4
473 4
474 10
475 5
476 5
477 9
478 4
479 6
480 10
481 5
482 10
483 7
484 13
485 7
486 12
487 7
488 9
489 5
490 13
491 12
492 13
493 4
494 11
495 7
496 10
497 9
498 7
499 11
500 14
501 9
502 7
503 5
504 10
505 5
506 9
507 3
508 12
509 8
510 11
511 7
512 5
513 2
514 8
515 6
516 12
517 5
518 6
519 4
520 9
521 4
522 2
523 4
524 3
525 1
526 5
527 1
528 1
529 1
531 2
533 1
536 1
538 2
540 1
