500 1000 50
0 473489
1 128
2 75
3 65
4 40
5 26
6 19
7 31
8 24
9 24
10 17
11 21
12 19
13 18
14 14
15 21
16 15
17 17
18 6
19 6
20 10
21 14
22 9
23 6
24 10
25 6
26 8
27 11
28 7
29 4
30 14
31 6
32 10
33 10
34 13
35 14
36 7
37 13
38 7
39 6
40 4
41 9
42 10
43 7
44 9
45 6
46 6
47 6
48 9
49 7
50 7
51 4
52 5
53 6
54 2
55 6
56 7
57 5
58 1
59 8
60 4
61 8
62 6
63 4
64 5
65 9
66 2
67 4
68 4
69 4
70 6
71 2
72 6
73 4
74 6
75 5
76 9
77 6
78 1
79 4
80 4
81 5
82 7
83 5
84 2
85 3
86 3
87 7
88 2
89 3
90 6
91 6
92 6
93 6
94 4
95 2
96 2
97 4
98 3
99 3
100 3
101 2
102 4
103 2
104 5
105 3
106 6
107 3
108 1
109 2
110 8
111 5
112 3
113 5
114 2
115 4
116 5
117 4
118 7
119 1
120 2
121 2
122 1
123 1
124 4
125 2
126 1
127 3
128 6
129 6
130 4
131 4
132 2
134 5
135 2
136 1
137 1
138 4
139 3
140 1
141 2
142 5
143 4
144 3
145 1
146 1
147 3
148 3
150 5
151 3
152 1
153 4
154 2
155 3
156 2
158 3
159 8
160 2
161 6
162 3
163 2
164 2
165 1
166 3
167 2
168 2
169 6
170 1
171 4
172 1
173 1
174 2
175 2
176 3
177 3
178 2
179 1
180 3
181 3
182 5
183 2
184 4
185 3
186 1
187 4
188 4
189 3
190 4
191 1
192 1
193 1
194 2
195 4
196 2
197 2
198 4
199 5
200 1
201 2
202 2
203 4
204 3
206 2
207 3
208 3
209 3
210 3
211 1
212 2
213 1
214 2
215 3
216 4
217 4
218 1
219 2
220 3
221 3
222 5
223 3
224 1
225 1
227 4
228 3
229 3
230 3
231 1
232 3
233 2
236 3
237 1
238 5
240 3
241 3
242 3
243 1
244 4
245 5
246 5
247 5
248 3
249 3
250 5
251 6
252 2
253 7
254 4
256 2
257 5
258 4
259 4
260 5
261 4
262 5
263 4
264 3
265 4
266 5
267 5
268 3
269 2
270 3
271 2
272 3
273 2
274 2
275 2
276 4
277 8
278 3
279 3
280 3
281 2
282 5
283 3
284 3
285 1
286 9
287 1
288 3
289 5
290 3
291 2
292 3
293 8
294 4
295 1
296 4
297 5
298 3
299 4
300 6
301 3
302 7
303 2
304 3
305 4
306 4
307 4
308 2
309 5
310 4
311 2
312 2
313 3
314 1
315 6
316 3
317 3
318 1
319 7
320 4
321 1
322 3
323 4
325 3
326 1
327 2
328 5
329 3
330 1
332 2
333 2
334 7
335 3
336 2
337 2
339 3
340 1
341 2
343 6
344 1
345 3
346 3
347 4
349 4
350 2
351 2
352 2
353 1
354 1
355 1
356 3
357 1
358 5
359 2
360 3
361 4
362 3
363 4
364 2
366 2
367 4
368 2
369 4
370 1
371 5
372 4
373 1
374 3
375 4
376 3
377 2
378 4
379 4
380 1
381 2
382 4
383 4
384 3
385 1
386 4
387 2
388 2
389 5
390 2
391 4
392 1
393 2
394 1
395 7
396 4
397 3
398 2
399 1
401 2
402 2
403 4
404 2
405 4
406 2
407 2
408 8
409 4
410 2
411 3
412 4
413 3
414 4
415 2
416 5
417 1
418 6
419 3
420 2
421 3
422 3
423 5
424 4
425 1
426 3
427 3
428 2
429 1
430 6
431 1
432 4
433 2
434 3
435 2
436 5
437 2
438 5
439 1
440 3
441 4
442 1
443 5
444 4
445 2
446 5
447 4
448 4
449 4
450 4
451 2
452 1
453 5
454 5
456 2
457 4
458 3
459 3
460 3
461 8
462 2
463 6
464 6
465 4
466 2
467 8
468 1
469 6
470 1
471 3
472 1
473 6
474 6
475 3
476 8
477 5
478 7
479 4
480 5
481 5
482 8
483 7
484 4
485 6
486 8
487 6
488 12
489 6
490 9
491 9
492 8
493 5
494 7
495 6
496 10
497 4
498 7
499 10
500 8
501 6
502 10
503 4
504 15
505 7
506 2
507 5
508 5
509 5
510 6
511 9
512 8
513 3
514 3
515 3
516 2
517 2
518 4
519 2
522 1
523 1
524 2
525 1
526 1
528 1
529 1
530 2
541 1
