500 1000 50
0 473131
1 244
2 114
3 79
4 65
5 47
6 34
7 27
8 30
9 25
10 17
11 30
12 21
13 17
14 19
15 16
16 15
17 16
18 11
19 14
20 15
21 10
22 5
23 7
24 15
25 17
26 9
27 8
28 8
29 8
30 17
31 6
32 11
33 7
34 5
35 8
36 13
37 12
38 6
39 7
40 12
41 12
42 8
43 8
44 16
45 6
46 9
47 9
48 7
49 9
50 6
51 4
52 6
53 5
54 7
55 12
56 3
57 8
58 5
59 5
60 6
61 6
62 9
63 7
64 4
65 7
66 3
67 7
68 7
69 4
70 8
71 3
72 8
73 4
74 4
75 5
76 7
77 5
78 6
79 8
80 5
81 6
82 5
83 4
84 7
85 5
86 5
87 2
88 2
89 3
90 1
91 4
92 4
93 6
94 5
95 4
96 5
97 2
98 11
99 4
100 3
101 5
102 1
103 9
104 3
105 3
106 4
107 3
108 7
109 2
110 4
111 4
112 5
113 3
114 6
115 5
116 5
117 3
118 5
119 1
120 5
121 5
122 4
123 6
124 4
125 6
126 3
127 2
128 4
129 6
130 4
131 3
132 4
133 6
134 1
136 1
137 3
138 2
139 6
140 3
141 5
142 7
143 3
144 3
145 4
146 2
147 4
148 1
149 1
150 3
151 2
152 3
153 4
154 3
155 3
156 3
158 3
160 5
161 2
162 2
163 2
164 1
165 5
166 2
167 3
168 3
169 2
170 5
171 2
172 3
173 2
174 1
175 2
176 3
177 1
178 1
179 5
180 2
181 2
182 3
183 2
184 4
185 4
186 3
187 2
188 1
189 3
190 1
191 2
192 3
193 6
194 5
195 4
196 3
197 4
198 5
199 4
200 2
201 1
202 2
203 1
204 3
205 5
206 3
207 2
208 3
209 1
210 5
211 1
212 2
213 3
214 4
215 1
218 4
219 7
220 3
221 2
222 2
223 6
224 2
225 6
226 4
227 2
228 4
229 3
230 1
231 2
233 4
234 5
235 5
236 6
237 2
238 2
239 2
240 1
241 3
242 1
243 3
244 5
245 3
246 3
247 2
248 7
249 2
250 3
251 4
252 4
253 6
254 4
255 4
256 3
257 5
258 2
259 5
260 2
261 2
262 3
263 4
264 5
265 6
266 2
267 8
268 7
269 6
270 4
271 4
272 4
273 3
274 2
275 2
276 7
277 3
278 8
279 2
280 3
281 5
282 2
283 2
284 5
285 5
286 10
287 5
288 7
289 2
290 5
291 2
292 3
293 7
295 3
297 2
298 1
299 4
300 3
301 3
302 4
303 4
304 2
305 4
306 3
307 2
308 1
310 6
311 4
312 5
313 1
314 3
315 2
316 6
317 5
318 3
319 4
320 1
322 2
323 3
324 5
325 3
326 2
327 6
329 3
330 4
331 5
332 5
333 3
334 2
335 4
337 3
338 3
339 4
340 3
341 6
343 2
344 1
346 3
347 1
348 1
349 2
350 4
351 3
352 1
353 4
354 3
355 1
356 5
357 2
358 2
359 1
360 3
361 2
362 2
363 2
364 1
365 2
366 7
367 2
369 4
370 1
371 2
372 4
373 2
374 4
375 3
376 5
377 2
378 4
379 2
380 4
381 3
382 2
383 1
384 5
385 4
386 5
387 3
388 3
389 3
390 7
391 1
392 4
393 3
394 1
395 4
396 2
398 3
399 1
400 3
401 8
402 2
403 3
404 2
405 3
407 3
408 6
409 3
410 3
412 3
413 2
414 3
415 2
416 5
417 7
418 3
419 2
420 2
421 3
422 4
424 1
425 3
426 3
427 5
428 2
429 4
430 4
431 3
432 2
433 3
434 5
435 2
436 3
437 2
438 2
439 6
440 4
441 3
442 4
443 1
444 5
445 3
446 5
447 3
448 2
449 4
450 3
451 3
452 3
453 5
454 1
455 5
456 6
457 3
458 3
459 2
460 1
461 3
462 3
463 6
464 3
465 8
466 7
467 5
468 3
470 3
471 2
472 3
473 7
474 5
475 9
476 2
477 3
478 3
479 11
480 8
481 3
482 5
483 2
484 5
485 4
486 5
487 5
488 6
489 9
490 9
491 6
492 5
493 7
494 7
495 9
496 9
497 6
498 8
499 3
500 6
501 2
502 7
503 3
504 8
505 3
506 6
508 6
509 6
510 7
511 5
512 3
513 6
514 6
515 4
516 1
517 2
518 2
519 3
520 1
521 2
523 1
524 2
525 2
526 1
527 1
531 1
532 1
533 2
544 1
553 1
