500 1000 50
0 474025
1 13
2 1
3 6
4 5
5 8
6 6
7 6
8 5
9 5
10 2
11 3
12 1
13 10
14 6
15 6
16 7
17 4
18 2
19 6
20 3
21 8
22 3
23 4
24 5
25 3
26 1
27 3
28 5
29 7
30 5
31 1
32 2
33 2
34 6
35 1
36 3
37 4
38 3
39 1
41 5
42 3
43 2
44 5
45 1
46 1
47 6
48 2
49 2
50 2
51 4
52 3
53 2
54 1
55 2
56 2
57 3
58 4
59 2
60 2
61 1
62 1
63 2
64 1
65 2
66 1
67 2
68 2
70 3
71 3
72 2
73 3
74 4
75 3
76 7
77 2
78 6
79 2
80 2
81 6
83 2
84 2
85 3
86 2
88 2
89 2
90 3
91 5
92 3
93 1
94 2
95 2
96 2
97 3
98 5
99 1
100 2
101 2
102 2
103 3
104 2
105 3
106 3
107 2
108 2
110 3
112 4
113 1
114 1
116 3
117 5
118 1
119 3
120 5
121 2
122 3
124 5
125 7
126 1
128 2
129 1
130 1
131 2
132 2
133 1
134 1
135 2
136 2
137 2
138 4
139 3
140 3
141 2
142 1
143 2
144 1
145 3
146 2
147 1
148 2
150 1
151 1
152 2
153 2
154 4
155 3
158 3
159 5
160 1
161 2
162 3
163 2
164 1
165 3
166 6
167 2
168 3
169 2
170 1
171 1
172 2
174 1
175 2
178 2
179 1
180 1
182 2
183 1
184 1
185 3
186 4
187 4
188 1
189 3
190 1
191 1
192 3
193 3
195 3
196 3
197 4
198 1
199 1
200 3
201 2
202 2
203 4
204 1
205 1
207 1
208 1
209 1
210 1
211 3
212 1
213 1
214 2
215 2
217 1
219 2
220 2
222 3
223 2
224 1
226 1
227 2
228 2
230 1
231 1
232 2
233 3
234 2
236 2
238 2
240 2
241 1
242 1
243 1
244 2
246 1
247 3
248 4
249 5
251 1
252 4
253 2
254 3
255 3
256 3
257 2
258 3
259 3
260 1
261 2
263 1
264 2
265 3
266 1
267 4
268 4
269 5
270 2
271 3
272 2
273 3
274 1
275 4
276 4
277 4
278 5
279 3
280 2
281 5
282 3
283 3
284 2
285 1
286 4
287 3
288 4
289 6
290 5
291 4
292 4
293 3
294 5
295 3
297 1
298 4
299 6
300 2
301 1
302 2
303 3
304 7
305 3
306 3
307 3
308 4
309 2
310 1
311 5
312 2
313 3
314 3
315 1
316 4
317 3
318 4
319 4
320 5
321 5
322 6
323 3
324 2
325 2
326 3
327 2
328 4
329 2
330 1
331 2
332 1
333 1
334 2
336 3
338 1
339 5
340 3
341 4
342 4
343 1
345 1
346 4
347 2
348 3
349 4
350 1
351 1
352 1
353 4
354 3
356 1
357 4
358 1
359 2
360 3
361 1
362 3
363 3
364 2
365 3
366 3
368 2
369 2
371 3
372 2
373 2
374 1
375 3
376 3
377 2
378 4
379 3
380 4
381 5
382 2
383 2
384 2
385 1
386 4
387 2
388 2
389 1
390 7
391 3
392 4
393 2
394 3
395 4
396 5
397 3
398 3
399 2
400 4
401 7
402 5
403 3
405 1
406 1
407 2
408 3
409 5
410 2
412 5
413 11
414 3
415 1
416 4
417 3
418 1
419 3
420 1
421 3
422 5
423 3
424 4
425 4
426 3
427 6
428 6
430 5
431 2
432 4
433 1
434 4
435 3
436 2
437 4
440 8
441 2
442 4
443 6
444 1
445 2
446 2
447 3
448 3
449 5
451 3
452 2
453 7
454 1
455 2
456 1
457 4
458 3
459 8
460 5
461 7
462 5
463 7
464 1
465 3
466 2
468 5
469 3
470 6
471 2
472 6
473 3
474 1
475 4
476 3
477 6
478 8
479 6
480 5
481 9
482 2
483 7
484 16
485 2
486 13
487 9
488 11
489 3
490 8
491 10
492 11
493 9
494 8
495 5
496 10
497 15
498 13
499 5
500 13
501 6
502 12
503 16
504 12
505 3
506 8
507 7
508 10
509 10
510 9
511 5
512 9
513 4
514 10
515 2
516 11
517 8
518 1
519 2
520 4
521 5
522 4
523 1
524 2
525 4
526 2
527 1
528 3
530 5
532 1
534 1
535 1
536 2
537 1
538 1
539 2
540 1
541 1
546 1
547 1
548 1
