500 1000 50
0 473901
1 20
2 12
3 13
4 9
5 7
6 7
7 5
8 8
9 9
10 7
11 9
12 5
13 4
14 8
15 5
16 10
17 4
18 7
19 5
20 4
21 5
22 6
23 5
24 6
25 4
26 10
27 6
28 9
29 6
30 9
31 2
32 2
33 6
34 1
35 3
36 3
37 4
38 4
39 3
40 1
41 5
42 2
43 1
44 4
45 4
46 1
47 7
48 3
49 3
50 1
51 3
52 2
53 2
54 1
55 2
56 1
57 2
58 4
59 6
60 6
61 3
62 5
63 1
64 4
66 1
67 4
68 1
70 7
71 5
72 4
73 1
74 5
75 2
76 2
77 2
78 3
79 7
80 3
81 2
82 3
83 2
84 3
85 3
86 1
87 7
88 4
89 2
90 3
91 3
92 2
93 3
94 2
95 1
96 1
97 2
98 4
99 3
100 3
101 1
102 3
103 4
104 3
105 1
106 3
108 2
109 2
110 3
111 3
113 2
114 1
115 3
116 3
117 2
118 2
119 4
120 2
121 2
122 2
123 4
124 1
125 4
126 1
127 2
128 2
129 1
130 1
131 3
132 4
133 3
134 4
135 2
136 3
137 3
138 1
139 5
140 2
141 3
142 3
143 2
144 1
145 2
146 1
147 1
148 1
149 2
151 2
152 2
153 2
155 3
156 1
157 1
158 1
159 5
160 3
161 1
164 1
165 3
166 2
167 3
168 2
169 1
170 2
171 4
172 1
173 5
174 1
175 1
176 3
177 5
178 3
179 1
180 3
181 2
182 3
183 3
184 3
185 2
186 3
187 2
188 5
190 4
191 1
192 6
194 3
195 1
197 1
198 3
199 2
200 1
201 2
202 1
203 2
204 2
205 2
206 4
207 1
209 2
211 4
212 1
213 4
214 4
216 1
219 1
220 2
221 2
224 2
226 1
228 2
229 3
230 3
231 2
232 1
233 2
234 3
235 3
236 2
237 1
238 1
239 1
240 1
241 5
242 2
243 2
244 1
245 4
247 2
248 3
249 3
250 1
251 1
252 1
253 3
254 2
255 2
256 3
257 1
258 1
259 3
260 1
261 5
262 1
263 3
264 3
265 3
266 4
267 6
268 3
269 3
270 1
271 3
272 1
273 3
274 1
275 4
276 2
277 3
278 6
279 2
280 4
281 1
282 1
283 7
284 4
286 7
287 3
288 4
289 4
290 3
291 4
292 7
293 4
294 3
295 3
296 4
297 3
298 2
299 3
300 4
301 5
302 3
303 5
304 7
306 6
307 5
308 3
309 4
310 5
311 4
312 9
313 5
314 4
315 2
316 3
317 1
318 3
319 1
320 3
321 5
322 5
323 6
324 4
325 4
326 2
327 4
328 2
329 2
330 4
331 3
332 2
333 3
334 1
335 3
336 2
337 2
338 1
339 3
340 7
341 2
343 1
344 2
345 2
346 1
348 4
349 2
350 3
351 2
352 4
353 3
354 1
355 3
356 1
357 3
358 1
360 1
362 1
363 4
365 1
366 4
367 2
368 2
369 1
370 3
371 2
372 2
374 2
375 4
376 3
377 2
378 3
379 1
380 3
381 3
382 1
383 4
384 2
385 5
386 5
387 3
388 1
389 2
390 2
391 3
393 6
394 3
395 9
397 1
398 3
399 4
400 4
401 1
402 2
403 3
404 2
405 1
406 1
407 4
408 3
409 5
410 3
411 4
412 5
413 2
414 4
415 5
416 3
417 5
418 2
419 3
420 3
421 4
422 2
423 1
424 4
425 4
426 3
427 4
428 2
429 4
430 3
431 2
432 3
433 5
434 4
435 5
436 4
437 6
438 3
439 3
440 4
442 2
443 3
444 2
445 3
446 2
447 2
448 2
449 3
450 3
451 3
452 4
453 5
454 4
455 2
457 5
458 1
459 3
460 3
461 2
462 3
463 4
464 3
465 1
466 4
467 6
468 2
469 6
470 2
471 1
472 8
473 4
474 7
475 5
476 13
477 4
478 8
479 8
480 11
481 3
482 8
483 7
484 3
485 12
486 8
487 10
488 7
489 6
490 8
491 5
492 10
493 6
494 14
495 6
496 10
497 8
498 11
499 4
500 16
501 6
502 11
503 7
504 9
505 5
506 9
507 2
508 11
509 7
510 8
511 3
512 4
513 6
514 6
515 10
516 3
517 3
518 4
519 3
520 8
521 5
522 5
523 3
524 4
525 3
526 4
528 6
530 1
531 3
532 1
533 2
536 3
538 1
541 1
545 1
