500 1000 50
0 474014
1 14
2 4
3 5
4 2
5 8
6 8
7 6
8 7
9 7
10 4
11 3
12 6
13 10
14 4
15 6
16 4
17 4
18 5
19 2
20 6
21 4
22 1
23 4
24 3
25 3
26 9
27 5
29 3
30 6
31 5
32 3
33 4
34 5
35 1
36 1
37 2
38 3
39 3
40 3
41 2
42 3
43 1
44 4
45 2
46 3
47 1
48 1
49 4
50 5
52 3
53 2
54 3
55 2
56 2
57 1
58 4
59 2
60 3
61 4
62 3
63 3
64 1
65 1
66 1
67 3
68 2
69 3
70 5
71 4
72 1
73 2
74 3
75 4
76 5
77 3
78 2
80 3
81 4
82 2
83 3
84 5
85 1
86 1
87 3
88 3
89 3
90 4
91 2
94 1
95 2
96 1
97 2
98 1
99 1
100 1
101 1
102 5
103 5
104 1
106 2
107 2
108 2
109 2
111 5
112 3
113 6
114 5
115 1
116 3
117 4
118 2
119 3
120 1
121 2
123 2
125 5
126 1
127 3
128 2
129 2
130 2
131 6
132 3
133 1
134 1
135 2
136 2
137 3
138 1
139 1
140 3
141 2
142 3
143 5
144 3
145 1
146 2
147 2
148 1
149 2
150 1
151 1
152 1
153 1
154 3
155 2
156 3
157 3
158 2
160 4
161 3
163 1
164 4
165 1
166 2
167 3
170 3
171 2
172 1
173 1
174 1
175 2
176 5
177 1
179 1
180 2
181 4
182 2
183 1
184 3
185 2
186 4
187 1
188 1
189 4
191 3
192 1
193 4
194 1
195 2
196 1
197 2
198 4
199 2
200 2
201 2
203 2
204 1
206 2
207 2
208 2
209 4
211 1
212 1
213 3
214 1
215 1
216 1
217 1
221 2
223 1
226 5
231 1
232 1
233 1
234 4
235 2
236 1
237 2
238 1
240 1
242 1
243 1
244 2
245 1
246 5
248 6
249 2
250 4
251 1
252 1
253 2
254 1
255 2
256 5
257 1
258 3
259 1
260 3
262 4
263 2
264 3
265 1
266 5
267 4
268 1
269 3
270 2
271 3
273 3
274 5
275 4
276 1
277 1
278 4
280 6
281 2
282 3
283 2
284 3
286 3
287 2
288 6
289 2
290 6
292 5
293 7
294 4
295 3
296 1
297 3
298 2
299 7
300 4
301 2
302 5
303 9
304 6
305 1
306 3
307 3
308 4
309 5
310 4
311 7
312 3
313 4
314 1
315 6
316 4
317 4
318 4
319 1
320 3
321 3
323 4
324 1
325 1
326 6
327 4
328 3
329 1
330 7
331 3
332 6
333 3
334 3
335 2
336 5
337 2
338 1
339 2
340 3
341 3
342 1
343 1
344 2
345 1
346 2
347 1
348 1
349 1
351 3
352 2
353 1
354 4
355 1
356 3
357 1
358 2
359 2
360 5
361 4
362 3
364 4
365 2
366 2
367 4
368 1
369 1
370 6
371 4
372 1
373 1
375 1
376 4
377 3
378 2
380 6
381 3
382 6
383 1
384 2
385 1
386 5
387 2
388 3
389 6
390 1
391 4
392 4
393 3
394 3
395 4
396 7
397 3
398 4
400 2
401 3
402 6
403 2
404 2
405 1
406 2
407 1
408 2
409 2
410 5
411 5
412 1
413 8
414 5
415 1
416 3
417 2
418 1
419 3
420 1
421 4
422 4
423 2
424 2
425 6
426 4
427 4
428 2
429 5
430 1
432 2
433 6
434 2
435 1
436 3
437 3
438 1
439 1
440 2
441 1
442 2
443 6
444 4
445 2
446 2
447 2
448 5
449 2
450 4
451 2
452 2
453 4
454 4
455 3
456 2
457 1
458 4
459 5
460 7
461 3
462 1
463 4
464 3
465 3
466 5
468 5
469 9
470 7
471 4
472 4
473 4
474 5
475 1
476 6
477 10
478 7
479 5
480 6
481 6
482 5
483 8
484 9
485 4
486 12
487 5
488 10
489 10
490 16
491 6
492 9
493 12
494 9
495 5
496 14
497 9
498 15
499 4
500 7
501 7
502 13
503 9
504 13
505 5
506 5
507 14
508 8
509 3
510 12
511 6
512 9
513 4
514 10
515 3
516 5
517 7
518 2
519 5
520 5
521 2
522 4
523 4
524 6
525 2
526 4
527 2
528 2
529 1
530 5
531 2
532 2
534 1
535 1
536 1
540 2
550 1
556 1
