500 1000 50
0 416511
1 8973
2 7488
3 6182
4 5167
5 4224
6 3667
7 3035
8 2457
9 2176
10 1893
11 1575
12 1394
13 1216
14 1069
15 849
16 813
17 678
18 626
19 540
20 471
21 405
22 365
23 352
24 324
25 272
26 219
27 203
28 206
29 168
30 159
31 172
32 122
33 131
34 104
35 96
36 99
37 78
38 79
39 96
40 68
41 70
42 63
43 60
44 50
45 48
46 50
47 51
48 51
49 30
50 36
51 41
52 44
53 27
54 25
55 31
56 29
57 16
58 23
59 17
60 22
61 35
62 15
63 21
64 11
65 14
66 15
67 13
68 16
69 10
70 8
71 8
72 12
73 13
74 13
75 13
76 8
77 14
78 9
79 8
80 8
81 5
82 8
83 8
84 3
85 11
86 8
88 6
89 6
90 4
91 5
92 3
93 5
94 7
95 4
96 2
97 7
98 4
99 1
100 4
101 7
102 3
103 2
104 4
105 4
106 3
107 2
108 2
109 3
110 1
112 1
113 3
114 2
115 2
116 4
117 1
118 1
119 3
120 5
121 1
122 2
123 2
124 1
125 1
126 2
127 1
129 2
130 1
131 1
132 1
134 2
135 1
136 3
137 1
138 1
139 3
140 2
141 1
143 2
146 2
147 4
148 1
151 2
152 4
153 1
154 1
156 1
159 1
162 1
170 1
184 1
191 1
194 1
195 1
197 1
209 1
