500 1000 50
0 406574
1 10845
2 9231
3 7599
4 6178
5 5237
6 4338
7 3563
8 3096
9 2553
10 2225
11 1927
12 1621
13 1398
14 1109
15 1052
16 904
17 769
18 634
19 569
20 525
21 408
22 417
23 333
24 282
25 230
26 236
27 203
28 174
29 177
30 141
31 135
32 106
33 110
34 83
35 86
36 87
37 59
38 75
39 52
40 37
41 39
42 50
43 33
44 40
45 33
46 29
47 30
48 23
49 17
50 22
51 22
52 16
53 13
54 19
55 13
56 15
57 12
58 14
59 4
60 5
61 12
62 10
63 1
64 9
65 6
66 10
67 9
68 6
69 6
70 5
71 6
72 7
73 4
74 2
76 1
77 5
78 5
79 2
80 2
81 1
82 1
84 2
85 5
86 2
87 2
88 1
89 1
90 3
91 2
92 3
94 1
95 1
99 2
101 3
102 1
104 3
105 1
107 1
108 1
109 1
115 1
120 1
123 1
124 2
126 1
136 1
