500 1000 50
0 453202
1 5931
2 3555
3 2172
4 1501
5 1091
6 835
7 670
8 517
9 432
10 345
11 323
12 275
13 210
14 188
15 183
16 153
17 119
18 139
19 119
20 110
21 103
22 90
23 91
24 96
25 88
26 82
27 69
28 57
29 55
30 59
31 62
32 51
33 59
34 55
35 62
36 40
37 57
38 37
39 46
40 39
41 37
42 36
43 40
44 33
45 45
46 33
47 35
48 27
49 27
50 29
51 37
52 27
53 15
54 31
55 21
56 18
57 24
58 21
59 21
60 21
61 16
62 17
63 19
64 12
65 12
66 22
67 22
68 18
69 19
70 19
71 27
72 19
73 12
74 17
75 13
76 20
77 14
78 15
79 14
80 13
81 15
82 11
83 12
84 19
85 13
86 10
87 12
88 11
89 15
90 17
91 14
92 16
93 8
94 7
95 23
96 11
97 6
98 10
99 11
100 9
101 10
102 9
103 11
104 10
105 6
106 8
107 9
108 15
109 10
110 9
111 7
112 13
113 15
114 15
115 9
116 13
117 13
118 9
119 10
120 9
121 13
122 14
123 11
124 11
125 13
126 8
127 9
128 9
129 11
130 8
131 10
132 15
133 9
134 6
135 9
136 10
137 7
138 7
139 7
140 10
141 7
142 9
143 10
144 6
145 7
146 6
147 8
148 9
149 5
150 6
151 7
152 10
153 6
154 4
155 4
156 11
157 7
158 8
159 6
160 8
161 7
162 4
163 5
164 6
165 2
166 4
167 3
168 7
169 4
170 10
171 3
172 9
173 9
174 4
175 4
176 7
177 8
178 7
179 8
180 7
181 3
182 2
183 9
184 4
185 4
186 8
187 2
188 2
189 6
190 6
191 7
192 7
193 10
194 9
195 6
196 4
197 5
198 1
199 4
201 1
202 12
203 8
204 1
205 8
206 5
207 3
208 1
209 11
210 4
211 1
212 6
213 5
214 7
215 3
216 6
217 7
218 5
219 3
220 7
221 7
222 11
223 2
224 2
225 3
226 5
227 6
228 3
229 6
230 4
231 2
232 5
233 4
234 5
235 5
236 1
237 2
238 5
239 1
240 1
241 3
242 3
243 8
244 3
245 6
246 5
247 10
248 3
249 2
250 6
251 8
252 3
253 3
254 5
255 4
256 5
257 5
258 5
259 3
260 10
261 6
262 2
263 3
264 1
265 2
266 2
267 2
268 2
269 3
270 6
271 4
272 7
274 2
275 4
276 3
277 5
278 3
279 1
280 3
281 7
282 2
283 1
284 3
285 4
286 3
289 3
290 4
291 3
292 3
293 2
294 5
295 1
296 2
297 4
298 4
299 1
301 3
302 1
303 3
304 1
305 3
306 3
307 3
308 4
309 1
310 3
311 2
313 5
314 3
315 7
316 1
318 2
319 3
320 1
321 4
322 4
323 5
324 3
325 1
326 4
327 1
328 2
329 2
330 1
331 5
332 1
334 2
335 1
336 1
337 5
338 2
339 3
340 3
341 3
343 1
344 4
345 1
346 3
347 5
348 3
349 4
350 3
351 2
352 4
353 1
354 2
356 3
357 3
358 1
359 2
360 2
361 3
362 3
367 1
370 2
371 1
372 2
373 6
374 1
375 2
377 1
378 2
379 2
380 2
381 3
382 2
386 5
387 1
389 2
390 1
391 1
392 3
393 2
394 1
395 3
396 1
397 2
398 4
401 1
402 1
403 3
405 3
406 1
407 1
408 1
410 3
411 2
412 1
414 2
415 2
416 1
418 1
419 1
420 2
421 1
422 1
423 1
424 1
425 1
427 1
429 2
433 4
435 5
436 1
437 3
438 1
439 1
441 1
442 2
444 1
445 1
446 1
448 1
449 2
450 1
452 2
455 1
458 1
459 1
461 2
462 1
465 1
471 1
472 1
474 1
475 1
476 1
478 1
