500 1000 50
0 473762
1 93
2 52
3 37
4 31
5 21
6 23
7 16
8 20
9 12
10 23
11 13
12 19
13 15
14 19
15 11
16 11
17 10
18 15
19 8
20 7
21 6
22 8
23 14
24 6
25 9
26 6
27 7
28 5
29 4
30 8
31 7
32 2
33 4
34 6
35 8
36 7
37 4
38 7
39 8
40 9
41 9
42 2
43 8
44 6
45 3
46 5
47 8
48 7
49 5
50 5
51 4
52 3
53 4
54 4
55 6
56 3
57 2
58 6
59 5
60 3
61 6
62 6
63 4
64 3
65 7
66 2
67 2
68 6
69 6
70 3
71 3
72 3
73 4
74 5
75 2
76 5
77 3
78 4
79 6
80 4
81 3
82 2
83 2
84 2
85 3
86 2
87 4
88 1
89 8
90 3
91 4
92 4
93 4
94 5
95 1
96 5
97 5
98 2
99 4
100 3
101 3
102 3
103 1
104 1
106 2
107 4
108 2
109 2
110 4
111 3
112 6
113 6
114 6
115 5
116 2
117 5
118 3
119 5
120 3
121 1
122 3
123 2
124 2
125 6
126 3
129 5
130 2
131 3
132 6
133 4
134 1
135 2
136 2
137 4
138 4
139 1
140 2
141 2
143 3
144 2
145 2
146 3
147 5
148 1
149 1
152 2
153 4
154 4
155 2
156 3
157 2
158 2
159 4
160 2
161 1
162 1
163 2
164 2
165 2
166 3
167 2
168 2
169 2
170 1
171 2
172 4
173 2
174 1
175 2
177 3
178 1
179 1
180 1
181 3
182 4
183 1
184 5
185 1
186 5
187 2
188 2
189 5
191 2
192 5
193 1
194 2
195 2
196 2
198 2
199 6
200 4
201 4
202 2
203 2
204 2
205 4
206 2
207 1
209 2
210 2
211 3
212 3
213 3
214 1
215 3
217 3
218 5
219 5
220 1
221 2
222 2
223 1
224 4
226 3
227 2
228 2
230 3
231 2
232 1
234 2
235 2
236 4
237 2
239 3
240 3
241 2
242 4
243 2
244 7
245 5
246 6
247 1
248 2
249 1
250 2
251 3
252 1
253 1
254 1
255 6
256 4
257 3
258 5
259 3
260 4
261 2
262 4
263 3
264 3
265 4
266 3
267 6
268 3
269 1
270 3
271 6
272 6
273 4
275 4
276 3
277 4
278 4
279 6
280 5
281 1
282 2
283 5
284 7
285 3
287 2
288 2
289 2
290 2
291 4
292 2
293 7
294 2
295 2
296 2
297 9
299 5
300 1
301 4
302 4
303 3
304 2
305 3
306 4
308 3
309 6
310 1
311 3
312 1
313 2
314 7
315 1
316 4
317 1
318 1
319 6
320 4
321 6
322 6
325 2
326 4
327 5
328 3
329 2
330 7
331 3
333 1
334 3
335 1
336 3
337 1
338 1
339 1
340 2
341 3
342 2
343 2
344 1
345 2
346 2
347 3
348 2
349 2
350 1
351 3
352 4
353 3
355 2
356 2
357 1
359 3
360 2
361 1
362 1
363 3
364 3
365 4
366 1
367 3
368 2
369 3
370 1
371 1
372 1
373 7
374 3
375 5
376 4
377 4
378 3
379 2
380 3
381 2
382 4
383 3
384 1
385 2
386 1
387 4
388 1
389 3
390 3
391 4
392 2
393 2
394 2
395 6
396 6
397 4
398 6
399 3
400 1
401 3
402 2
403 3
404 4
406 1
407 3
408 2
409 3
410 3
411 3
412 2
413 3
414 2
415 5
416 4
417 4
418 1
419 1
420 1
421 1
422 3
423 3
424 2
425 1
426 9
427 4
428 5
429 5
430 5
431 4
432 6
433 3
434 5
435 3
436 2
437 3
438 1
439 1
440 3
441 4
442 3
443 3
444 5
445 4
446 3
447 4
448 3
449 2
450 3
451 5
452 1
453 6
454 6
455 2
456 4
457 3
458 3
459 2
460 6
461 3
462 3
463 7
464 5
465 2
466 4
468 3
469 4
470 7
471 2
472 8
473 4
474 4
475 4
476 8
477 6
478 5
479 4
480 2
481 8
482 7
483 7
484 8
485 3
486 13
487 6
488 6
489 10
490 6
491 7
492 7
493 10
494 13
495 10
496 11
497 11
498 15
499 4
500 7
501 6
502 11
503 16
504 8
505 2
506 10
507 4
508 8
509 4
510 3
511 8
512 4
513 4
514 3
515 5
516 3
517 3
518 3
520 3
521 4
522 1
523 4
524 4
525 1
526 1
527 2
528 3
530 1
531 1
536 1
546 1
