500 1000 50
0 473905
1 71
2 39
3 32
4 23
5 18
6 18
7 24
8 10
9 21
10 11
11 18
12 16
13 10
14 12
15 15
16 8
17 8
18 8
19 5
20 9
21 5
22 6
23 7
24 5
25 4
26 10
27 7
28 3
29 5
30 8
31 7
32 10
33 6
34 6
35 2
36 5
37 5
38 4
39 4
40 4
41 4
42 5
43 4
44 4
45 3
46 6
47 4
48 2
49 6
50 2
51 2
52 8
53 7
54 2
55 4
56 2
57 3
58 5
59 3
60 1
61 4
62 4
63 3
64 3
65 3
66 4
67 3
68 9
69 1
70 5
71 6
72 1
73 3
74 7
76 4
77 4
78 6
79 2
80 3
81 4
82 5
83 2
84 3
85 1
86 3
87 6
88 5
89 1
90 3
91 8
92 4
93 1
94 4
95 3
96 5
97 2
98 2
99 2
100 3
101 2
102 2
103 3
104 1
105 3
106 6
107 3
108 4
109 5
110 2
111 1
112 3
113 6
114 2
115 4
116 2
117 4
118 3
119 4
120 1
121 2
122 5
123 3
124 2
125 3
126 2
128 2
129 3
130 5
131 1
132 4
133 2
134 2
135 5
136 6
137 4
138 1
139 2
140 2
141 4
142 2
143 2
144 2
145 3
146 1
147 1
149 3
150 4
152 1
153 2
154 2
155 1
156 3
157 2
158 1
159 2
160 2
161 2
162 1
163 4
164 2
166 1
167 1
169 1
170 2
171 1
172 3
173 4
174 2
175 5
176 2
178 2
180 2
181 1
182 2
183 6
184 3
185 1
187 3
188 5
189 3
190 2
191 1
192 4
193 3
194 3
195 1
196 4
197 2
198 4
199 1
200 2
201 4
202 4
204 2
205 1
207 3
208 2
209 4
210 1
211 2
213 4
214 2
215 3
216 2
217 2
218 4
219 2
220 1
221 1
222 1
223 5
224 2
225 3
226 3
227 3
228 1
229 4
230 4
231 1
232 1
233 1
234 3
235 3
236 4
237 2
239 5
240 5
241 3
242 1
243 2
244 1
245 7
246 1
248 1
249 1
250 2
251 3
252 3
253 2
254 4
255 1
256 5
257 5
258 3
259 2
260 2
261 2
263 2
264 4
266 2
267 6
268 4
269 1
270 4
271 4
272 4
273 3
274 5
275 3
276 1
277 5
278 6
279 1
280 4
281 3
282 1
284 5
285 1
286 4
287 3
288 2
289 1
290 1
291 3
292 2
293 3
294 2
295 5
296 4
297 2
298 4
299 3
300 4
301 6
302 7
303 4
304 2
305 4
306 6
307 4
308 5
309 4
310 1
311 6
312 3
313 3
314 3
315 2
316 1
317 4
318 3
319 6
320 2
321 4
322 2
323 5
324 1
326 4
327 2
328 2
329 1
331 3
332 4
333 3
334 5
335 3
336 1
337 2
338 3
339 1
340 2
341 3
342 1
344 2
345 6
347 3
348 3
349 1
350 2
351 1
352 3
353 1
354 3
356 2
357 2
358 2
359 2
360 5
361 5
362 6
364 4
365 3
366 2
367 2
369 5
370 1
371 1
372 6
373 2
374 1
375 2
376 1
377 1
378 2
379 2
380 3
381 2
382 2
383 2
385 4
386 3
387 3
388 1
389 2
390 1
391 2
392 2
393 3
394 4
395 3
396 1
397 3
398 2
399 2
400 2
401 4
402 1
403 4
404 3
405 5
406 1
407 2
408 5
409 3
410 9
411 4
412 4
413 1
414 2
415 2
416 2
417 5
418 2
419 4
420 4
421 3
422 5
424 4
425 5
426 4
428 2
429 3
430 4
431 4
432 2
433 4
435 3
436 2
437 2
438 5
439 3
441 6
442 2
443 4
444 3
445 2
446 5
447 4
448 2
449 2
450 3
451 3
452 6
453 1
454 7
455 5
456 3
457 2
458 7
459 7
460 4
461 7
462 4
463 3
464 2
465 4
466 1
467 4
468 5
469 2
470 5
471 2
472 5
473 3
474 10
475 5
476 4
477 14
478 4
479 6
480 6
481 8
482 5
483 6
484 9
485 8
486 9
487 7
488 3
489 8
490 5
491 3
492 14
493 8
494 11
495 10
496 8
497 10
498 12
499 5
500 11
501 5
502 13
503 7
504 10
505 9
506 13
507 9
508 12
509 6
510 5
511 5
512 2
513 4
514 5
515 2
516 6
517 4
518 2
519 3
520 3
521 4
522 1
523 2
524 2
525 2
526 3
527 1
528 2
529 2
530 2
532 3
533 1
535 1
538 1
547 1
