500 1000 50
0 473834
1 32
2 18
3 10
4 8
5 8
6 8
7 10
8 11
9 14
10 12
11 7
12 6
13 4
14 6
15 5
16 4
17 5
18 10
19 9
20 7
21 5
22 11
23 5
24 4
25 7
26 6
27 5
28 4
29 3
30 4
31 8
32 6
33 4
34 2
35 5
36 4
37 2
38 4
39 3
40 4
41 5
42 2
43 6
44 2
45 1
46 3
47 3
49 3
50 7
51 9
52 1
53 3
54 3
55 3
56 5
57 1
58 5
59 4
60 5
61 5
62 2
63 2
64 2
65 4
66 4
67 3
68 3
69 1
70 4
71 3
72 4
73 1
74 5
75 3
76 3
77 3
78 3
79 2
82 4
83 2
84 6
85 2
86 4
87 4
88 5
89 4
90 2
92 1
93 5
94 3
95 1
96 1
97 3
98 3
99 4
100 1
102 2
103 2
104 6
105 4
106 2
107 4
108 4
109 2
110 3
111 1
112 3
113 4
115 1
116 2
117 2
118 1
119 5
120 2
121 2
122 1
123 5
124 4
125 1
126 2
127 4
128 2
129 8
130 2
131 4
132 3
133 4
134 5
135 4
136 1
138 4
139 2
140 1
141 1
142 1
143 4
144 2
145 2
146 1
147 1
149 2
152 2
153 1
154 3
155 2
156 1
157 2
158 1
159 1
160 4
161 1
162 2
163 2
164 2
165 2
166 3
167 3
168 1
169 2
170 4
171 3
172 3
173 2
174 3
175 2
176 1
177 2
179 5
180 4
182 6
183 2
184 1
185 5
186 7
187 3
188 3
189 1
190 3
191 1
192 2
193 3
194 1
195 3
197 3
198 2
199 2
200 2
201 3
202 1
203 4
204 6
205 1
206 1
207 2
208 2
209 2
210 2
211 2
212 3
213 2
214 4
215 4
217 1
220 1
223 1
225 1
226 1
227 4
228 1
231 1
232 5
234 2
235 1
236 1
237 3
238 1
239 5
240 3
241 2
242 1
243 1
244 2
245 1
246 3
247 2
248 2
249 5
250 3
251 2
253 1
254 1
255 3
256 3
257 1
258 1
259 2
260 1
261 6
262 1
263 6
264 3
265 2
266 2
267 4
268 3
269 4
270 1
271 3
272 1
274 3
275 2
276 2
277 7
278 6
279 2
280 2
281 3
282 4
283 8
284 1
285 3
286 2
287 3
288 4
289 3
290 4
291 4
292 5
293 5
294 1
295 4
296 2
297 3
298 11
299 7
300 4
301 3
302 4
303 6
304 3
305 5
306 7
307 5
308 5
309 5
310 7
311 4
312 3
313 5
315 2
316 3
317 3
318 4
319 4
320 3
321 2
322 3
323 3
324 4
325 4
327 2
328 3
329 3
330 1
331 3
332 2
333 3
334 7
335 3
336 5
337 3
338 2
339 2
340 3
341 3
342 4
345 3
346 3
347 1
348 4
349 1
350 1
352 1
353 4
354 1
355 2
356 2
357 4
358 1
359 2
360 4
361 2
362 1
363 4
364 1
365 1
366 3
367 4
368 5
369 4
370 1
371 2
372 2
373 1
374 3
375 1
376 1
377 4
380 4
381 2
382 3
384 6
385 3
386 6
387 5
388 7
389 3
390 3
391 3
392 4
393 3
394 2
395 3
397 2
398 2
399 2
400 2
401 2
402 4
403 3
404 3
405 4
406 3
407 3
409 5
410 3
411 2
412 8
413 3
414 3
415 1
417 5
418 4
420 5
421 3
422 3
423 1
424 2
425 5
426 5
427 4
428 4
429 2
430 5
431 4
432 4
433 1
434 3
435 2
436 2
437 2
438 3
439 5
440 4
441 4
442 3
444 1
445 3
447 3
449 4
450 2
451 6
452 9
453 3
455 3
456 5
457 1
458 4
459 2
460 2
461 3
462 5
463 2
464 3
465 4
466 7
467 2
468 3
469 4
470 7
471 7
472 6
473 5
474 7
475 7
476 8
477 4
478 6
479 6
480 6
481 3
482 4
483 4
484 2
485 1
486 10
487 8
488 3
489 3
490 12
491 11
492 9
493 9
494 15
495 12
496 11
497 9
498 10
499 11
500 7
501 12
502 9
503 7
504 9
505 11
506 16
507 9
508 8
509 7
510 7
511 1
512 4
513 6
514 6
515 1
516 2
517 4
518 4
520 5
521 2
522 3
523 2
524 3
525 1
526 2
527 2
528 2
529 2
530 3
531 1
532 3
534 5
536 1
538 1
539 1
