500 1000 50
0 473982
1 17
2 7
3 5
4 7
5 5
6 5
7 6
8 5
9 6
10 7
11 6
12 5
13 5
14 8
15 5
16 6
17 8
18 4
19 6
20 5
21 2
22 6
23 5
24 3
25 3
26 1
27 5
28 6
29 4
30 7
31 7
32 2
33 5
34 2
35 2
37 6
38 1
39 4
40 3
41 2
42 5
43 3
44 2
45 5
46 3
47 2
48 4
49 2
50 1
51 3
52 2
53 1
55 2
56 3
59 4
60 2
61 1
62 6
63 5
64 2
65 5
66 3
67 3
68 3
69 4
70 1
71 2
72 1
73 4
74 4
75 2
76 4
77 3
78 3
79 4
80 2
81 3
83 5
84 1
85 2
86 1
88 4
89 3
90 3
91 5
92 3
93 1
94 2
95 2
96 2
97 1
98 4
99 4
100 2
101 2
102 2
104 3
105 2
106 2
107 3
108 3
111 4
112 2
113 3
115 1
116 1
117 1
118 3
119 2
120 5
121 1
122 3
123 2
124 5
125 3
126 3
127 2
128 2
129 4
131 1
132 2
133 2
134 4
135 1
136 4
137 3
138 4
139 2
140 1
141 4
142 3
143 2
144 1
145 2
146 3
150 1
153 1
154 1
155 2
156 4
157 1
159 4
160 2
161 2
163 4
164 2
165 3
166 4
167 1
168 1
169 8
170 2
171 5
172 4
173 1
174 2
175 3
176 1
177 3
179 2
180 2
181 1
182 1
183 2
184 4
185 1
186 7
187 1
188 3
190 3
191 3
192 2
194 2
195 2
196 5
197 2
198 2
199 2
201 1
202 1
203 1
204 1
205 1
206 3
207 2
208 1
209 1
211 1
212 1
215 1
218 2
219 2
220 1
221 3
223 1
224 1
226 1
227 2
228 1
231 2
232 1
233 1
234 2
235 3
237 4
238 3
239 3
240 6
241 2
242 4
243 2
244 1
245 1
246 2
247 2
249 1
250 2
251 2
252 5
253 3
254 3
255 1
256 1
257 1
258 1
259 4
260 2
261 3
262 2
264 4
265 3
266 5
267 2
268 2
269 3
270 3
271 2
272 2
273 3
274 1
275 1
276 4
277 4
278 3
279 3
280 2
281 6
282 6
283 3
284 1
285 4
286 6
287 4
288 6
289 3
290 1
291 6
292 5
293 4
294 9
295 2
296 3
297 5
298 1
299 1
300 2
301 5
302 4
303 4
304 1
305 2
306 3
307 2
308 6
309 2
310 2
311 4
312 2
313 2
314 2
315 2
316 3
317 4
318 2
319 2
320 4
321 4
322 3
323 4
324 1
325 2
326 6
327 7
328 3
329 2
330 6
331 5
332 4
333 3
334 2
335 3
336 5
337 2
338 3
339 4
340 3
341 1
342 3
344 1
346 2
347 2
348 2
350 4
351 2
352 1
353 4
354 1
355 1
356 2
357 3
358 3
359 2
360 2
361 1
362 3
363 5
364 2
365 2
366 1
367 2
368 2
369 2
370 4
371 2
372 5
373 2
374 2
375 4
376 2
377 2
378 2
380 4
381 1
382 5
383 3
384 1
385 2
386 3
387 7
388 2
389 2
390 3
391 2
392 3
393 3
394 3
395 2
396 1
397 4
398 2
399 5
400 2
401 5
402 1
403 5
405 5
406 6
407 5
408 2
409 3
411 2
412 2
413 2
414 1
415 7
416 1
417 3
418 2
419 4
420 3
421 3
422 2
423 3
424 5
425 2
426 8
427 1
428 1
429 3
430 2
431 1
432 3
433 3
434 5
435 2
436 1
437 7
438 3
439 3
440 1
441 3
442 2
443 1
444 2
445 5
446 2
447 6
448 4
449 3
450 3
451 2
452 2
453 1
454 4
455 3
456 7
457 1
458 3
459 5
460 4
461 2
462 2
463 5
464 2
465 5
466 7
467 1
468 3
469 2
470 4
471 4
472 2
473 4
474 6
475 6
476 5
477 4
478 4
479 4
480 5
481 8
482 7
483 7
484 10
485 7
486 9
487 3
488 12
489 8
490 12
491 3
492 14
493 10
494 13
495 10
496 14
497 6
498 13
499 10
500 11
501 9
502 15
503 6
504 17
505 8
506 13
507 10
508 11
509 1
510 11
511 6
512 9
513 3
514 6
515 4
516 7
517 4
518 6
519 6
520 3
521 3
522 4
523 4
524 2
525 2
526 2
527 2
528 1
529 2
530 2
531 1
534 3
548 1
