500 1000 50
0 473337
1 174
2 97
3 59
4 43
5 45
6 29
7 35
8 21
9 17
10 23
11 21
12 12
13 20
14 14
15 12
16 12
17 21
18 20
19 18
20 7
21 16
22 11
23 16
24 11
25 6
26 13
27 6
28 8
29 7
30 8
31 9
32 6
33 10
34 4
35 9
36 11
37 9
38 5
39 9
40 7
41 10
42 6
43 7
44 9
45 5
46 14
47 6
48 6
49 5
50 7
51 6
52 6
53 15
54 10
55 6
56 5
57 6
58 2
59 5
60 8
61 5
62 2
63 7
64 9
65 5
66 3
67 12
68 3
69 4
70 7
71 5
72 7
73 7
74 3
75 4
76 4
77 5
78 4
79 7
80 3
81 6
82 3
83 4
84 2
85 2
86 9
87 4
88 8
89 5
90 2
91 2
92 3
93 5
94 4
95 7
96 4
97 3
98 5
99 2
100 3
101 7
102 4
103 5
104 5
105 6
106 2
107 6
109 3
110 6
111 2
112 3
113 3
114 2
115 4
116 5
117 6
118 6
119 4
120 4
121 3
122 3
123 2
124 2
125 4
126 5
127 4
128 5
129 3
130 3
131 1
132 1
133 4
134 3
135 3
136 2
137 2
138 4
139 4
140 1
141 4
142 2
143 1
144 3
145 6
146 2
147 2
149 4
150 1
151 2
152 3
153 3
155 2
156 1
157 3
158 4
159 2
160 6
161 4
162 2
163 5
164 4
165 1
166 2
167 4
168 2
169 6
171 4
172 5
173 3
174 1
175 2
176 1
177 5
178 2
179 3
180 1
181 2
182 4
183 3
184 4
185 4
186 2
187 5
188 2
190 3
191 3
192 4
194 2
195 3
197 2
198 1
199 4
200 4
201 3
202 2
203 4
204 2
205 1
206 3
207 3
208 2
209 6
210 1
211 5
212 5
213 4
214 3
215 1
216 1
217 3
218 5
219 4
220 2
222 3
223 1
224 2
225 3
226 4
227 2
228 2
229 1
230 2
231 1
232 4
233 1
234 3
235 7
236 2
237 8
238 2
239 4
240 4
241 4
243 4
245 5
246 3
247 3
248 1
249 5
250 3
251 5
253 3
254 7
255 2
256 3
257 4
258 8
259 4
260 3
261 6
262 4
263 1
264 4
265 4
266 8
267 4
268 4
270 6
271 5
272 1
273 3
274 2
275 5
276 2
277 4
278 4
279 8
280 2
281 3
282 3
283 4
284 7
285 4
286 5
287 4
288 4
289 3
290 5
291 3
292 2
293 3
294 4
295 1
296 4
297 1
298 3
299 2
300 2
301 8
302 3
303 7
304 3
305 1
306 2
307 4
308 1
309 2
310 5
311 2
312 5
313 2
314 4
315 5
316 3
317 5
318 3
319 2
320 4
321 2
322 3
323 2
324 3
326 1
327 2
328 3
329 2
331 4
332 2
333 1
334 2
335 4
336 3
338 4
339 3
340 4
342 3
343 4
344 4
345 2
346 1
347 2
348 2
349 6
350 3
351 3
352 3
353 5
354 2
355 2
356 4
357 1
358 3
359 4
360 3
361 3
362 3
363 4
364 2
365 3
366 2
367 6
369 2
370 4
371 2
372 2
373 3
374 2
375 5
376 1
377 1
378 4
379 3
380 4
381 2
382 4
383 1
384 5
385 1
386 2
387 3
388 1
389 2
390 6
391 6
392 4
393 5
394 2
395 4
396 2
397 3
398 3
399 4
400 4
401 4
402 6
403 1
404 1
405 2
406 3
408 5
409 4
410 5
411 2
412 1
413 3
414 4
415 3
416 5
417 2
418 4
419 3
420 1
421 4
422 2
423 2
424 1
425 4
426 4
427 1
428 2
429 5
430 2
431 2
432 1
433 2
434 6
435 2
436 3
437 5
438 1
439 1
440 1
441 3
442 1
443 6
444 4
445 2
447 3
448 2
449 1
450 4
451 3
452 3
453 4
454 4
455 2
456 4
457 5
458 3
459 4
460 5
461 4
462 5
463 5
464 5
465 5
466 9
468 4
469 4
470 1
471 3
472 3
473 3
474 4
475 7
476 5
477 7
478 6
479 7
480 8
481 8
482 4
483 4
484 8
485 10
486 4
487 6
488 11
489 4
490 11
491 2
492 7
493 4
494 7
495 6
496 5
497 13
498 11
499 5
500 5
501 5
502 10
503 9
504 7
505 3
506 2
507 5
508 3
509 1
510 12
511 2
512 6
513 4
514 2
515 6
516 3
517 1
518 5
519 4
520 1
521 2
522 2
523 1
525 2
526 1
528 1
530 2
535 1
538 1
