500 1000 50
0 471942
1 634
2 295
3 161
4 135
5 95
6 73
7 54
8 57
9 49
10 45
11 39
12 31
13 24
14 19
15 30
16 18
17 15
18 25
19 21
20 25
21 16
22 16
23 11
24 21
25 20
26 9
27 15
28 17
29 10
30 14
31 9
32 13
33 10
34 6
35 13
36 9
37 9
38 6
39 9
40 10
41 12
42 10
43 4
44 8
45 8
46 10
47 13
48 18
49 14
50 5
51 5
52 10
53 8
54 6
55 3
56 3
57 8
58 6
59 6
60 10
61 6
62 9
63 8
64 4
65 15
66 9
67 8
68 11
69 11
70 8
71 7
72 6
73 9
74 7
75 8
76 4
77 4
78 12
79 10
80 5
81 5
82 8
83 5
84 7
85 8
86 5
87 9
88 3
89 6
90 6
91 5
92 7
93 6
94 3
95 11
96 7
97 5
98 6
99 10
100 5
101 4
102 5
103 6
104 7
105 7
106 4
107 5
108 5
109 8
110 5
111 3
112 4
113 2
114 3
115 2
116 5
117 4
118 3
119 3
120 3
121 6
122 5
123 2
124 3
125 5
126 4
127 8
128 4
129 2
130 6
131 2
132 2
133 4
134 6
135 5
136 7
137 4
138 3
139 4
140 6
141 6
142 4
143 3
144 4
145 3
146 6
147 4
148 2
149 7
150 3
151 6
152 5
153 3
154 4
155 1
156 5
157 3
158 2
160 3
161 4
162 7
163 3
164 4
165 3
166 3
168 3
169 2
170 6
171 4
172 6
173 1
174 3
175 2
176 5
177 3
178 2
179 2
180 2
181 10
182 3
183 1
184 1
185 5
186 8
188 3
189 4
190 8
191 4
192 4
193 4
194 4
195 3
196 8
197 4
198 3
199 4
200 4
201 1
202 5
203 2
204 4
205 6
206 5
207 5
208 4
209 5
210 5
211 4
212 2
213 4
214 1
215 1
216 5
217 3
218 2
219 5
220 3
221 1
222 3
223 3
224 3
225 3
226 3
227 3
228 3
229 7
230 7
231 6
232 2
233 3
234 1
235 4
236 2
237 3
238 2
239 5
240 9
241 3
242 4
243 4
244 4
245 4
246 4
247 7
248 2
249 5
250 2
251 2
252 3
253 5
254 6
255 4
256 4
257 3
258 4
259 6
260 3
261 3
262 1
263 5
264 3
265 6
266 4
267 3
268 3
269 7
270 5
271 4
272 4
273 4
274 5
275 2
276 6
277 6
278 2
279 5
280 6
281 10
282 4
283 4
284 2
285 5
286 2
287 3
288 2
289 4
290 4
291 2
292 4
293 6
294 5
295 3
296 4
297 5
298 2
299 2
300 1
301 5
302 5
303 3
304 6
305 6
306 1
307 4
308 4
309 1
310 1
311 4
312 1
313 2
314 6
315 2
316 3
317 4
319 6
320 4
321 2
322 4
323 1
324 4
325 1
326 4
327 3
329 4
330 3
331 3
332 6
333 1
334 8
335 1
336 1
337 2
338 2
339 7
340 2
341 2
342 1
343 2
344 2
345 5
346 4
347 3
348 1
349 1
350 3
351 4
352 4
353 2
354 2
355 1
356 2
357 5
358 4
359 3
361 2
362 1
364 1
365 3
366 5
367 4
368 3
369 1
370 2
371 3
372 5
373 4
374 4
375 1
376 4
377 2
378 5
379 5
380 5
381 2
382 1
384 3
385 1
386 4
387 2
389 3
390 3
391 2
392 2
393 2
394 3
395 2
396 1
397 3
398 5
399 2
400 4
401 4
402 3
403 2
404 5
405 3
406 6
407 1
408 3
409 3
410 3
411 4
412 3
413 5
414 3
415 4
416 3
417 1
418 3
419 4
420 6
421 4
422 2
423 2
425 1
426 1
427 7
428 5
430 2
431 4
432 3
433 2
434 3
435 2
436 6
437 2
438 3
439 2
440 4
441 2
442 4
443 2
444 2
445 2
446 3
447 1
448 3
449 5
450 3
451 4
452 1
453 3
455 3
456 6
457 6
458 8
459 3
460 3
461 2
462 6
463 4
464 2
465 4
466 3
467 4
468 3
469 3
471 4
472 8
473 6
474 6
475 6
476 2
477 3
478 5
479 4
480 7
481 10
482 7
483 2
484 2
485 5
486 4
487 8
488 7
489 4
490 2
491 3
492 6
493 7
494 4
495 6
496 4
497 4
498 4
499 3
500 4
501 5
502 4
503 4
504 1
505 2
506 3
507 4
508 4
509 3
510 2
511 4
512 3
513 4
514 1
515 3
516 2
517 3
518 1
519 1
520 1
521 2
522 1
523 1
525 1
528 1
530 1
533 1
542 1
