500 1000 50
0 473962
1 65
2 44
3 23
4 20
5 15
6 22
7 13
8 14
9 12
10 14
11 15
12 17
13 11
14 14
15 9
16 10
17 11
18 4
19 4
20 11
21 5
22 9
23 4
24 5
25 7
26 3
27 1
28 4
29 4
30 5
31 4
32 5
33 2
34 6
35 4
36 7
37 5
38 5
39 2
40 6
41 1
42 2
43 2
44 2
45 6
46 6
47 5
48 3
49 5
50 2
51 3
52 5
53 1
54 5
55 1
56 5
57 5
58 3
59 4
60 4
61 6
62 7
63 5
64 6
65 1
66 1
67 2
68 4
69 6
70 3
71 2
72 3
73 2
74 6
75 3
76 4
77 3
78 4
79 4
80 5
81 1
82 6
83 4
84 3
85 3
86 6
87 3
88 4
89 3
90 4
91 3
92 5
93 3
94 4
95 3
96 4
97 1
98 1
99 5
100 6
101 2
102 4
103 7
104 1
105 3
106 5
107 3
108 3
109 3
110 1
111 3
112 1
113 5
114 1
115 4
116 4
117 4
118 4
119 3
120 1
121 5
122 2
123 2
124 3
125 2
126 3
127 2
128 4
130 3
131 4
132 1
133 2
134 2
135 2
136 2
137 2
138 4
139 4
140 2
141 2
142 2
143 2
144 2
145 1
146 2
147 1
148 1
149 2
151 2
152 3
153 2
154 2
155 2
156 2
157 2
158 3
159 3
160 2
162 1
164 1
165 4
166 1
167 1
168 2
169 3
170 2
171 2
172 4
173 2
174 2
175 3
176 2
178 1
179 4
180 2
181 2
182 1
184 2
186 3
187 1
188 2
189 6
190 3
191 1
192 3
193 2
194 4
195 3
196 1
198 2
199 2
200 5
201 3
202 4
203 2
204 2
205 2
207 3
208 2
209 2
210 3
211 2
212 1
213 2
214 2
215 4
217 2
218 4
219 1
220 2
221 2
222 3
223 4
224 4
225 3
226 2
227 1
228 4
229 4
230 4
231 3
232 2
233 4
234 1
235 1
237 2
238 1
239 2
240 5
242 3
243 3
244 1
245 4
246 2
247 1
248 6
249 4
250 3
251 2
252 3
253 2
254 1
255 2
256 4
257 3
258 1
259 2
260 1
261 3
262 2
263 1
264 1
265 3
266 3
267 5
268 3
269 1
270 1
271 3
272 1
273 3
274 2
275 5
276 5
277 4
278 8
279 3
280 3
281 4
283 3
284 2
285 2
286 1
287 6
288 2
289 4
290 3
291 1
292 5
293 1
294 4
295 2
296 4
297 3
298 4
299 6
300 3
301 2
302 1
303 4
304 2
305 3
306 8
307 4
308 3
309 3
310 3
311 5
312 5
313 3
314 2
315 2
316 1
317 2
318 2
319 3
320 2
321 2
322 3
323 1
324 2
325 1
326 5
327 2
328 2
329 4
330 2
331 2
332 1
333 3
334 5
335 3
336 5
337 4
339 4
340 3
342 5
343 3
344 4
345 2
346 2
347 2
348 3
350 2
351 3
352 1
354 3
355 2
356 2
358 6
361 2
362 2
363 1
364 1
365 1
366 2
367 1
368 1
369 3
370 2
371 2
372 2
373 3
374 6
375 4
376 1
377 2
378 3
379 1
380 3
381 4
382 2
383 4
384 4
385 2
386 1
387 5
388 3
389 3
390 4
391 3
392 3
393 5
394 2
395 3
396 1
397 1
398 6
399 4
400 5
401 3
403 2
404 1
405 1
406 2
407 2
408 2
409 2
410 4
411 4
412 3
413 3
414 2
415 1
416 4
417 3
418 2
419 4
421 4
422 5
423 3
424 2
425 2
426 2
427 2
428 2
429 3
430 4
431 4
432 6
433 7
434 4
435 2
436 1
437 4
438 4
439 2
440 1
441 4
442 2
443 4
444 4
445 3
446 7
447 1
448 8
449 6
450 2
451 4
452 1
453 3
454 3
455 2
456 6
457 2
458 2
459 3
460 3
462 1
463 6
464 4
465 8
466 5
467 4
468 5
469 3
470 4
471 5
472 4
473 4
474 2
475 8
476 8
477 5
478 7
479 8
480 7
481 9
482 10
483 2
484 8
485 9
486 14
487 8
488 13
489 8
490 11
491 8
492 10
493 6
494 9
495 7
496 9
497 4
498 7
499 9
500 7
501 8
502 8
503 5
504 8
505 7
506 12
507 7
508 5
509 9
510 8
511 6
512 9
513 5
514 8
515 4
516 4
518 4
519 5
520 2
521 3
522 5
523 1
524 2
525 2
526 2
527 2
528 2
529 1
530 2
531 1
532 1
533 1
534 2
540 1
543 1
545 1
546 1
548 1
549 1
