500 1000 50
0 473692
1 89
2 67
3 46
4 31
5 26
6 14
7 15
8 19
9 19
10 15
11 20
12 14
13 18
14 14
15 16
16 9
17 20
18 14
19 13
20 7
21 14
22 14
23 8
24 8
25 7
26 9
27 7
28 7
29 5
30 7
31 7
32 7
33 2
34 6
35 5
36 6
37 9
38 3
39 7
40 11
41 7
42 8
43 5
44 9
45 3
46 2
47 1
48 8
49 6
50 6
51 5
52 1
53 13
54 7
55 5
56 2
57 4
58 5
59 9
60 5
61 4
62 5
63 3
64 4
65 1
66 3
67 3
68 3
69 8
70 5
71 6
73 3
74 3
75 3
76 1
77 5
78 5
79 6
80 4
81 5
82 4
83 4
84 4
85 6
86 5
87 6
88 4
89 4
90 3
91 4
93 4
94 3
95 3
96 4
97 2
98 3
99 4
100 6
101 2
102 3
103 3
104 3
105 4
106 2
107 4
108 6
109 4
110 1
111 5
112 2
114 5
115 3
116 3
117 1
118 5
119 3
120 3
121 7
122 4
123 4
124 4
126 3
127 1
128 1
129 3
130 2
131 2
132 1
133 5
134 4
135 4
137 2
138 5
139 2
140 2
141 3
142 3
143 4
144 3
145 2
146 2
147 4
149 2
150 1
151 4
152 4
153 4
154 2
155 3
156 3
157 1
158 1
159 3
160 2
161 1
163 1
164 3
165 1
166 2
167 2
168 4
169 2
170 3
171 1
172 1
173 2
174 2
175 2
176 6
177 1
178 5
179 3
180 5
181 3
182 2
183 1
184 2
186 1
187 4
188 4
189 1
190 5
191 1
192 1
193 3
194 2
196 1
197 7
198 1
199 4
200 2
201 2
202 6
203 3
205 2
206 3
207 3
208 1
209 2
210 4
211 2
212 1
213 2
214 1
215 6
216 2
217 5
218 2
219 3
220 5
221 6
223 3
224 1
225 3
226 2
227 1
228 4
229 2
230 2
231 2
232 1
233 5
235 2
237 3
238 3
239 2
240 4
242 3
243 3
244 2
245 3
246 3
248 3
249 2
250 2
251 1
252 4
253 4
254 1
255 4
256 3
257 3
258 2
259 1
260 3
261 5
262 4
263 4
264 4
265 4
266 1
267 3
268 6
269 5
270 1
271 2
272 4
273 6
274 3
275 3
276 4
277 2
278 7
279 2
280 5
281 5
282 3
283 3
284 1
285 2
286 6
287 2
288 3
289 4
290 8
291 2
292 3
293 9
294 3
295 5
296 2
297 6
298 5
299 3
300 2
301 1
302 2
303 2
304 8
305 2
306 3
307 1
308 2
309 1
310 4
311 1
312 6
313 1
315 4
316 4
317 5
318 2
319 3
321 3
322 3
323 2
324 4
325 3
326 5
327 4
328 4
329 2
330 2
331 2
332 1
334 3
335 1
336 2
337 2
338 2
339 1
340 1
341 1
342 1
343 7
344 2
345 4
346 2
347 1
348 4
349 2
350 2
351 3
352 1
353 2
354 4
355 1
356 2
357 3
358 1
359 4
360 2
361 3
362 5
363 4
364 2
365 3
366 2
367 2
368 6
369 3
370 5
371 4
372 1
373 2
374 4
375 1
376 2
377 2
378 4
379 3
380 3
381 1
382 2
383 2
384 2
385 2
386 4
387 1
388 3
389 5
390 4
391 5
392 2
393 6
394 7
395 1
396 2
398 3
399 3
400 2
401 3
402 2
404 3
405 3
406 4
407 1
408 2
409 1
410 4
411 2
412 4
413 2
414 3
415 7
416 3
417 2
418 3
419 2
420 3
421 2
422 5
423 7
424 4
425 5
426 5
427 3
428 4
429 4
432 6
433 3
434 1
435 3
436 7
437 2
438 5
439 1
440 2
441 4
443 2
444 4
445 2
446 6
448 5
449 3
450 5
451 5
453 4
454 2
455 4
456 5
457 6
458 3
459 6
460 3
461 3
462 2
463 7
464 2
465 3
466 4
467 5
468 4
469 2
470 8
471 7
472 5
473 6
474 3
475 6
476 6
477 5
478 7
479 7
480 12
481 10
482 8
483 4
484 10
485 3
486 6
487 6
488 5
489 6
490 9
491 5
492 10
493 7
494 6
495 6
496 8
497 10
498 4
499 5
500 3
501 8
502 6
503 10
504 8
505 5
506 4
507 4
508 8
509 3
510 9
511 4
512 4
513 7
514 6
515 4
516 4
517 4
518 2
519 4
520 6
521 4
522 1
523 5
524 3
525 2
527 2
528 2
530 4
534 1
537 1
