500 1000 50
0 424974
1 8130
2 6491
3 5233
4 4239
5 3451
6 2889
7 2372
8 2022
9 1725
10 1538
11 1281
12 1108
13 975
14 829
15 735
16 616
17 572
18 524
19 445
20 405
21 344
22 323
23 255
24 324
25 241
26 249
27 219
28 189
29 173
30 142
31 142
32 128
33 112
34 108
35 131
36 114
37 91
38 104
39 66
40 81
41 68
42 67
43 55
44 68
45 56
46 48
47 54
48 51
49 45
50 40
51 41
52 52
53 44
54 36
55 44
56 27
57 31
58 40
59 29
60 31
61 26
62 32
63 36
64 19
65 23
66 24
67 16
68 20
69 18
70 16
71 25
72 24
73 23
74 15
75 13
76 24
77 25
78 18
79 15
80 11
81 21
82 9
83 15
84 13
85 12
86 11
87 13
88 13
89 8
90 6
91 6
92 17
93 5
94 6
95 10
96 16
97 6
98 3
99 7
100 5
101 7
102 6
103 6
104 7
105 7
106 8
107 8
108 10
109 6
110 5
111 6
112 6
113 11
114 10
115 2
116 6
117 6
118 4
119 5
120 4
121 6
122 8
123 4
125 3
126 6
127 4
128 5
129 2
130 2
131 1
132 6
133 3
134 1
135 4
136 6
137 2
138 3
139 5
140 1
141 7
143 2
144 1
145 6
146 1
147 4
148 1
150 2
151 3
152 3
154 2
155 2
156 3
157 3
158 1
159 5
161 1
162 1
163 1
164 2
165 3
166 3
168 1
169 2
171 1
172 2
173 2
178 5
179 3
180 7
181 1
182 3
183 2
184 1
185 1
186 2
187 1
188 2
189 1
190 3
191 3
193 2
197 3
199 1
200 2
206 1
208 2
209 1
210 1
213 4
218 1
220 1
221 2
226 2
233 1
236 1
237 2
238 1
242 2
261 1
262 1
263 1
266 1
267 1
272 1
