500 1000 50
0 472856
1 335
2 160
3 96
4 63
5 54
6 46
7 31
8 36
9 36
10 30
11 22
12 23
13 22
14 18
15 22
16 23
17 12
18 12
19 19
20 21
21 8
22 13
23 16
24 7
25 14
26 15
27 10
28 9
29 5
30 5
31 8
32 9
33 9
34 10
35 3
36 10
37 13
38 9
39 10
40 11
41 8
42 7
43 9
44 6
45 6
46 12
47 13
48 11
49 10
50 6
51 7
52 9
53 10
54 8
55 9
56 8
57 7
58 7
59 6
60 5
61 10
62 9
63 2
64 7
65 3
66 7
67 7
68 12
69 8
70 10
71 6
72 4
73 7
74 2
75 6
76 6
77 3
78 7
79 9
80 4
81 6
82 4
83 2
84 6
85 5
86 3
87 7
88 3
89 6
90 7
91 6
92 6
93 2
94 6
95 4
96 6
97 4
98 4
99 4
100 8
101 1
102 5
103 5
104 5
106 3
107 3
108 1
109 1
110 3
111 6
112 6
113 8
114 6
115 4
116 5
117 2
118 5
119 2
120 5
121 4
122 4
123 4
125 6
126 5
127 4
128 2
129 5
130 4
131 6
132 3
133 4
134 5
135 3
136 5
137 1
138 7
139 5
140 2
141 2
142 4
143 1
144 3
145 4
146 6
147 3
148 1
149 4
150 4
151 2
152 4
153 2
154 4
155 3
156 2
157 2
158 1
159 5
160 8
161 4
162 5
163 3
164 6
165 2
166 3
167 2
168 4
169 4
171 3
172 2
173 3
174 5
175 3
176 1
177 4
178 2
179 3
180 4
181 3
183 5
184 1
185 2
186 3
187 3
188 3
189 2
190 7
191 2
192 5
193 1
195 5
196 3
197 4
198 3
199 3
200 1
201 3
202 2
203 4
204 1
205 3
206 4
207 4
208 6
209 3
210 1
211 3
212 3
213 2
214 3
215 3
216 2
217 4
218 4
219 5
221 5
222 1
223 6
224 2
225 2
226 4
227 3
228 5
229 4
230 5
232 5
233 4
234 3
235 1
236 2
237 1
238 3
239 6
240 4
241 2
242 7
243 4
244 2
245 3
246 2
247 3
248 4
249 2
250 5
251 5
252 4
253 4
254 3
255 5
256 7
257 1
258 2
259 1
260 4
261 3
262 3
263 6
264 3
265 4
266 5
267 3
268 4
269 3
270 5
271 4
272 7
273 4
274 2
275 5
277 5
278 5
279 6
280 5
281 2
282 5
283 10
284 1
285 1
286 6
287 5
288 7
289 7
290 3
291 3
292 3
293 4
294 4
295 5
296 5
297 3
298 4
299 3
300 5
301 4
302 3
303 3
304 7
305 4
306 4
307 4
309 3
310 2
311 5
312 1
313 3
314 4
315 4
316 3
317 1
318 4
319 4
320 4
321 4
322 1
323 3
324 2
325 2
326 2
327 4
328 5
329 2
330 4
331 6
332 2
333 4
335 1
336 3
337 4
338 3
339 4
340 1
341 1
342 3
343 2
344 3
345 1
346 4
347 2
348 2
349 2
350 3
351 3
352 3
353 3
354 1
355 1
356 1
357 4
358 2
359 6
360 3
361 2
362 2
363 3
364 3
366 3
367 3
368 4
370 1
372 1
373 2
374 3
375 1
376 2
377 2
378 2
379 3
380 1
381 3
382 4
383 5
384 2
385 1
386 2
387 2
388 2
389 3
390 1
391 5
392 4
393 6
394 7
395 2
396 4
397 4
398 4
399 3
400 2
401 5
402 2
403 8
404 5
405 4
406 1
407 1
408 3
409 4
411 6
412 3
413 3
414 1
415 6
417 4
418 3
419 2
420 2
421 3
424 1
425 3
426 2
427 4
428 3
429 4
430 3
431 3
432 4
433 2
434 4
435 3
436 3
437 5
438 6
439 2
440 6
441 2
442 4
443 1
444 4
445 2
446 3
447 3
448 3
449 4
450 6
451 3
452 3
453 3
454 2
455 5
456 1
457 2
458 6
459 2
460 5
461 3
462 3
463 3
464 2
465 5
466 3
467 2
468 2
469 8
470 1
471 3
472 8
473 8
474 5
475 2
476 4
477 7
478 11
479 7
480 5
481 5
482 9
483 8
484 4
485 8
486 5
487 4
488 4
489 4
490 10
491 6
492 6
493 4
494 4
495 3
496 4
497 3
498 4
499 2
500 5
501 2
502 6
503 3
504 5
505 4
506 6
507 5
508 5
509 5
510 6
511 5
512 4
513 2
514 4
515 5
516 2
517 3
518 3
519 2
520 2
521 1
522 1
523 3
524 1
526 1
527 2
529 2
535 3
543 1
