500 1000 50
0 473871
1 24
2 15
3 7
4 7
5 10
6 2
7 10
8 9
9 12
10 12
11 6
12 12
13 8
14 5
15 9
16 4
17 5
18 9
19 4
20 5
21 7
22 4
23 4
24 6
25 7
26 10
27 5
28 5
29 3
30 5
31 5
32 8
33 3
34 4
35 4
36 7
37 1
38 1
39 6
40 2
42 1
43 5
44 3
45 2
46 3
47 2
48 3
49 3
50 7
51 4
52 2
53 2
54 3
55 2
56 2
57 6
58 2
59 5
60 3
61 4
62 4
63 2
64 3
65 4
66 1
67 2
68 1
69 4
70 5
71 1
73 1
74 2
75 7
76 4
77 5
78 3
79 4
80 3
81 3
82 4
83 3
84 2
85 2
87 2
89 3
90 2
91 3
92 5
93 1
94 4
95 7
96 3
97 1
98 4
99 1
100 4
101 2
102 2
103 3
104 3
105 2
106 2
107 5
108 1
109 1
110 6
111 1
112 3
113 1
114 2
115 3
116 2
117 4
118 4
119 3
120 1
121 4
122 2
123 1
124 4
125 3
126 6
127 2
128 2
129 2
130 3
131 2
132 1
133 6
137 6
138 2
139 2
140 2
141 1
142 4
143 1
145 2
146 2
147 2
148 5
149 2
150 3
152 2
153 2
154 2
155 3
156 2
157 1
158 1
159 1
160 3
161 1
162 1
163 3
165 1
167 1
169 2
170 4
172 3
173 3
174 2
175 3
176 5
177 4
178 2
179 4
180 4
181 2
182 2
183 3
184 3
185 5
186 5
187 2
188 3
189 1
191 2
192 1
193 1
194 6
195 1
196 1
197 3
198 1
199 3
200 4
201 3
202 1
203 3
204 1
205 1
206 2
207 2
208 3
210 1
211 1
212 1
213 3
215 1
217 3
218 1
219 2
220 1
222 3
223 1
224 1
225 3
226 1
227 4
228 1
229 1
232 2
233 1
235 3
236 2
239 1
240 1
241 1
242 4
243 3
244 3
246 4
247 1
248 3
249 4
251 2
252 2
253 5
254 3
255 6
256 4
257 2
258 5
259 4
260 3
261 2
262 1
263 1
264 1
265 2
266 4
267 4
268 4
269 4
270 2
271 2
272 1
273 1
274 2
275 3
276 2
277 3
278 5
279 4
280 2
281 1
282 4
283 1
284 5
285 3
286 7
287 3
288 2
289 4
290 3
291 5
292 6
293 3
294 2
295 2
296 4
297 2
298 6
299 4
300 4
301 2
302 2
303 6
304 5
305 4
306 6
307 5
308 5
310 8
311 5
312 1
313 5
314 5
315 7
316 7
318 4
319 2
320 5
321 4
322 3
323 6
324 2
325 4
326 2
327 1
329 2
330 5
331 3
332 4
333 4
334 4
335 8
336 1
337 1
338 2
339 3
341 2
342 4
343 2
344 1
345 3
347 5
348 1
349 4
351 1
352 2
353 5
354 2
355 1
357 4
358 1
359 1
361 2
362 1
363 1
366 2
367 3
368 3
369 3
370 5
371 2
373 2
374 3
375 3
376 1
377 4
378 6
379 2
380 2
381 1
382 6
383 3
384 3
385 1
387 2
389 4
390 5
391 2
392 1
393 1
394 1
395 4
396 5
397 4
398 1
399 5
400 4
401 4
402 3
403 5
404 5
405 2
406 1
407 4
408 3
409 2
410 6
411 3
412 4
413 3
414 3
415 4
416 3
417 1
418 1
419 6
420 3
421 3
422 2
423 5
424 5
425 1
426 2
427 2
428 1
429 4
430 5
431 2
432 7
433 5
434 3
435 6
436 2
437 5
438 2
439 4
440 3
441 5
442 3
443 2
444 3
445 1
446 4
447 4
448 3
449 3
450 2
451 1
452 2
453 4
455 4
456 4
457 1
458 1
459 4
460 3
461 5
462 2
463 1
465 2
466 3
467 4
468 4
469 2
470 2
471 2
472 7
473 3
474 10
475 6
476 7
477 3
478 2
479 6
480 10
481 2
482 11
483 6
484 7
485 6
486 10
487 10
488 8
489 11
490 11
491 8
492 16
493 9
494 6
495 8
496 9
497 10
498 13
499 7
500 10
501 7
502 14
503 11
504 7
505 4
506 5
507 4
508 12
509 7
510 7
511 7
512 8
513 5
514 8
515 6
516 5
517 3
518 9
519 3
520 4
521 2
522 2
523 3
524 4
525 4
526 4
527 1
528 2
529 1
531 1
534 1
536 1
540 1
544 1
