500 1000 50
0 432800
1 7554
2 5643
3 4421
4 3511
5 2786
6 2384
7 1923
8 1468
9 1380
10 1193
11 979
12 816
13 702
14 604
15 567
16 474
17 439
18 373
19 332
20 335
21 247
22 243
23 232
24 226
25 204
26 156
27 173
28 165
29 155
30 139
31 137
32 133
33 101
34 84
35 105
36 94
37 104
38 85
39 74
40 73
41 69
42 85
43 48
44 55
45 65
46 53
47 44
48 43
49 48
50 51
51 35
52 30
53 40
54 34
55 40
56 40
57 40
58 32
59 28
60 21
61 31
62 38
63 39
64 35
65 24
66 27
67 29
68 22
69 22
70 26
71 23
72 16
73 31
74 20
75 18
76 23
77 15
78 20
79 18
80 22
81 17
82 14
83 20
84 9
85 18
86 21
87 18
88 8
89 16
90 13
91 12
92 19
93 21
94 13
95 14
96 13
97 14
98 15
99 10
100 10
101 13
102 17
103 11
104 14
105 5
106 7
107 12
108 10
109 8
110 7
111 11
112 11
113 7
114 8
115 6
116 14
117 6
118 4
119 7
120 11
121 9
122 10
123 12
124 14
125 12
126 5
127 5
128 5
129 8
130 8
131 7
132 6
133 6
134 5
135 7
136 4
137 2
138 5
139 3
140 3
141 11
142 5
143 6
144 3
145 5
146 2
147 7
148 6
149 5
150 7
151 4
152 3
153 6
154 4
155 2
156 5
157 5
158 2
159 5
160 5
161 7
162 8
163 4
164 3
165 2
167 2
169 3
170 3
171 6
172 8
173 7
174 2
175 3
176 2
177 2
178 2
179 2
180 1
181 4
182 3
183 2
184 3
185 2
186 2
187 1
188 1
189 4
190 3
191 3
192 1
193 2
194 3
195 2
196 3
197 3
198 4
199 3
201 1
202 7
204 2
205 2
207 1
208 4
209 2
210 1
211 6
213 5
214 4
216 2
217 1
218 3
222 1
223 1
224 1
225 1
226 1
228 3
229 1
230 1
232 1
233 4
234 1
236 3
237 1
238 1
239 1
241 1
243 2
245 1
246 4
247 3
248 1
249 1
250 1
253 1
255 1
256 2
258 1
259 1
260 2
262 2
263 3
266 1
268 2
270 1
271 1
272 2
274 1
275 2
276 1
277 1
280 2
282 3
283 2
284 1
285 1
287 1
288 1
289 1
295 1
297 1
300 1
303 1
308 2
310 1
315 1
318 1
320 1
321 1
322 1
332 1
333 1
341 2
345 1
348 1
