500 1000 50
0 473775
1 32
2 18
3 18
4 15
5 10
6 13
7 17
8 12
9 11
10 9
11 11
12 4
13 12
14 9
15 5
16 4
17 8
18 6
19 6
20 7
21 8
22 5
23 6
24 6
25 8
26 8
27 7
28 7
29 4
30 4
31 6
32 6
33 5
34 3
35 6
36 3
37 3
38 4
39 2
40 5
41 4
43 2
44 1
45 2
46 3
47 6
48 2
49 4
50 4
51 5
52 8
53 4
54 5
55 6
56 2
57 3
58 4
59 7
60 5
61 5
62 4
64 4
65 5
66 3
67 2
68 3
69 7
70 5
72 3
73 1
74 7
75 5
76 2
77 2
78 3
79 4
80 3
81 4
82 1
84 4
85 7
86 2
87 2
88 4
89 2
90 2
91 4
92 2
93 3
95 3
96 3
97 1
98 2
99 4
100 2
101 3
102 2
103 3
104 2
105 1
106 1
107 3
109 3
110 4
111 2
112 3
113 5
114 2
115 3
116 2
117 3
118 1
119 2
120 1
121 1
122 4
123 4
124 3
125 1
126 4
128 2
129 3
130 2
131 2
132 1
133 2
134 5
135 5
136 3
137 2
138 2
139 4
140 3
141 6
142 2
143 4
144 1
145 2
147 2
148 2
149 2
150 1
151 7
152 1
153 1
155 1
156 1
157 2
158 1
159 2
160 5
161 3
162 1
165 4
166 4
167 1
169 1
170 2
172 3
173 5
174 2
175 3
176 4
177 3
178 4
179 2
180 2
181 3
182 2
183 2
184 2
185 5
186 1
187 3
188 1
189 2
190 3
191 3
192 3
193 5
194 1
195 2
196 3
197 3
198 4
199 5
200 3
201 1
202 1
203 5
204 4
205 1
206 2
207 2
208 1
209 2
210 2
212 3
213 2
214 2
215 2
216 1
217 1
218 1
219 3
221 3
222 5
223 1
224 1
225 4
226 2
228 2
229 2
230 2
231 2
232 1
233 3
234 1
235 1
236 3
237 2
238 1
239 3
240 2
241 2
242 2
243 1
244 3
245 2
246 1
247 1
250 1
251 3
252 1
253 1
254 1
255 3
256 2
257 4
258 1
259 3
260 3
261 6
262 2
263 2
264 4
265 3
266 4
267 2
268 4
269 3
270 3
271 1
272 4
273 3
274 6
275 2
276 2
277 4
278 9
279 1
280 5
281 8
282 3
283 2
284 2
285 4
286 3
287 2
288 7
289 2
290 3
291 2
292 1
293 4
294 3
295 6
296 4
297 4
298 2
299 5
300 3
301 4
302 4
303 5
304 5
305 2
306 7
307 5
308 4
309 6
310 2
311 1
312 3
313 3
314 3
315 2
316 4
317 4
318 4
319 3
320 4
321 3
322 4
323 8
324 2
325 4
326 4
328 1
329 4
330 2
331 4
332 3
333 2
334 8
335 4
336 4
338 5
339 2
340 2
341 1
342 2
343 2
344 3
345 1
346 2
347 3
348 3
349 4
350 2
351 1
352 2
354 3
355 3
356 1
357 3
358 2
360 3
361 2
362 3
363 2
364 3
365 4
366 2
367 2
368 2
369 5
370 2
371 1
372 2
374 3
375 2
376 1
377 3
378 2
379 3
380 2
381 1
382 4
383 4
384 4
385 5
386 1
387 3
388 2
389 2
390 1
391 5
392 4
393 1
394 1
395 4
396 4
397 1
398 7
399 5
400 7
401 1
402 3
404 2
405 7
406 2
407 1
408 3
409 2
410 5
411 1
412 4
413 3
414 4
415 2
416 2
417 3
418 1
419 2
421 3
422 3
423 4
424 2
425 3
426 1
427 3
428 1
429 3
430 2
431 2
432 6
433 4
434 3
435 4
436 5
437 4
438 4
439 5
440 1
441 4
442 2
444 2
445 4
446 1
447 1
448 4
449 3
450 2
451 7
452 3
453 4
454 5
455 2
456 7
457 1
458 3
459 6
460 3
462 6
463 5
464 6
465 3
466 8
467 6
468 3
469 3
471 8
472 5
473 5
474 4
475 3
476 6
477 4
478 9
479 5
480 9
481 1
482 5
483 9
484 7
485 3
486 8
487 7
488 12
489 3
490 10
491 8
492 8
493 6
494 9
495 6
496 11
497 13
498 16
499 5
500 12
501 1
502 13
503 10
504 9
505 7
506 6
507 5
508 11
509 9
510 7
511 3
512 7
513 4
514 6
515 4
516 3
517 7
518 3
519 1
520 4
521 5
522 5
523 1
524 3
525 1
526 4
527 2
528 1
529 1
531 1
532 1
533 1
534 1
535 1
536 1
538 1
542 1
