500 1000 50
0 473995
1 12
2 4
3 8
4 5
5 9
6 6
7 4
8 5
9 7
10 6
11 7
12 1
13 7
14 6
15 8
16 5
17 6
18 5
19 10
20 2
21 5
22 5
23 3
24 5
25 7
26 7
27 4
28 3
29 5
30 3
31 1
32 1
33 1
34 6
35 2
36 4
37 4
38 2
39 2
40 1
41 4
42 1
43 2
44 4
45 7
46 1
47 4
48 3
49 4
50 3
51 1
52 1
53 1
54 1
55 2
56 2
58 4
60 1
61 2
62 3
63 1
64 2
65 6
66 2
67 2
68 2
69 2
70 3
71 1
73 3
74 7
75 6
76 3
77 5
78 2
79 3
80 2
81 3
82 2
83 3
84 3
85 4
86 1
87 3
88 2
90 5
91 2
92 2
93 3
94 1
95 3
96 2
97 2
98 1
99 1
100 2
101 3
103 2
105 3
106 3
108 2
109 6
110 2
112 2
113 3
114 3
115 2
116 2
117 2
118 3
119 1
121 2
122 2
123 4
124 2
126 2
127 2
128 4
129 1
130 2
131 2
132 3
133 3
134 3
135 1
136 1
137 2
138 2
140 3
141 2
142 3
143 3
144 1
145 3
146 1
147 3
149 4
150 5
151 2
152 1
153 5
154 2
155 2
156 2
157 1
158 2
159 2
160 3
161 1
162 1
163 1
164 1
166 1
167 3
168 5
169 1
170 2
171 6
172 1
173 3
174 1
175 4
176 2
177 2
178 4
179 7
180 1
181 2
182 2
183 1
184 3
186 3
187 3
188 2
189 2
191 4
193 1
194 2
195 1
196 1
197 2
198 1
199 3
200 1
201 2
202 1
203 2
205 1
206 2
208 2
209 1
210 1
211 2
212 1
214 1
215 3
216 1
217 4
218 2
220 2
222 2
223 1
224 4
225 1
226 1
227 2
228 1
229 2
230 2
231 2
232 2
233 1
234 2
235 1
236 4
237 2
238 2
240 3
241 1
242 1
243 5
244 3
246 4
248 4
249 1
250 1
251 2
253 2
254 1
255 2
256 3
257 2
258 2
259 2
260 2
262 3
263 2
264 7
265 2
267 5
268 3
269 2
270 3
271 1
272 1
273 3
274 5
275 1
276 1
277 2
278 7
279 2
280 2
281 4
282 4
283 4
284 3
285 3
286 4
287 1
289 7
290 7
291 2
292 8
293 2
294 1
295 3
296 3
297 3
298 7
299 7
300 1
301 4
302 1
303 2
304 1
305 4
306 2
307 4
308 4
309 4
310 6
311 4
312 2
313 5
314 3
315 5
316 1
317 1
318 5
319 3
320 2
321 2
322 5
323 5
324 2
325 3
326 4
328 1
329 5
330 7
331 4
332 2
333 3
334 5
335 1
336 4
337 3
339 2
340 1
341 4
342 3
344 2
346 4
347 2
349 2
350 3
351 2
352 2
353 3
354 5
355 3
356 1
357 2
358 2
359 2
361 2
362 4
363 2
364 4
365 4
366 3
367 2
368 4
369 1
370 2
371 4
373 7
374 4
375 5
376 3
377 7
378 2
379 2
381 2
382 1
383 4
385 3
386 1
387 4
388 3
389 2
390 4
391 1
392 3
393 3
394 3
395 4
396 2
397 3
398 3
399 1
400 6
401 2
402 4
403 1
404 5
405 3
406 7
407 3
408 4
409 2
410 3
411 1
412 4
413 2
414 2
415 5
416 4
417 3
418 3
419 4
420 1
421 3
422 2
423 1
424 3
425 2
426 2
427 4
428 5
429 1
430 1
431 2
432 4
434 1
435 1
436 5
437 7
438 1
439 1
440 5
441 1
442 9
443 3
444 3
445 4
446 2
447 1
448 1
449 3
450 2
451 4
452 4
453 3
454 1
455 4
456 3
457 4
458 2
459 2
460 2
461 5
462 3
463 2
464 2
465 5
466 6
467 6
468 5
469 4
470 3
471 4
473 4
474 7
475 8
476 5
477 5
478 6
479 5
480 8
481 7
482 6
483 4
484 2
485 9
486 10
487 10
488 10
489 3
490 12
491 6
492 13
493 6
494 15
495 3
496 7
497 8
498 16
499 14
500 25
501 13
502 14
503 5
504 7
505 2
506 12
507 4
508 13
509 6
510 9
511 5
512 7
513 6
514 11
515 5
516 3
517 2
518 4
519 7
520 5
521 3
522 4
523 1
524 2
525 5
526 4
527 1
529 2
532 2
533 3
534 3
535 1
536 1
538 1
540 1
