500 1000 50
0 471175
1 890
2 414
3 252
4 171
5 109
6 93
7 85
8 73
9 58
10 51
11 48
12 40
13 36
14 38
15 37
16 24
17 25
18 20
19 21
20 26
21 20
22 24
23 16
24 18
25 24
26 17
27 14
28 12
29 11
30 10
31 14
32 15
33 9
34 10
35 3
36 18
37 11
38 10
39 9
40 14
41 6
42 15
43 9
44 14
45 17
46 11
47 13
48 7
49 14
50 13
51 12
52 7
53 9
54 10
55 7
56 7
57 3
58 5
59 10
60 6
61 7
62 5
63 6
64 7
65 8
66 5
67 11
68 7
69 7
70 9
71 7
72 11
73 14
74 11
75 7
76 12
77 5
78 4
79 6
80 10
81 6
82 5
83 7
84 7
85 8
86 5
87 12
88 3
89 6
90 8
91 10
92 6
93 4
94 8
95 10
96 4
97 4
98 8
99 6
100 8
101 8
102 3
103 3
104 5
105 9
106 5
107 5
108 6
109 8
110 4
111 10
112 2
113 3
114 3
115 9
116 6
117 5
118 6
119 4
120 3
121 5
122 6
123 2
124 4
125 4
126 10
127 1
128 7
129 5
130 3
131 3
132 3
133 2
134 8
135 6
136 4
137 6
138 2
139 5
140 3
141 3
142 2
143 8
144 4
145 4
146 5
147 5
148 3
149 7
150 1
151 7
152 5
153 3
154 4
155 9
156 3
157 4
158 5
159 7
160 5
161 4
162 7
163 6
164 2
165 6
166 6
167 4
168 4
169 3
170 5
171 3
172 1
173 4
174 4
175 5
176 5
177 2
178 2
179 2
180 8
181 3
182 4
183 6
184 6
185 4
186 3
187 4
188 6
189 4
190 1
191 4
192 2
193 5
194 1
195 3
196 3
197 5
198 3
199 4
200 4
201 4
202 4
203 2
204 5
205 4
206 2
207 2
208 5
209 3
210 6
211 3
212 4
213 4
214 2
215 4
216 3
217 4
218 8
219 4
220 3
221 5
222 2
223 4
224 3
225 4
226 4
227 6
228 3
229 6
230 2
231 3
232 3
233 4
234 4
235 4
236 3
237 7
238 7
239 4
240 6
241 1
242 3
243 6
244 4
245 5
246 2
247 8
248 9
249 3
250 5
251 3
252 9
253 3
254 1
255 3
256 2
257 1
258 4
259 7
260 7
261 4
262 4
263 2
264 3
265 2
266 2
267 5
268 3
269 3
270 5
271 2
272 8
273 4
274 6
275 2
276 7
277 7
278 4
279 6
280 3
281 7
282 2
283 5
284 4
285 4
286 5
287 3
288 2
289 2
290 3
291 4
292 3
293 4
294 3
295 4
296 5
297 5
298 2
299 1
300 3
301 3
302 3
303 4
304 1
305 6
306 3
307 3
308 2
309 2
310 4
311 3
312 2
313 1
314 3
315 3
316 1
317 6
319 4
320 8
321 2
322 3
323 6
324 3
325 2
326 3
327 1
328 4
329 2
330 7
331 4
332 1
333 1
334 2
335 3
336 3
337 3
338 5
339 1
340 2
341 6
342 5
344 1
345 2
346 1
347 4
348 1
349 4
351 5
352 3
353 2
354 3
355 2
356 3
357 3
358 2
359 4
360 3
361 2
362 3
363 4
364 2
365 8
366 6
368 6
369 2
371 2
372 1
373 3
374 4
375 2
376 4
377 4
378 2
379 3
380 4
381 1
382 2
383 4
384 4
385 4
386 2
387 1
388 2
389 3
391 2
392 4
393 3
394 2
395 1
396 3
397 1
400 4
401 2
402 5
403 3
404 2
405 1
406 5
407 3
408 4
409 2
410 2
411 3
412 4
413 2
414 3
415 1
416 1
417 3
418 5
419 3
420 2
421 2
422 5
423 3
424 3
425 4
426 3
427 2
428 1
429 8
430 2
431 3
433 4
435 5
436 1
437 2
438 3
439 4
440 6
441 3
442 3
443 1
444 4
445 1
446 2
447 4
448 2
449 4
450 4
451 6
452 4
453 3
454 6
455 3
456 1
457 4
458 2
459 2
460 4
461 5
462 4
463 2
464 5
465 3
466 4
467 4
468 1
469 2
470 5
471 3
472 6
473 1
474 5
475 4
476 7
477 6
478 4
479 3
480 3
481 6
482 3
483 6
484 5
485 10
486 3
487 2
488 9
489 4
490 2
491 8
492 8
493 7
494 2
495 7
496 5
497 4
498 1
499 5
500 2
501 3
502 4
503 5
504 1
505 4
506 3
507 2
509 1
510 2
511 2
512 2
513 2
514 3
515 1
516 3
518 1
519 1
521 1
522 1
524 1
538 1
