500 1000 50
0 473842
1 78
2 58
3 27
4 18
5 20
6 19
7 16
8 11
9 29
10 18
11 15
12 16
13 16
14 10
15 13
16 8
17 16
18 6
19 9
20 6
21 5
22 8
23 5
24 9
25 5
26 9
27 4
28 6
29 5
30 5
31 8
32 7
33 6
34 6
35 8
36 5
37 10
38 5
39 4
40 3
41 10
42 6
43 3
44 4
45 2
46 6
47 6
48 3
49 8
50 7
51 4
52 3
53 5
54 2
55 5
56 5
57 2
58 4
59 5
60 10
61 3
62 2
63 3
64 2
65 2
66 5
67 6
68 1
69 1
70 3
71 3
72 3
73 1
75 1
76 3
77 3
78 3
79 5
80 10
81 3
82 2
83 4
84 5
85 4
86 6
87 5
88 3
89 6
90 5
91 3
92 2
93 5
94 2
95 4
96 5
97 4
98 3
99 1
100 2
101 5
102 3
103 1
104 3
105 2
106 2
107 3
108 3
109 4
110 3
111 5
112 2
113 5
114 3
115 2
116 4
117 2
118 2
119 1
120 3
121 3
122 5
123 5
124 3
125 4
126 2
127 4
128 7
129 1
130 2
131 2
132 4
133 2
134 2
135 2
136 1
138 4
140 1
141 3
142 2
143 2
144 2
145 3
146 4
147 3
148 2
149 1
150 3
152 3
153 1
154 2
155 2
156 1
157 1
158 4
159 2
160 3
161 2
162 2
163 2
164 3
165 2
166 3
167 1
168 2
169 3
170 4
171 2
172 1
173 3
174 1
175 2
176 1
178 2
179 1
180 2
181 3
182 3
183 4
184 2
185 2
186 2
188 4
190 4
191 4
192 2
193 1
194 3
195 4
196 2
197 2
198 1
199 3
200 3
201 2
202 2
203 5
204 2
206 1
207 2
208 2
209 3
211 1
212 3
213 3
214 3
215 2
216 3
217 4
218 3
219 1
220 5
221 2
222 1
223 6
224 1
225 4
226 4
228 1
229 1
230 4
231 2
232 3
233 5
234 1
235 2
237 4
238 3
239 3
240 2
241 3
243 2
244 1
245 3
246 1
247 3
248 3
249 1
250 3
251 6
252 2
253 2
254 3
255 5
256 2
257 1
258 2
259 2
260 6
261 1
262 5
263 1
264 7
265 4
266 3
267 4
268 4
269 3
271 3
272 3
273 5
274 3
275 1
276 3
277 2
278 4
279 4
280 1
281 2
283 3
284 7
285 4
286 2
287 3
288 2
289 2
290 6
291 5
292 2
293 3
294 7
295 5
296 4
297 3
298 9
299 4
300 4
301 1
302 3
303 1
304 6
305 3
306 4
307 4
308 3
309 4
310 1
311 2
312 5
313 3
314 3
315 4
316 3
317 1
318 3
319 7
321 2
322 3
323 4
324 3
325 2
326 5
327 2
328 3
329 3
330 1
331 5
332 3
334 1
337 1
338 2
339 3
340 1
341 1
342 3
343 3
344 2
345 1
346 2
347 3
348 2
350 1
351 5
352 2
353 1
354 7
355 2
356 3
357 5
358 1
359 2
360 1
361 2
362 2
363 1
364 3
367 2
368 2
371 1
372 2
373 4
374 2
375 2
376 1
377 3
379 3
380 2
381 3
382 5
383 2
384 2
385 4
386 1
387 2
388 5
389 3
390 3
391 5
392 6
393 1
394 4
395 4
396 5
397 2
398 2
400 5
401 2
402 3
403 4
404 2
405 1
406 3
407 5
408 1
409 4
410 2
411 3
412 1
413 4
414 2
415 3
416 3
417 2
418 2
420 3
421 4
422 7
423 2
424 4
425 2
426 6
427 3
428 3
429 3
430 3
431 4
432 6
433 1
434 7
435 3
436 1
437 5
438 4
439 4
440 5
441 1
442 6
443 5
444 4
446 3
447 4
449 2
450 1
451 8
452 5
453 7
454 6
455 2
456 2
457 4
458 2
459 4
460 3
461 3
462 2
463 2
464 3
465 3
466 2
467 4
468 5
469 7
470 5
471 4
472 6
473 3
474 4
475 10
476 3
477 3
478 3
479 14
480 7
481 4
482 17
483 8
484 5
485 7
486 5
487 7
488 10
489 8
490 9
491 9
492 6
493 7
494 6
495 9
496 8
497 10
498 13
499 5
500 13
501 6
502 13
503 10
504 7
505 9
506 5
507 8
508 7
509 4
510 8
511 8
512 6
513 2
514 6
515 2
516 5
517 5
518 8
520 2
521 3
522 2
525 1
526 3
528 2
529 2
530 1
532 1
533 1
538 1
548 1
557 1
