500 1000 50
0 470084
1 1314
2 566
3 366
4 213
5 148
6 134
7 114
8 97
9 75
10 59
11 43
12 58
13 46
14 42
15 39
16 39
17 35
18 28
19 28
20 28
21 28
22 19
23 25
24 18
25 26
26 12
27 24
28 18
29 14
30 14
31 12
32 16
33 16
34 17
35 9
36 14
37 15
38 17
39 14
40 17
41 12
42 16
43 14
44 6
45 12
46 8
47 15
48 11
49 15
50 8
51 14
52 15
53 11
54 11
55 10
56 9
57 6
58 10
59 4
60 10
61 11
62 10
63 8
64 10
65 6
66 12
67 10
68 8
69 6
70 7
71 7
72 11
73 9
74 6
75 8
76 5
77 6
78 9
79 9
80 7
81 7
82 8
83 7
84 10
85 12
86 4
87 6
88 10
89 10
90 10
91 5
92 6
93 2
94 4
95 7
96 7
97 6
98 10
99 2
100 7
101 10
102 11
103 7
104 5
105 4
106 4
107 4
108 5
109 8
110 6
111 5
112 6
113 10
114 4
115 7
116 9
117 8
118 6
119 6
120 7
121 8
122 4
123 3
124 6
125 7
127 5
128 6
129 6
130 3
131 3
132 11
133 3
134 3
135 2
136 9
137 7
138 5
139 6
140 5
141 5
142 4
143 2
144 4
145 4
146 11
147 3
148 8
149 4
150 7
151 2
152 7
153 5
154 3
155 5
156 1
157 3
158 6
159 2
160 6
161 10
162 4
163 6
164 2
165 5
166 2
167 6
168 2
169 3
170 4
171 7
172 5
173 2
174 5
175 3
176 4
177 7
178 2
179 2
180 4
181 5
182 6
183 3
184 4
185 5
186 5
187 4
188 4
189 1
190 4
191 7
192 4
193 2
194 5
195 4
196 6
197 6
198 2
199 4
200 8
201 4
202 3
203 3
204 5
205 6
206 2
207 5
208 6
209 5
210 6
211 4
212 7
213 2
214 2
215 5
216 5
217 4
218 4
219 4
220 4
221 8
222 5
223 5
224 3
225 4
226 6
227 8
228 8
229 1
230 1
231 7
232 2
233 1
234 5
235 4
236 4
237 5
238 2
239 6
240 1
241 5
242 5
243 3
244 3
245 3
246 5
247 4
248 5
249 3
250 7
251 4
252 5
253 5
254 2
255 7
256 1
257 3
258 5
259 3
260 3
261 4
262 3
263 4
264 6
265 9
266 3
267 3
268 1
269 6
270 1
271 5
272 8
274 6
275 4
276 2
277 6
278 3
279 7
280 3
281 3
282 1
283 1
284 4
285 5
286 4
287 4
288 9
289 7
290 3
291 1
292 3
293 1
294 4
295 4
296 6
297 5
298 3
299 4
300 4
301 4
302 1
303 4
304 4
306 2
307 3
308 4
309 4
310 1
311 5
312 2
313 3
314 1
315 1
316 5
317 9
318 1
319 5
320 3
321 4
322 2
323 3
324 4
325 4
326 3
327 3
328 4
329 3
330 2
331 5
332 4
333 4
334 9
335 3
336 5
337 3
339 5
340 3
341 1
342 4
343 2
344 2
346 3
347 3
348 3
349 4
350 1
351 4
352 1
354 2
355 4
356 3
357 3
358 5
360 2
361 2
362 3
363 5
364 3
365 1
366 2
367 1
368 3
369 6
370 2
372 3
373 5
374 1
375 2
377 3
378 3
379 2
380 4
381 1
382 1
383 5
384 3
385 2
386 1
387 2
388 2
389 2
390 1
391 2
392 3
393 1
394 3
395 1
396 2
398 1
399 2
400 2
401 3
402 7
403 3
404 2
405 4
406 4
407 2
408 1
409 3
410 3
412 3
414 6
416 5
417 3
418 5
419 7
420 4
421 1
422 2
423 1
424 7
425 3
426 5
427 3
428 1
429 4
430 3
431 5
432 2
433 2
434 5
435 4
436 2
437 2
438 3
439 6
440 2
441 6
442 3
443 6
444 1
445 4
446 4
447 1
448 4
449 3
450 3
451 2
452 4
453 6
454 6
455 6
456 2
457 3
458 2
459 2
460 4
461 2
462 2
463 1
464 6
465 4
466 3
467 3
468 3
469 2
470 5
471 2
472 6
473 4
474 2
475 2
476 5
477 3
478 4
479 3
480 4
481 4
482 4
483 5
484 3
485 5
486 5
487 7
488 2
489 2
490 2
491 4
492 3
493 5
494 2
495 1
496 2
497 3
498 2
499 6
500 4
501 4
503 1
504 2
506 2
507 3
508 1
509 3
510 1
513 3
514 4
515 2
517 1
518 1
519 1
520 1
522 2
523 1
526 1
529 1
530 1
532 1
