500 1000 50
0 474037
1 9
2 4
3 4
4 4
5 7
6 3
7 5
8 6
9 6
10 5
11 9
12 5
13 8
14 7
15 4
16 4
17 4
18 3
19 7
21 3
22 4
23 4
24 4
25 5
26 5
27 5
28 5
29 1
30 4
31 6
32 6
34 4
35 3
36 3
37 2
38 1
39 1
40 3
41 4
42 2
43 3
44 1
45 4
46 2
47 2
48 1
49 3
50 2
51 1
52 1
54 2
55 3
56 3
57 2
58 1
59 2
60 2
61 5
62 3
63 1
64 2
66 6
67 1
68 5
69 1
70 2
72 3
73 1
74 4
76 4
77 5
78 2
79 5
80 2
81 2
82 3
83 2
85 3
86 1
88 3
89 5
90 1
91 4
92 3
93 3
95 2
96 3
97 4
98 3
100 2
101 2
102 3
103 5
104 2
105 1
106 4
108 3
109 2
110 2
111 1
112 5
113 2
114 2
115 4
116 2
117 1
118 2
119 3
120 4
121 2
122 1
123 1
124 3
125 4
127 3
129 7
130 1
131 3
132 5
133 1
134 2
135 1
136 2
137 2
140 1
141 1
142 2
143 2
144 4
145 3
146 3
147 3
149 2
150 1
151 1
152 2
153 1
154 1
155 3
156 1
157 3
158 2
159 3
161 3
162 3
163 2
164 5
165 1
166 1
168 1
169 1
170 2
171 4
173 5
174 1
175 2
176 1
177 4
178 1
179 3
180 1
181 2
182 2
183 1
184 2
185 2
186 1
187 1
188 2
189 1
190 1
191 1
192 3
193 2
194 5
196 4
197 1
198 2
199 1
200 1
203 1
204 1
205 1
206 1
207 2
208 1
209 2
210 2
213 1
214 3
216 1
217 1
218 1
221 2
223 1
224 2
226 3
228 1
230 1
231 1
232 2
233 4
234 1
235 4
236 1
237 1
238 3
239 3
240 2
241 4
242 1
243 1
245 2
246 2
247 1
248 3
249 2
251 2
252 2
253 2
254 2
255 2
256 2
257 1
258 4
259 1
260 3
261 2
262 1
263 2
264 4
266 3
267 1
268 4
269 3
270 3
271 6
272 1
273 1
274 3
276 6
277 4
278 2
279 3
280 3
281 2
282 1
283 3
284 2
286 10
288 4
289 4
290 1
291 4
292 5
293 6
294 3
296 4
297 3
298 7
299 3
300 4
301 1
302 4
303 3
304 1
305 6
306 3
307 8
308 8
309 1
310 3
311 5
312 3
313 5
314 2
315 3
316 3
317 4
318 2
319 3
320 5
321 4
322 2
323 2
324 5
325 7
326 3
327 4
328 3
329 4
330 3
331 1
332 4
333 2
334 3
336 4
337 6
338 3
339 1
340 4
341 3
342 1
343 2
344 2
345 1
346 1
347 1
348 1
349 2
350 1
351 3
352 4
353 4
354 2
357 2
359 2
360 2
361 1
362 4
363 1
364 5
365 2
366 2
367 4
368 5
369 4
370 5
371 3
372 3
373 3
374 4
375 2
376 1
377 1
378 4
379 3
381 2
382 4
383 4
386 5
387 3
388 2
389 3
390 2
391 2
392 2
393 1
394 2
395 5
396 5
397 2
398 1
399 6
400 4
401 2
402 1
403 1
404 1
405 3
406 6
407 4
408 1
409 3
410 1
411 5
412 1
413 2
414 6
416 5
417 3
418 1
419 4
420 2
421 1
422 3
423 6
424 3
426 3
427 6
428 3
429 5
430 3
431 2
432 3
433 1
434 8
435 6
436 4
437 2
438 3
439 3
440 1
441 4
442 3
443 5
445 2
446 2
447 3
448 2
449 5
450 5
452 4
453 5
454 3
455 1
456 1
457 3
458 3
459 1
460 4
461 5
462 2
463 2
464 1
465 2
466 5
467 4
468 1
469 4
470 5
471 3
472 3
473 3
474 5
475 10
476 9
477 7
478 3
479 5
480 13
481 5
482 9
483 5
484 6
485 6
486 11
487 2
488 12
489 5
490 7
491 14
492 10
493 14
494 12
495 10
496 10
497 9
498 12
499 9
500 18
501 8
502 12
503 11
504 11
505 9
506 12
507 9
508 9
509 5
510 8
511 4
512 9
513 1
514 8
515 4
516 3
517 5
518 6
519 4
520 10
521 2
522 4
523 4
524 6
525 7
526 3
528 1
529 2
530 3
534 2
536 1
539 1
558 1
