500 1000 50
0 473592
1 118
2 69
3 46
4 33
5 30
6 24
7 25
8 14
9 25
10 19
11 20
12 12
13 13
14 12
15 16
16 13
17 10
18 13
19 10
20 12
21 12
22 12
23 8
24 13
25 15
26 8
27 7
28 9
29 8
30 5
31 9
32 8
33 8
34 9
35 7
36 7
37 5
38 10
39 9
40 9
41 5
42 6
43 4
44 7
45 7
46 4
47 4
48 6
49 3
50 5
51 7
52 4
53 5
54 2
55 8
56 6
57 3
58 4
59 5
60 10
61 6
62 8
63 7
64 9
65 4
66 4
67 6
68 6
69 3
70 5
71 3
72 5
73 7
74 2
75 5
76 6
77 3
78 7
79 5
80 3
81 3
82 4
83 4
84 4
85 3
86 6
87 2
88 2
89 3
90 3
91 4
92 3
93 1
94 2
95 1
96 2
97 3
98 4
99 4
100 7
101 4
102 3
103 2
104 4
105 5
106 4
107 5
108 2
109 4
110 4
111 3
112 4
114 5
115 2
116 4
117 3
118 5
119 2
120 3
121 6
122 8
123 3
124 2
126 1
127 1
128 5
129 1
130 1
131 2
132 2
133 3
134 2
135 2
136 1
137 2
138 3
139 4
140 2
141 5
143 3
144 4
145 5
148 7
149 2
150 1
151 1
152 3
153 3
154 1
155 2
156 5
157 1
158 3
159 1
160 4
161 4
162 6
163 2
164 4
165 4
166 1
167 2
168 3
169 4
170 4
171 3
172 4
173 2
174 1
175 2
176 2
177 4
178 4
179 3
180 3
181 5
182 4
183 1
184 3
185 1
187 1
188 2
189 3
190 4
191 3
192 1
193 1
194 4
195 6
196 2
197 2
198 2
199 3
200 4
202 4
203 1
204 1
205 1
206 1
207 2
208 2
209 1
210 5
211 4
212 4
213 3
214 2
215 1
216 1
217 4
218 3
219 2
221 4
222 1
223 3
225 2
226 3
227 4
228 4
229 1
231 1
232 4
233 1
234 4
236 3
237 3
238 6
239 1
240 2
241 3
242 1
243 4
244 6
245 2
246 2
247 4
248 2
249 4
250 2
251 4
252 2
253 2
254 4
255 3
256 4
257 5
258 4
259 6
260 3
261 2
262 1
263 5
264 2
265 5
266 3
267 4
268 6
269 4
270 2
271 3
272 2
273 2
274 2
275 8
276 5
278 7
279 1
280 4
281 4
282 5
283 1
284 3
285 4
286 5
287 6
288 3
289 3
290 7
291 5
292 5
293 4
294 3
295 3
296 3
297 1
298 3
299 3
300 7
301 3
302 2
303 2
304 3
305 2
306 6
307 1
308 3
309 3
310 4
312 2
313 1
314 4
315 4
316 5
317 3
318 2
319 3
320 2
321 3
322 1
323 3
324 2
325 2
326 1
327 4
328 5
329 3
330 1
331 3
332 2
333 2
335 6
337 1
338 1
339 2
340 3
342 3
343 3
344 1
345 1
346 3
347 2
348 4
349 3
350 2
351 4
352 3
353 6
354 3
355 6
356 2
357 2
358 2
359 4
361 1
362 8
363 1
364 5
365 1
366 4
367 3
368 3
369 3
370 3
371 2
372 4
373 3
374 5
376 1
377 1
378 2
379 4
380 5
381 3
382 2
383 3
384 1
385 2
386 4
387 1
388 1
389 2
390 5
391 1
393 2
394 4
395 5
396 3
397 2
398 2
399 5
400 1
401 2
402 2
403 2
404 4
405 2
406 2
407 3
408 4
409 4
410 8
411 5
412 1
413 3
414 1
415 2
416 3
417 3
418 5
419 5
420 1
421 2
422 6
423 3
424 1
426 5
427 2
428 3
429 5
430 3
431 7
432 3
433 3
434 3
435 4
436 1
437 6
438 4
439 6
440 4
441 3
443 4
445 4
446 1
447 2
448 2
449 1
450 5
451 5
452 2
453 5
454 6
455 4
456 3
457 3
458 2
459 4
460 7
461 4
462 3
463 4
464 6
465 3
466 5
467 2
468 4
469 4
470 9
471 3
472 4
473 4
474 7
475 2
476 3
477 6
478 7
479 2
480 8
481 10
482 7
483 6
484 6
485 6
486 8
487 9
488 10
489 2
490 11
491 7
492 9
493 5
494 6
495 2
496 4
497 7
498 6
499 14
500 13
501 11
502 7
503 6
504 9
505 2
506 5
507 4
508 4
509 7
510 7
511 2
512 6
513 4
514 5
515 6
516 2
517 6
518 3
519 5
520 1
522 4
523 5
524 1
525 1
526 1
527 1
532 2
537 1
540 1
544 1
