500 1000 50
0 474004
1 13
2 4
3 5
4 6
5 5
6 7
7 8
8 4
9 9
10 7
11 6
12 7
13 4
14 7
15 5
16 2
17 8
18 6
19 7
20 4
21 8
22 4
23 1
24 5
25 6
26 8
27 7
28 3
29 1
30 3
31 2
32 5
33 2
34 1
36 2
37 2
38 4
40 2
41 2
42 2
43 2
44 1
45 1
46 3
47 2
48 3
50 2
51 2
52 4
53 7
54 5
55 3
56 2
57 2
58 2
59 3
60 3
61 2
62 1
63 1
64 2
65 3
67 3
68 2
69 4
71 3
72 2
73 4
74 2
75 3
76 5
77 3
79 4
80 1
81 6
82 2
83 4
84 2
85 2
86 1
87 1
88 1
89 3
90 1
91 4
92 1
93 5
94 2
95 4
96 3
97 2
98 2
99 2
100 1
101 5
102 1
103 3
104 3
105 1
106 1
107 5
108 2
109 3
110 2
111 2
112 2
113 3
114 4
115 1
118 4
119 2
120 1
121 3
122 2
123 1
124 2
125 3
126 1
127 2
128 3
129 4
130 2
131 2
132 3
133 1
134 1
135 5
136 2
137 1
138 1
139 3
140 2
141 1
143 2
144 2
145 3
146 2
147 5
148 3
149 1
150 1
151 4
152 2
153 3
154 3
155 1
156 3
158 2
159 3
160 3
161 1
162 2
164 1
165 2
166 1
168 5
169 2
170 3
171 4
172 4
173 5
174 2
175 1
176 4
177 1
178 2
179 1
181 2
183 2
184 3
185 2
186 1
187 1
188 3
189 1
190 2
191 1
193 4
194 2
195 2
196 2
197 2
198 3
199 3
200 2
201 1
202 1
203 1
205 2
206 2
208 2
209 4
211 1
212 1
213 3
214 1
215 1
216 1
218 1
220 1
221 4
222 2
224 1
225 2
226 1
229 3
230 1
231 2
232 2
233 2
236 4
238 1
239 1
242 2
243 1
244 2
245 3
246 5
247 2
248 1
250 1
251 4
252 2
253 1
254 2
255 2
256 1
257 1
258 3
259 4
260 3
261 2
262 2
264 2
265 2
266 2
267 3
268 3
269 4
270 1
271 5
272 1
273 5
274 4
275 2
276 3
277 3
278 1
279 2
281 1
282 3
283 6
284 3
285 2
286 4
287 7
288 4
289 3
290 7
291 6
292 6
293 3
294 7
295 2
296 5
297 2
298 4
299 4
300 5
301 6
302 4
303 1
304 3
305 4
306 7
307 6
308 6
309 1
310 5
311 4
312 2
313 4
314 6
315 1
316 6
317 3
318 10
319 1
320 4
321 1
322 3
323 1
324 2
325 2
326 3
327 2
328 2
329 4
330 3
331 2
332 3
333 3
334 2
335 3
336 2
337 3
338 1
339 3
340 1
341 3
342 3
344 2
345 3
346 1
347 3
349 1
350 1
351 4
352 1
353 1
354 4
355 1
356 1
357 3
358 2
359 1
360 2
361 2
362 1
364 1
365 2
366 4
367 3
368 1
369 3
371 3
372 3
373 1
374 3
375 2
376 3
377 1
378 5
379 3
380 2
381 3
382 2
383 1
384 3
385 2
386 2
387 3
388 2
389 2
390 4
391 4
392 5
393 4
394 4
395 5
396 2
397 2
398 2
399 3
400 2
401 2
402 4
403 6
404 2
405 3
406 4
407 3
408 1
409 5
410 1
411 2
412 2
413 1
414 5
415 4
416 1
417 2
418 2
419 4
420 7
421 5
422 3
423 8
424 3
425 2
426 1
427 1
428 5
429 4
430 4
431 2
432 3
433 2
434 3
435 1
436 3
437 4
438 4
439 3
440 3
441 3
442 2
443 1
444 2
445 5
446 2
447 3
448 2
449 1
450 3
451 4
452 6
453 3
455 2
456 2
457 3
458 4
459 5
460 2
461 4
462 5
463 3
464 4
465 4
466 2
467 5
468 3
469 5
470 2
471 5
472 3
473 3
474 3
475 4
476 8
477 2
478 9
479 4
480 9
481 11
482 8
483 5
484 9
485 7
486 14
487 10
488 8
489 8
490 5
491 7
492 12
493 10
494 13
495 11
496 11
497 4
498 10
499 7
500 14
501 7
502 13
503 5
504 12
505 7
506 13
507 9
508 13
509 7
510 7
511 6
512 9
513 7
514 8
515 4
516 7
517 4
518 7
519 5
520 7
521 2
522 4
523 1
524 4
525 2
527 2
528 2
530 1
531 1
532 1
533 4
535 1
536 3
543 1
559 1
