500 1000 50
0 458722
1 4782
2 2619
3 1496
4 1017
5 753
6 578
7 434
8 351
9 284
10 234
11 215
12 165
13 129
14 146
15 122
16 106
17 102
18 97
19 83
20 84
21 80
22 68
23 61
24 53
25 56
26 50
27 49
28 45
29 55
30 42
31 51
32 46
33 49
34 46
35 32
36 53
37 30
38 38
39 38
40 35
41 36
42 25
43 20
44 28
45 29
46 26
47 21
48 18
49 16
50 35
51 20
52 20
53 13
54 22
55 22
56 14
57 22
58 23
59 11
60 18
61 13
62 18
63 20
64 20
65 16
66 18
67 17
68 17
69 14
70 12
71 16
72 15
73 18
74 6
75 10
76 15
77 16
78 11
79 10
80 9
81 9
82 14
83 4
84 16
85 10
86 13
87 10
88 16
89 14
90 11
91 10
92 12
93 12
94 9
95 11
96 4
97 14
98 6
99 11
100 7
101 11
102 15
103 12
104 10
105 8
106 10
107 10
108 17
109 10
110 14
111 6
112 9
113 12
114 9
115 9
116 9
117 12
118 5
119 6
120 3
121 3
122 12
123 6
124 9
125 8
126 7
127 8
128 14
129 11
130 4
131 7
132 12
133 8
134 7
135 8
136 12
137 7
138 7
139 9
140 4
141 6
142 13
143 11
144 7
145 9
146 9
147 4
148 8
149 6
150 9
151 9
152 7
153 10
154 8
155 4
156 11
157 7
158 5
159 9
160 5
161 6
162 4
163 9
164 6
165 7
166 7
167 3
168 1
169 10
170 11
171 5
172 2
173 5
174 7
175 7
176 11
177 2
178 4
179 8
180 6
181 2
182 5
183 7
184 1
185 5
186 5
187 8
188 5
189 4
190 10
191 9
192 1
193 11
194 5
195 6
196 10
197 3
198 3
199 7
200 9
201 3
202 5
203 6
204 4
205 6
206 4
207 1
208 11
209 3
210 2
211 7
212 4
213 5
214 5
215 4
216 7
217 3
218 9
219 4
220 2
221 3
222 4
223 3
224 1
225 7
226 3
227 6
228 5
229 2
231 3
232 8
233 2
234 4
235 3
236 5
237 8
238 2
239 1
240 3
241 1
242 4
243 5
244 3
245 9
246 7
247 3
248 5
249 3
250 3
251 3
252 6
253 5
254 9
255 4
256 6
257 3
258 3
259 2
260 6
261 3
262 2
263 7
265 2
266 3
267 2
268 5
269 8
270 5
271 5
272 3
273 4
274 2
275 5
276 3
277 7
278 8
279 5
280 1
281 8
282 3
283 4
284 1
285 3
286 5
287 6
288 4
289 3
290 1
291 3
292 1
293 3
294 2
295 3
296 2
297 2
298 2
299 1
300 2
301 5
303 3
304 2
306 4
307 5
308 5
309 3
310 2
311 4
312 4
313 4
315 2
316 3
317 3
319 5
320 3
321 2
322 2
323 3
324 5
325 2
326 6
327 2
328 4
329 2
330 2
332 3
333 2
334 4
335 6
336 2
337 4
338 2
339 2
340 4
341 4
342 2
343 3
344 2
345 1
346 3
347 3
348 2
350 1
351 2
352 3
353 2
356 3
357 4
358 1
359 2
360 2
363 3
364 4
365 3
366 4
367 5
368 2
369 3
370 3
371 3
372 2
373 1
374 4
375 1
376 1
378 3
379 4
380 7
381 1
382 5
383 1
384 4
385 3
386 2
387 1
388 2
389 6
390 5
391 2
392 2
393 1
394 5
395 2
396 1
397 3
398 2
399 4
400 4
401 5
403 1
405 2
406 3
408 1
410 2
411 2
412 4
413 1
414 4
415 2
418 3
421 4
423 3
424 3
425 1
426 2
427 2
428 4
429 1
430 2
431 1
432 5
433 2
434 2
436 1
437 1
438 2
440 2
442 2
444 1
446 1
447 3
449 3
450 1
451 2
453 1
454 1
455 1
456 2
457 2
459 1
461 1
462 3
463 3
464 1
465 3
466 3
469 2
471 1
472 2
475 2
476 1
478 1
481 1
483 1
485 1
486 1
487 1
488 1
490 2
491 1
493 1
498 1
509 1
513 1
