500 1000 50
0 446941
1 6690
2 4348
3 2869
4 2186
5 1585
6 1226
7 966
8 819
9 676
10 544
11 466
12 405
13 343
14 280
15 266
16 233
17 211
18 195
19 192
20 156
21 142
22 134
23 119
24 111
25 103
26 92
27 108
28 82
29 88
30 82
31 74
32 82
33 73
34 59
35 59
36 69
37 74
38 55
39 57
40 57
41 44
42 52
43 39
44 60
45 41
46 48
47 36
48 29
49 39
50 27
51 31
52 35
53 23
54 19
55 30
56 30
57 33
58 30
59 21
60 28
61 23
62 25
63 29
64 21
65 26
66 22
67 24
68 19
69 16
70 25
71 25
72 15
73 19
74 27
75 11
76 22
77 11
78 15
79 15
80 20
81 10
82 20
83 13
84 18
85 16
86 16
87 17
88 14
89 11
90 11
91 14
92 20
93 13
94 17
95 18
96 14
97 19
98 10
99 18
100 9
101 8
102 17
103 19
104 8
105 5
106 14
107 14
108 15
109 13
110 10
111 13
112 9
113 12
114 8
115 12
116 7
117 10
118 8
119 10
120 13
121 11
122 5
123 12
124 7
125 13
126 7
127 9
128 12
129 12
130 7
131 17
132 6
133 2
134 8
135 9
136 6
137 4
138 11
139 5
140 3
141 9
142 3
143 5
144 11
145 5
146 8
147 10
148 3
149 2
150 7
151 7
152 5
153 9
154 2
155 8
156 9
157 5
158 4
159 8
160 6
161 7
162 8
163 7
164 7
165 5
166 11
167 5
168 1
169 4
170 11
171 4
172 9
173 7
174 5
175 3
176 8
177 4
178 8
179 8
180 2
181 13
182 8
183 2
184 5
185 4
186 3
187 11
188 8
189 7
190 3
191 7
192 4
193 5
194 7
195 7
196 4
197 6
198 4
199 6
200 2
201 8
202 2
203 6
204 5
205 7
206 6
207 6
208 7
209 8
210 7
211 5
212 1
213 5
214 9
215 4
216 9
217 2
218 3
219 5
220 1
221 3
222 9
223 3
224 4
225 6
226 6
227 6
228 4
229 4
230 9
231 3
232 5
233 2
234 4
235 4
237 5
238 8
239 6
240 4
241 4
242 3
243 1
244 2
245 1
246 3
247 2
248 2
249 2
250 6
251 4
252 2
253 4
254 2
255 3
256 2
257 4
258 2
259 4
260 1
261 4
262 2
263 2
264 2
265 6
266 2
267 2
268 3
270 3
271 2
273 1
274 2
275 2
276 4
277 4
279 3
280 1
281 2
282 2
283 3
284 1
285 4
287 3
289 1
290 1
291 4
292 1
293 4
295 3
296 4
297 2
298 1
299 1
300 1
301 1
302 1
303 2
304 5
305 2
306 2
307 2
308 2
309 2
310 2
311 1
312 2
313 2
314 2
315 4
316 3
317 2
318 1
319 1
320 1
321 2
323 3
325 1
326 2
327 2
328 3
329 3
331 2
332 2
336 4
339 2
340 1
341 1
342 1
343 3
344 1
345 4
346 2
347 4
348 1
349 2
351 3
352 4
354 1
355 2
356 1
357 1
359 3
360 2
361 1
363 1
365 1
367 3
368 1
369 2
371 1
374 1
375 1
377 1
378 2
380 1
382 1
383 2
385 1
386 2
388 2
389 1
391 1
394 2
395 1
397 1
398 1
400 2
401 1
403 1
408 2
409 2
412 1
413 1
414 2
415 3
417 2
421 2
425 2
427 1
428 2
430 1
431 2
435 1
438 1
440 1
463 1
