500 1000 50
0 474043
1 10
2 4
3 4
4 8
5 4
6 5
7 2
8 4
9 9
10 8
11 5
12 3
13 9
14 2
15 6
16 2
17 6
18 6
19 5
20 6
21 4
22 6
23 3
24 5
25 2
26 2
27 3
28 1
29 7
30 2
31 5
32 4
33 5
34 1
35 3
36 3
37 3
39 2
41 1
42 1
43 3
44 2
46 3
47 3
48 2
49 1
50 1
51 4
52 3
53 1
54 2
55 4
56 6
57 4
58 4
59 4
60 2
62 2
63 5
64 2
65 3
67 1
68 1
69 2
70 3
71 3
74 3
75 3
76 2
77 3
78 2
79 2
81 4
82 3
84 2
85 3
86 4
87 1
88 3
89 1
90 1
91 3
92 4
93 2
94 2
96 4
97 2
98 2
99 3
101 2
102 1
103 4
104 5
105 3
106 6
107 1
108 1
109 3
111 2
112 2
113 1
114 3
115 5
116 5
117 2
118 2
120 1
121 2
122 1
123 7
124 5
125 5
128 1
129 4
131 1
132 1
133 4
134 3
135 5
136 1
137 1
138 7
139 3
140 2
141 2
142 2
143 1
144 1
146 4
147 3
149 2
151 2
152 1
154 1
156 2
157 4
158 1
159 2
160 1
162 4
163 2
164 2
165 1
167 1
168 1
169 4
171 2
172 4
173 3
175 3
176 3
177 2
178 3
180 2
181 1
183 3
184 1
185 2
186 2
187 1
188 5
189 3
190 1
191 4
192 1
193 1
194 3
195 2
196 1
197 1
198 1
199 2
201 3
202 1
204 1
205 1
206 1
207 2
211 3
212 1
214 1
215 1
216 1
217 2
219 1
220 1
221 5
222 1
223 2
225 2
226 4
227 2
228 2
229 2
230 4
231 2
232 3
233 3
234 1
235 4
236 1
237 1
240 2
241 1
242 1
243 1
245 4
246 1
247 2
248 4
249 2
250 3
251 1
252 1
254 2
255 2
256 1
257 3
258 1
259 3
260 1
261 7
262 3
263 2
264 4
265 3
266 2
267 1
268 2
270 3
271 2
272 2
273 1
274 5
276 3
277 1
278 3
279 3
280 5
281 3
282 3
283 2
284 2
285 1
286 3
287 2
288 6
289 3
290 3
291 1
292 6
293 3
294 3
295 6
296 5
297 2
298 5
299 3
300 4
301 1
302 11
303 2
304 1
305 5
306 5
307 3
308 3
309 2
310 3
311 4
312 5
313 4
314 4
315 2
316 3
317 4
318 3
319 1
320 3
321 2
322 6
323 2
324 3
325 7
326 4
327 2
328 3
329 5
330 1
331 2
332 1
334 1
335 1
336 1
337 2
338 5
339 4
340 1
341 1
342 2
343 3
344 1
345 3
346 1
347 2
348 2
350 1
351 4
352 4
353 1
354 3
355 1
356 2
357 2
358 5
359 1
360 6
361 1
362 2
364 2
365 3
366 2
367 1
368 4
370 3
372 1
373 2
374 1
375 3
377 1
378 1
379 2
380 2
381 4
382 3
383 3
384 3
385 4
386 2
387 1
388 4
389 3
390 5
391 6
392 1
393 4
394 4
395 2
396 4
397 4
398 2
399 4
400 2
401 5
402 4
403 4
404 6
405 3
406 1
407 3
408 8
409 3
410 4
411 3
412 2
413 5
414 7
415 2
416 6
418 3
419 1
421 4
422 2
423 4
425 4
426 3
427 3
428 4
429 4
430 5
431 4
432 1
433 1
434 2
435 8
436 4
437 4
438 4
439 6
440 2
441 1
442 1
443 3
444 1
445 2
446 4
447 4
448 2
449 4
450 4
452 1
453 1
454 2
455 1
456 3
457 4
458 7
459 2
460 4
461 4
462 2
463 2
464 3
465 3
466 4
467 1
468 6
469 4
470 8
471 4
472 2
473 2
474 6
475 7
476 9
477 4
478 5
479 4
480 12
481 7
482 3
483 10
484 5
485 8
486 12
487 10
488 7
489 1
490 13
491 4
492 11
493 15
494 11
495 11
496 11
497 7
498 10
499 7
500 17
501 5
502 10
503 6
504 13
505 10
506 14
507 11
508 10
509 6
510 8
511 2
512 5
513 8
514 10
515 6
516 3
517 4
518 3
519 5
520 12
521 2
522 5
523 4
524 8
525 2
526 3
527 2
528 2
529 2
530 3
531 1
532 2
534 1
535 2
536 1
