500 1000 50
0 466175
1 2757
2 1266
3 684
4 449
5 321
6 241
7 190
8 172
9 122
10 115
11 88
12 99
13 83
14 70
15 51
16 50
17 57
18 45
19 50
20 55
21 47
22 44
23 39
24 39
25 36
26 32
27 33
28 28
29 21
30 22
31 25
32 23
33 30
34 25
35 20
36 22
37 19
38 25
39 33
40 18
41 26
42 17
43 16
44 18
45 9
46 10
47 15
48 14
49 16
50 11
51 15
52 15
53 18
54 12
55 10
56 8
57 13
58 18
59 13
60 22
61 15
62 17
63 10
64 7
65 9
66 12
67 13
68 10
69 16
70 11
71 12
72 11
73 7
74 8
75 10
76 15
77 9
78 10
79 10
80 13
81 7
82 10
83 9
84 9
85 5
86 8
87 10
88 7
89 16
90 14
91 8
92 4
93 9
94 11
95 5
96 13
97 13
98 7
99 9
100 7
101 1
102 9
103 3
104 7
105 9
106 11
107 6
108 7
109 6
110 6
111 6
112 5
113 11
114 4
115 1
116 10
117 11
118 7
119 6
120 11
121 4
122 9
123 5
124 9
125 6
126 7
127 5
128 8
129 4
130 3
131 6
132 3
133 7
134 6
135 6
136 4
137 6
138 7
139 7
140 6
141 5
142 12
143 7
144 10
145 4
146 6
147 8
148 9
149 4
150 3
151 5
152 4
153 4
154 4
155 10
156 7
157 6
158 4
159 10
160 5
161 8
162 4
163 9
164 2
165 8
166 2
167 5
168 6
169 8
170 5
171 2
172 3
173 6
174 3
175 2
176 5
177 4
178 7
179 5
180 4
181 8
182 4
183 8
184 9
185 4
186 7
187 6
188 6
189 4
190 5
191 6
192 3
193 1
194 6
195 7
196 5
197 10
198 6
199 4
200 1
201 6
202 6
203 5
204 6
205 3
206 2
207 4
208 6
209 4
210 4
211 7
212 4
213 8
214 1
215 5
216 3
217 7
218 8
219 3
220 4
221 4
222 5
223 4
224 3
225 4
226 4
227 8
229 4
230 4
231 9
232 3
233 3
234 6
235 6
236 7
237 2
238 4
239 1
240 2
241 7
242 3
243 5
244 2
245 3
246 5
247 4
248 3
249 8
250 3
251 3
252 5
253 4
254 4
255 3
256 5
257 2
258 4
259 2
260 2
261 3
262 1
263 7
264 6
265 6
266 9
267 7
268 5
269 6
270 3
271 6
272 3
273 7
274 4
275 7
276 3
277 1
278 4
279 1
280 9
281 6
282 3
284 2
285 3
286 2
287 4
288 4
289 2
290 5
291 3
292 4
293 5
294 4
295 3
296 2
297 3
298 1
299 5
300 6
301 3
302 1
303 2
304 4
305 9
306 1
307 5
308 3
309 3
310 4
311 3
312 2
313 3
314 4
315 5
316 3
317 2
318 1
319 7
320 1
321 4
322 4
323 6
325 3
326 3
327 2
328 1
329 5
330 6
331 5
332 2
333 6
335 5
336 1
337 1
338 3
339 4
340 1
341 1
342 5
343 2
344 3
345 1
346 5
347 1
349 2
350 3
351 4
353 4
354 2
355 5
356 4
357 3
358 2
359 2
360 1
361 1
362 3
363 1
364 4
365 2
366 1
368 2
369 2
370 3
371 2
372 3
373 1
374 2
376 3
377 2
378 2
380 3
381 3
382 5
383 2
384 2
385 4
386 1
387 5
389 4
390 2
391 2
392 1
393 4
394 3
395 5
397 2
398 5
399 3
400 3
401 3
402 5
403 2
404 6
405 1
406 4
407 5
408 2
409 2
410 1
411 4
412 2
413 7
414 4
415 1
416 2
418 6
419 2
420 7
421 2
422 2
423 2
424 5
425 2
426 2
427 5
428 2
429 3
430 3
431 2
432 2
433 3
434 1
435 6
436 4
437 2
438 2
439 1
440 3
442 2
443 2
444 4
445 3
446 4
449 2
450 4
451 3
452 3
453 5
454 2
455 2
456 4
457 2
458 2
459 3
460 3
461 1
462 1
463 4
464 6
465 2
466 2
468 5
469 1
470 2
471 4
472 3
473 5
474 5
475 2
476 4
477 1
478 1
479 3
480 4
481 3
482 1
484 5
485 2
486 1
487 3
488 1
489 4
490 2
492 3
493 3
494 3
496 1
497 2
501 1
503 1
504 1
505 1
506 3
508 2
512 1
513 4
525 1
