20 25000 max
0 424980
1 31917
2 12708
3 6846
4 4514
5 3274
6 2366
7 1827
8 1533
9 1173
10 998
11 856
12 686
13 611
14 507
15 417
16 410
17 360
18 347
19 282
20 248
21 226
22 204
23 194
24 172
25 152
26 153
27 133
28 109
29 104
30 117
31 87
32 79
33 79
34 74
35 76
36 80
37 48
38 61
39 51
40 45
41 47
42 43
43 36
44 27
45 38
46 40
47 32
48 31
49 18
50 30
51 37
52 20
53 16
54 20
55 26
56 22
57 23
58 14
59 20
60 18
61 13
62 11
63 9
64 14
65 15
66 13
67 7
68 12
69 7
70 9
71 10
72 5
73 6
74 12
75 6
76 4
77 6
78 8
79 5
80 6
81 2
82 6
83 9
84 7
85 6
86 5
87 1
88 2
89 3
90 6
91 1
92 1
93 1
94 2
95 4
96 2
98 1
99 2
100 4
102 4
104 4
105 2
107 1
109 2
110 2
112 1
113 1
114 1
116 1
118 2
124 2
125 2
126 2
128 1
130 1
131 2
132 1
133 1
134 2
135 1
141 1
143 1
144 1
145 2
149 1
159 1
160 1
250 1
251 1
290 1
338 1
341 1
380 1
404 1
471 1
487 1
645 1
682 1
874 1
1143 1
1155 1
1169 1
1580 1
1595 1
1631 1
1705 1
1770 1
1792 1
1981 1
2020 1
2120 1
2156 1
2251 1
2326 1
2654 1
2792 1
3010 1
3395 1
3419 1
3549 1
3575 1
3651 1
3936 1
3999 1
4285 1
4400 1
4980 1
5055 1
5249 1
5348 1
5388 1
5808 1
5932 1
6258 1
6457 1
6929 1
6958 1
7655 1
