20 25000 max
0 449971
1 20294
2 8143
3 4464
4 2973
5 2104
6 1563
7 1243
8 1044
9 790
10 677
11 597
12 540
13 438
14 409
15 345
16 287
17 268
18 252
19 206
20 194
21 192
22 178
23 165
24 162
25 121
26 132
27 118
28 88
29 98
30 88
31 84
32 81
33 73
34 79
35 71
36 68
37 62
38 62
39 53
40 49
41 41
42 41
43 35
44 38
45 26
46 36
47 42
48 34
49 36
50 30
51 33
52 23
53 31
54 14
55 26
56 17
57 25
58 17
59 23
60 20
61 21
62 22
63 20
64 18
65 24
66 13
67 18
68 12
69 17
70 14
71 7
72 15
73 12
74 12
75 7
76 5
77 12
78 9
79 9
80 8
81 8
82 8
83 9
84 8
85 7
86 9
87 6
88 3
89 5
90 4
91 3
92 5
93 5
94 6
95 9
96 3
97 3
98 4
99 2
100 7
101 6
102 7
103 3
104 8
105 2
106 3
107 2
108 2
109 3
110 4
112 4
113 1
114 7
115 1
116 4
117 2
118 3
120 3
121 4
122 4
123 1
125 2
126 3
127 2
128 2
129 2
130 2
131 3
132 4
133 1
134 2
136 2
138 2
139 3
141 1
144 1
145 1
146 1
147 4
149 1
150 1
151 1
153 2
154 1
156 2
158 1
159 2
160 2
162 1
163 1
164 1
165 1
167 1
173 2
174 4
175 1
176 1
177 1
179 1
182 1
184 1
197 1
199 1
204 1
215 1
221 1
226 1
305 1
396 1
434 1
593 1
602 1
618 1
701 1
744 1
812 1
921 1
948 1
1225 1
1393 1
1771 1
1908 1
2010 1
2270 1
2326 1
2500 1
2613 1
2829 1
2876 1
3351 1
3416 1
3517 1
3974 1
4030 1
4129 1
4304 1
4406 1
4427 1
4567 1
5556 1
6140 1
6249 1
6326 1
6667 1
7194 1
7223 1
7319 1
7321 1
7817 1
8097 1
8263 1
8712 1
9014 1
9036 1
9689 1
10089 1
