20 25000 max
0 374988
1 58864
2 22599
3 11948
4 7496
5 5170
6 3644
7 2736
8 2112
9 1642
10 1297
11 1111
12 893
13 737
14 627
15 524
16 440
17 366
18 314
19 259
20 223
21 201
22 190
23 174
24 154
25 120
26 124
27 107
28 90
29 66
30 66
31 64
32 61
33 65
34 53
35 52
36 36
37 35
38 25
39 20
40 20
41 26
42 15
43 16
44 17
45 14
46 12
47 15
48 6
49 12
50 9
51 6
52 8
53 5
54 7
55 8
56 4
57 3
58 4
59 10
60 6
61 5
62 2
63 3
64 3
66 1
67 2
68 4
69 1
71 1
72 2
73 1
78 1
80 2
84 2
88 1
91 1
92 3
93 2
95 2
100 1
104 1
121 1
125 1
132 1
156 1
281 1
305 1
357 1
360 1
400 1
432 1
473 1
740 1
883 1
885 1
1159 1
1208 1
1403 1
1459 1
1520 1
1598 1
1625 1
1672 1
1841 1
1974 1
1995 1
2117 1
2209 1
2311 1
2370 1
2509 1
2618 1
2817 1
3112 1
3256 1
3620 1
3881 1
3894 1
3895 1
3910 1
3976 1
4040 1
4074 1
4179 1
