20 25000 max
0 324996
1 91214
2 33222
3 16677
4 9781
5 6365
6 4369
7 3070
8 2312
9 1681
10 1257
11 957
12 736
13 588
14 520
15 399
16 312
17 278
18 199
19 161
20 144
21 113
22 110
23 77
24 71
25 60
26 38
27 38
28 32
29 29
30 22
31 21
32 20
33 17
34 11
35 15
36 3
37 11
38 6
39 5
40 5
41 2
42 2
43 1
45 1
46 2
47 2
48 1
49 1
50 1
55 1
57 1
59 2
64 1
81 1
105 1
139 1
204 1
215 1
229 1
253 1
270 1
363 1
368 1
390 1
442 1
499 1
634 1
652 1
666 1
732 1
931 1
969 1
1174 1
1289 1
1290 1
1373 1
1480 1
1529 1
1720 1
1721 1
1737 1
1868 1
1978 1
2014 1
2241 1
2278 1
2363 1
2385 1
2396 1
2403 1
2511 1
2527 1
2588 1
