20 25000 max
0 399984
1 44686
2 17682
3 9430
4 5987
5 4206
6 3029
7 2379
8 1860
9 1447
10 1216
11 1044
12 831
13 702
14 635
15 509
16 452
17 386
18 325
19 307
20 227
21 230
22 203
23 208
24 166
25 141
26 137
27 136
28 110
29 89
30 102
31 82
32 75
33 72
34 69
35 62
36 45
37 63
38 56
39 34
40 40
41 36
42 31
43 26
44 32
45 29
46 17
47 23
48 23
49 18
50 22
51 17
52 13
53 14
54 15
55 18
56 8
57 10
58 12
59 7
60 5
61 9
62 3
63 14
64 7
65 3
66 10
67 4
68 6
69 7
70 5
71 5
72 3
73 3
74 3
75 5
76 1
77 1
78 4
79 1
80 2
81 3
82 1
83 3
84 1
85 1
86 3
91 1
93 1
95 1
96 1
97 1
99 2
100 4
102 1
104 1
107 2
108 3
110 1
112 2
116 1
117 1
120 2
121 1
129 1
209 1
310 1
331 1
378 1
402 1
458 1
542 1
631 1
703 1
844 1
873 1
934 1
973 1
1151 1
1160 1
1326 1
1639 1
1648 1
1658 1
1831 1
1903 1
2264 1
2271 1
2292 1
2421 1
2543 1
2651 1
2690 1
2780 1
2854 1
2899 1
3051 1
3259 1
3506 1
3817 1
4088 1
4156 1
4533 1
4536 1
5091 1
5101 1
5141 1
5167 1
5282 1
5526 1
