20 25000 max
0 300000
1 109587
2 38571
3 18582
4 10691
5 6634
6 4377
7 3056
8 2191
9 1512
10 1072
11 840
12 592
13 488
14 364
15 301
16 223
17 204
18 128
19 94
20 90
21 57
22 62
23 45
24 38
25 31
26 29
27 18
28 20
29 9
30 12
31 9
32 12
33 6
34 4
36 4
37 2
38 2
39 1
40 1
44 1
46 1
54 1
80 1
97 1
121 1
152 1
204 1
206 1
220 1
227 1
231 1
293 1
310 1
336 1
518 1
534 1
611 1
666 1
687 1
836 1
888 1
891 1
1074 1
1128 1
1210 1
1238 1
1340 1
1536 1
1537 1
1559 1
1787 1
1789 1
1804 1
1824 1
1889 1
1899 1
1939 1
1969 1
1999 1
2009 1
