20 25000 max
0 474959
1 9718
2 3852
3 2122
4 1433
5 1004
6 779
7 674
8 510
9 402
10 372
11 292
12 287
13 224
14 192
15 177
16 175
17 143
18 146
19 130
20 107
21 93
22 96
23 116
24 97
25 57
26 73
27 71
28 54
29 73
30 55
31 59
32 51
33 53
34 44
35 46
36 34
37 37
38 34
39 33
40 35
41 43
42 35
43 23
44 30
45 24
46 32
47 23
48 27
49 21
50 17
51 22
52 28
53 21
54 19
55 22
56 17
57 16
58 12
59 9
60 18
61 16
62 15
63 13
64 10
65 16
66 13
67 14
68 13
69 18
70 6
71 13
72 6
73 12
74 6
75 9
76 10
77 10
78 5
79 4
80 7
81 8
82 13
83 8
84 9
85 8
86 7
87 8
88 5
89 7
90 7
91 6
92 8
93 4
94 4
95 4
96 2
97 8
98 5
99 2
100 8
101 6
102 7
103 3
104 4
105 4
106 3
107 4
108 2
109 3
110 3
111 3
112 5
113 4
114 7
115 3
116 2
117 4
118 6
119 3
120 5
121 4
122 1
123 5
124 2
125 2
126 2
127 3
128 5
129 4
130 3
132 3
133 2
134 1
135 3
136 1
137 4
138 2
140 2
141 2
143 1
144 2
146 1
147 1
149 3
150 2
151 2
152 2
153 1
154 2
155 3
156 2
158 1
160 2
161 1
163 1
166 3
168 2
169 2
170 1
173 2
174 2
177 2
179 1
181 3
184 1
187 1
192 2
193 1
194 3
195 1
200 2
203 1
204 2
206 1
207 1
208 2
209 1
211 1
213 1
214 1
218 1
221 2
223 2
230 1
232 1
239 1
243 3
244 1
246 1
249 1
254 1
255 1
258 1
262 1
266 1
278 2
288 1
297 1
303 1
305 1
309 2
312 1
329 1
346 1
348 1
354 1
355 1
373 1
374 1
396 1
480 1
488 1
497 1
525 1
584 1
607 1
670 1
857 1
873 1
1094 1
1161 1
1342 1
1351 1
1427 1
1726 1
1889 1
1966 1
2279 1
2515 1
2659 1
3107 1
3200 1
3718 1
4884 1
5110 1
5286 1
5427 1
5428 1
5610 1
6405 1
7782 1
7862 1
8369 1
9014 1
9253 1
9288 1
9375 1
10187 1
10431 1
10757 1
10807 1
11282 1
11800 1
12200 1
13169 1
13686 1
14190 1
14497 1
14519 1
14834 1
