100 3000 40
0 243665
1 33
2 122
3 204
4 393
5 559
6 666
7 833
8 800
9 865
10 832
11 872
12 798
13 789
14 711
15 672
16 626
17 521
18 472
19 419
20 393
21 374
22 319
23 254
24 284
25 228
26 221
27 227
28 165
29 142
30 159
31 138
32 117
33 108
34 94
35 80
36 69
37 59
38 67
39 62
40 47
41 50
42 54
43 35
44 27
45 25
46 38
47 33
48 24
49 17
50 22
51 21
52 10
53 13
54 8
55 15
56 19
57 13
58 12
59 14
60 11
61 8
62 14
63 5
64 7
65 11
66 9
67 5
68 8
69 3
70 7
71 8
72 2
73 5
74 8
75 5
76 5
77 3
78 3
79 5
80 5
81 6
82 1
83 2
84 2
85 3
86 7
87 2
88 3
89 4
90 8
91 1
92 4
93 4
94 6
95 2
97 3
98 1
99 1
101 1
102 2
103 2
104 3
105 2
106 1
107 3
108 1
110 1
112 1
113 1
115 1
116 1
117 2
118 1
119 1
120 1
121 1
123 2
125 1
126 2
128 1
130 1
132 1
133 3
134 4
136 2
138 2
139 1
140 1
141 2
142 3
143 2
144 1
145 2
146 1
148 1
150 1
151 2
154 3
155 1
156 2
157 1
159 3
164 2
165 3
167 1
170 1
173 2
177 1
178 2
179 2
180 2
183 1
185 1
187 1
188 2
189 2
192 1
194 1
196 2
200 1
204 1
206 1
207 1
210 3
213 1
214 2
215 1
216 1
217 1
218 2
220 1
221 1
222 1
223 1
226 3
227 1
231 3
234 2
235 1
237 1
239 1
242 1
243 1
244 1
246 1
250 1
256 1
259 1
261 1
264 2
266 1
269 3
270 1
273 2
274 2
275 1
276 2
279 1
282 1
283 1
286 2
287 2
288 1
293 2
294 1
295 2
297 1
298 1
304 1
311 1
314 1
315 1
320 2
323 1
324 1
325 1
327 1
329 3
330 1
331 1
332 3
338 2
341 1
347 1
351 1
352 2
355 1
356 1
358 1
360 1
366 1
369 1
371 1
373 1
377 1
378 1
382 1
387 1
407 1
413 1
416 1
444 1
448 1
