100 3000 40
0 242477
1 65
2 209
3 373
4 547
5 659
6 812
7 911
8 924
9 971
10 954
11 918
12 903
13 782
14 696
15 641
16 606
17 557
18 487
19 432
20 417
21 377
22 307
23 290
24 240
25 237
26 199
27 183
28 164
29 163
30 114
31 131
32 116
33 93
34 88
35 68
36 92
37 67
38 59
39 59
40 42
41 41
42 44
43 38
44 44
45 21
46 40
47 35
48 28
49 26
50 18
51 27
52 17
53 19
54 14
55 10
56 11
57 13
58 14
59 13
60 13
61 17
62 6
63 12
64 11
65 13
66 9
67 4
68 7
69 9
70 7
71 3
72 3
73 6
74 7
75 5
76 4
77 5
78 2
79 5
80 7
81 1
82 7
83 5
84 6
85 2
86 4
87 4
88 7
89 6
90 4
91 4
92 2
93 1
94 1
95 3
96 3
97 1
100 2
101 4
102 4
103 4
104 4
105 4
106 4
108 2
109 3
110 4
112 1
113 1
114 1
115 2
118 1
119 1
120 1
122 2
123 1
124 1
125 1
126 2
127 2
128 1
129 1
131 2
136 1
137 1
139 2
140 2
141 2
142 1
143 1
144 2
145 2
147 2
149 5
151 2
153 1
154 2
156 1
157 1
159 2
161 1
162 1
163 3
164 2
165 1
172 1
175 4
176 1
177 1
179 1
181 1
182 1
184 1
185 1
188 1
189 2
190 1
192 1
194 1
195 1
196 1
198 1
200 1
201 1
204 2
206 2
207 1
208 1
219 1
220 1
221 1
222 2
227 1
228 1
232 1
236 2
237 2
241 1
242 1
244 1
248 1
249 2
250 1
251 3
253 4
256 1
261 1
264 1
265 1
266 1
267 2
270 1
272 1
274 2
276 1
277 1
280 1
282 1
286 1
290 1
300 1
301 1
302 1
306 1
307 1
308 1
312 1
316 3
317 1
320 1
327 1
329 1
336 1
337 1
340 1
343 1
345 1
348 1
351 1
360 1
361 1
366 1
368 1
371 1
386 1
392 1
418 1
436 1
