100 3000 40
0 244812
1 15
2 60
3 143
4 260
5 352
6 459
7 605
8 711
9 725
10 779
11 743
12 729
13 738
14 695
15 654
16 650
17 534
18 497
19 454
20 424
21 359
22 365
23 305
24 299
25 256
26 215
27 206
28 171
29 169
30 143
31 136
32 122
33 102
34 105
35 93
36 77
37 77
38 84
39 58
40 51
41 66
42 35
43 41
44 35
45 24
46 28
47 27
48 22
49 29
50 20
51 24
52 13
53 15
54 21
55 19
56 19
57 18
58 14
59 16
60 7
61 4
62 9
63 14
64 8
65 6
66 7
67 10
68 6
69 4
70 7
71 5
72 3
73 5
74 7
75 4
76 1
77 1
78 5
79 5
80 5
81 5
82 2
83 2
84 3
85 3
86 1
89 3
90 1
91 5
92 4
93 1
94 5
95 3
97 3
98 2
99 4
100 1
101 3
102 2
103 2
104 5
105 4
106 2
108 3
109 1
110 1
111 3
113 1
115 3
117 1
118 2
119 3
120 2
121 2
123 1
124 2
125 2
127 2
128 2
129 2
130 1
132 2
133 1
135 2
136 1
137 1
138 1
140 2
141 1
142 1
144 1
145 2
147 1
148 1
149 2
150 1
153 1
154 2
157 2
160 2
161 3
162 1
165 1
170 1
171 1
175 1
177 2
178 2
179 2
182 1
183 2
185 1
188 1
189 1
191 1
192 1
194 2
195 1
198 1
199 2
200 1
201 1
203 1
206 1
207 1
211 1
213 2
220 1
221 2
222 2
228 2
229 1
231 2
232 2
233 1
234 2
236 1
237 1
238 1
239 1
241 2
242 2
244 2
246 1
247 2
248 1
250 1
253 1
255 1
256 2
257 1
258 1
259 1
260 1
264 1
265 1
266 2
270 1
271 1
273 2
274 1
276 1
280 3
281 1
283 2
284 4
287 1
289 1
290 2
294 1
296 1
299 1
300 1
302 1
303 1
307 4
312 1
315 1
319 1
320 1
321 1
324 2
328 3
329 2
332 1
337 1
338 1
340 1
342 1
347 1
350 1
351 2
357 1
359 1
360 1
368 1
369 1
376 1
379 1
380 1
382 1
383 2
402 1
403 2
404 1
413 1
419 1
425 1
