100 3000 40
0 243186
1 47
2 155
3 285
4 420
5 602
6 664
7 830
8 895
9 897
10 946
11 890
12 861
13 804
14 657
15 643
16 609
17 547
18 493
19 452
20 388
21 363
22 323
23 279
24 280
25 236
26 225
27 187
28 157
29 151
30 129
31 134
32 124
33 114
34 95
35 65
36 73
37 67
38 71
39 59
40 58
41 48
42 44
43 35
44 43
45 33
46 31
47 28
48 18
49 17
50 25
51 13
52 18
53 15
54 14
55 12
56 19
57 11
58 10
59 10
60 13
61 11
62 12
63 16
64 7
65 5
66 6
67 7
68 4
69 7
70 5
71 6
72 10
73 3
74 5
75 5
76 9
77 8
78 3
79 6
80 5
81 1
82 7
83 2
84 7
85 4
86 6
87 4
88 4
89 3
90 2
91 2
92 2
93 4
94 4
95 2
96 3
97 4
98 1
99 2
100 5
101 4
102 1
103 1
104 2
107 4
110 1
111 1
112 2
113 3
114 1
115 1
116 1
118 2
120 1
121 3
126 1
129 2
134 1
135 2
136 3
138 1
139 1
140 1
142 1
143 2
146 2
148 1
149 1
152 2
153 1
154 2
155 1
156 3
160 3
161 1
162 3
163 1
165 1
166 3
167 1
168 1
169 1
170 1
171 1
174 1
176 2
177 3
180 3
181 1
182 1
184 1
188 1
190 1
191 1
194 2
195 1
196 2
199 2
202 2
206 1
207 1
210 1
214 3
216 2
219 1
228 1
230 1
232 1
235 1
236 1
238 1
240 2
241 1
242 1
247 2
250 1
252 2
255 1
256 1
258 2
259 1
261 1
263 1
266 3
267 1
269 1
272 1
273 1
274 1
276 1
277 1
278 2
279 1
280 1
281 1
287 1
290 2
292 1
295 1
296 1
297 2
308 1
309 1
310 2
311 1
312 1
316 1
321 1
323 1
327 3
329 1
330 2
331 1
334 1
335 2
338 1
343 1
349 1
352 1
354 1
355 1
360 1
373 1
375 2
382 1
384 1
386 1
387 1
410 1
411 1
417 1
437 1
