100 3000 40
0 244608
1 22
2 66
3 174
4 294
5 385
6 502
7 610
8 699
9 686
10 773
11 760
12 831
13 730
14 704
15 678
16 609
17 575
18 518
19 479
20 428
21 369
22 351
23 314
24 270
25 262
26 219
27 205
28 175
29 146
30 159
31 115
32 111
33 100
34 87
35 95
36 79
37 78
38 62
39 67
40 46
41 56
42 42
43 34
44 36
45 32
46 34
47 26
48 22
49 22
50 23
51 24
52 12
53 17
54 17
55 17
56 11
57 14
58 10
59 7
60 11
61 19
62 6
63 8
64 14
65 5
66 3
67 6
68 3
69 7
70 7
72 5
73 8
74 7
75 7
76 4
77 5
78 3
79 6
80 4
81 2
82 5
83 5
84 4
85 2
86 6
87 3
88 1
89 3
90 1
91 3
92 4
93 3
94 2
95 6
96 2
97 3
98 1
99 2
100 2
101 3
102 2
103 2
104 4
105 1
107 4
108 4
110 5
111 3
112 1
113 2
114 1
115 2
116 1
120 2
121 4
122 1
123 2
124 2
125 1
126 3
127 1
129 1
130 1
131 1
133 1
134 3
135 1
137 3
138 1
139 1
144 4
145 1
146 1
148 2
149 2
150 1
154 1
157 1
160 2
161 1
162 1
166 1
169 1
170 1
172 1
174 1
178 1
180 1
183 1
186 2
189 1
192 1
193 1
194 1
195 3
197 1
200 1
201 1
202 2
204 1
206 1
209 1
212 1
213 1
215 1
219 2
221 2
223 1
224 1
226 1
227 1
230 1
231 1
232 1
233 2
235 1
237 2
238 1
240 1
241 3
243 1
247 2
248 2
249 1
252 1
255 1
256 1
257 1
258 1
261 1
264 1
265 2
266 4
268 1
270 2
272 1
274 1
277 1
278 1
280 1
281 1
282 2
285 1
288 2
290 1
291 2
292 2
299 1
302 1
303 1
304 2
305 2
309 3
313 1
315 1
316 1
317 1
319 1
320 1
321 2
323 1
328 1
329 1
331 2
332 1
333 1
337 1
341 2
342 1
343 1
350 1
351 1
352 1
353 1
356 1
357 1
358 1
359 2
375 1
376 1
383 1
387 1
391 3
393 1
395 1
426 1
450 1
458 1
476 1
