100 3000 40
0 239430
1 220
2 501
3 799
4 997
5 1106
6 1140
7 1200
8 1239
9 1111
10 1042
11 982
12 889
13 803
14 720
15 700
16 563
17 534
18 498
19 452
20 383
21 348
22 311
23 276
24 262
25 258
26 200
27 183
28 152
29 161
30 130
31 121
32 114
33 111
34 137
35 92
36 61
37 75
38 71
39 63
40 50
41 53
42 36
43 35
44 38
45 34
46 28
47 26
48 23
49 33
50 21
51 25
52 24
53 18
54 20
55 18
56 11
57 14
58 15
59 8
60 13
61 12
62 18
63 11
64 14
65 13
66 6
67 3
68 5
69 3
70 6
71 9
72 6
73 4
74 8
75 4
76 4
77 3
78 3
79 7
80 6
81 11
82 4
83 5
84 5
85 8
86 3
87 1
88 6
89 2
91 5
93 3
94 3
95 3
96 4
97 1
98 3
99 1
100 5
102 2
103 5
104 2
105 5
107 1
109 3
110 2
111 2
112 1
113 3
115 2
116 5
117 2
118 3
121 1
123 2
124 2
125 2
126 1
127 2
128 2
129 1
130 3
132 2
140 1
141 1
142 1
143 2
145 2
146 1
147 4
148 1
151 1
154 1
155 2
156 1
157 1
159 1
160 1
162 5
163 1
165 1
168 3
171 1
173 1
174 1
175 1
181 1
184 1
185 1
187 2
191 1
197 2
198 1
204 1
205 1
210 1
212 1
214 2
218 1
221 2
222 1
225 1
234 1
238 1
242 1
266 1
270 1
281 1
293 1
297 1
