100 3000 40
0 240608
1 153
2 380
3 623
4 772
5 918
6 1064
7 1078
8 1168
9 1091
10 1012
11 919
12 876
13 800
14 730
15 671
16 604
17 538
18 500
19 449
20 404
21 356
22 303
23 273
24 260
25 219
26 210
27 181
28 154
29 140
30 120
31 106
32 123
33 100
34 110
35 84
36 72
37 64
38 59
39 50
40 59
41 47
42 46
43 51
44 48
45 47
46 36
47 27
48 29
49 25
50 28
51 25
52 22
53 26
54 18
55 16
56 14
57 16
58 12
59 16
60 13
61 13
62 12
63 8
64 12
65 6
66 10
67 10
68 7
69 3
70 3
71 8
72 2
73 5
74 6
75 6
76 6
77 1
78 8
79 1
80 6
81 4
82 3
83 1
84 3
85 4
86 5
87 3
88 3
89 3
90 4
91 2
92 5
93 6
94 1
95 5
96 4
97 2
99 3
100 1
101 4
102 4
103 1
105 2
106 1
107 3
108 1
109 2
110 1
111 4
112 1
115 2
116 2
118 4
119 4
120 4
122 5
124 2
125 2
126 3
127 2
128 3
130 1
131 2
132 1
133 1
134 1
138 1
139 1
140 4
141 1
142 1
143 2
144 1
145 1
149 1
150 1
151 3
154 4
155 1
156 2
158 1
159 2
161 2
162 1
163 1
165 1
166 1
167 1
170 1
171 1
172 1
174 2
178 1
179 1
180 3
181 2
182 1
184 2
186 1
187 1
188 1
189 2
190 1
192 1
194 1
195 1
196 1
197 1
202 1
203 1
205 3
210 1
211 1
212 2
214 1
216 1
218 2
223 1
230 2
237 1
238 1
240 1
248 1
249 1
251 1
254 1
257 1
262 1
271 1
285 2
292 1
303 1
308 1
341 1
375 1
382 1
