100 3000 40
0 244349
1 22
2 72
3 188
4 298
5 392
6 541
7 655
8 760
9 826
10 819
11 782
12 753
13 756
14 733
15 659
16 594
17 606
18 545
19 404
20 445
21 395
22 322
23 315
24 272
25 240
26 174
27 187
28 174
29 165
30 153
31 128
32 127
33 112
34 98
35 84
36 61
37 67
38 50
39 75
40 63
41 51
42 44
43 29
44 34
45 41
46 32
47 25
48 20
49 16
50 25
51 24
52 16
53 17
54 17
55 10
56 14
57 11
58 12
59 15
60 6
61 10
62 9
63 7
64 7
65 11
66 4
67 4
68 6
69 10
70 3
71 4
72 8
73 8
74 5
75 3
76 5
77 5
78 5
79 2
80 6
81 4
82 4
83 6
84 1
87 4
88 4
89 1
90 2
91 3
92 1
93 5
94 1
95 4
97 3
98 4
99 3
100 3
102 1
103 3
105 2
106 2
107 1
108 1
110 3
111 2
112 3
113 2
114 2
115 1
116 3
117 1
118 2
120 2
123 2
125 2
126 2
128 1
131 1
132 3
133 5
134 2
137 1
138 2
139 2
140 1
142 2
143 2
144 1
145 1
147 1
149 3
150 2
153 2
154 1
156 4
157 1
158 1
161 1
162 1
166 1
170 1
172 2
173 1
174 1
178 2
179 1
180 1
181 1
187 1
191 2
192 1
195 1
196 2
197 1
198 1
199 1
201 1
204 1
205 1
207 2
209 2
210 1
211 2
212 2
214 1
215 1
218 2
220 1
221 2
222 1
227 1
229 2
230 3
232 2
233 2
236 2
237 2
242 2
245 1
246 2
249 1
251 1
256 2
257 1
258 1
260 2
262 1
263 1
264 3
267 1
268 1
271 1
272 1
274 2
279 3
280 2
281 1
283 1
285 2
287 1
288 1
291 1
292 2
293 1
295 1
296 1
298 1
300 1
302 1
304 1
306 2
308 1
310 2
311 1
313 2
315 1
320 2
322 1
325 1
326 1
327 1
329 2
330 1
344 2
349 2
353 1
356 2
365 1
369 1
370 1
372 1
376 1
379 1
380 3
387 2
391 1
397 1
409 1
445 1
452 1
469 1
