100 3000 40
0 241984
1 106
2 235
3 439
4 633
5 743
6 882
7 985
8 952
9 986
10 965
11 919
12 862
13 763
14 699
15 723
16 597
17 502
18 494
19 460
20 417
21 356
22 315
23 250
24 250
25 241
26 190
27 194
28 162
29 150
30 134
31 123
32 118
33 106
34 90
35 83
36 84
37 78
38 63
39 57
40 44
41 54
42 32
43 48
44 39
45 22
46 27
47 27
48 24
49 33
50 30
51 31
52 19
53 16
54 12
55 16
56 8
57 15
58 9
59 15
60 11
61 14
62 15
63 6
64 6
65 9
66 5
67 7
68 5
69 9
70 13
71 11
72 2
73 3
74 6
75 8
76 12
77 2
78 8
79 4
80 4
81 4
82 1
83 3
84 2
85 3
86 6
87 4
88 7
89 4
90 2
91 2
92 2
93 1
94 3
95 2
96 5
97 4
98 4
99 2
100 3
101 3
102 5
103 2
104 3
105 2
106 1
107 4
108 1
109 1
110 1
113 1
115 2
116 2
117 1
118 4
119 3
120 3
121 1
122 2
123 3
124 1
125 1
126 1
127 2
129 3
130 3
131 1
133 1
135 1
136 1
137 1
138 2
139 1
140 2
141 1
142 1
144 1
148 2
149 1
150 2
154 1
155 1
158 1
159 1
160 1
162 2
164 1
167 1
170 2
174 1
176 1
177 1
178 1
179 1
180 1
183 1
185 2
188 3
189 1
190 2
193 1
194 2
195 1
196 1
197 1
198 2
199 2
202 1
204 1
205 1
206 1
209 1
211 1
212 2
214 2
215 1
219 1
220 1
225 1
226 1
228 2
230 1
232 1
233 2
235 1
238 1
240 1
247 1
248 1
249 2
252 1
253 2
256 1
263 1
265 1
266 1
268 1
270 1
272 2
273 2
274 1
275 1
286 1
288 1
291 1
295 2
297 1
302 3
303 2
304 1
305 1
310 2
313 1
318 1
321 1
324 1
326 1
328 1
332 1
333 1
343 1
345 1
402 1
444 1
