100 3000 40
0 235403
1 516
2 980
3 1374
4 1585
5 1602
6 1572
7 1527
8 1444
9 1299
10 1147
11 1070
12 999
13 919
14 806
15 729
16 614
17 594
18 543
19 454
20 401
21 354
22 321
23 288
24 282
25 212
26 239
27 196
28 164
29 145
30 140
31 124
32 101
33 98
34 89
35 78
36 64
37 71
38 55
39 57
40 42
41 33
42 57
43 36
44 36
45 31
46 31
47 29
48 21
49 16
50 16
51 13
52 19
53 19
54 17
55 15
56 10
57 13
58 6
59 15
60 6
61 6
62 5
63 9
64 9
65 4
66 10
67 10
68 6
69 5
70 7
71 7
72 7
73 11
74 2
75 2
76 4
77 5
78 4
79 2
80 2
81 3
82 2
83 2
84 3
85 3
86 1
87 1
89 2
91 2
92 4
93 2
94 1
96 2
97 1
98 3
99 3
102 2
104 2
106 3
110 3
112 1
113 1
114 1
115 2
118 2
120 1
125 1
129 1
137 1
145 3
148 2
