100 3000 40
0 231520
1 787
2 1491
3 1860
4 2141
5 2113
6 2007
7 1818
8 1812
9 1530
10 1407
11 1217
12 1126
13 1023
14 918
15 779
16 701
17 566
18 527
19 440
20 416
21 343
22 306
23 267
24 256
25 207
26 183
27 175
28 158
29 135
30 113
31 117
32 95
33 63
34 66
35 65
36 46
37 41
38 35
39 38
40 38
41 34
42 31
43 31
44 19
45 16
46 14
47 21
48 13
49 18
50 5
51 15
52 11
53 11
54 14
55 4
56 13
57 8
58 5
59 11
60 9
61 3
62 2
63 7
64 4
65 2
66 6
67 5
68 5
69 2
70 2
71 9
72 1
73 1
74 1
75 1
76 1
78 2
79 1
80 1
81 1
85 1
89 2
91 1
96 2
107 1
109 1
121 1
