100 3000 40
0 244480
1 25
2 59
3 166
4 278
5 429
6 553
7 642
8 752
9 735
10 815
11 796
12 760
13 764
14 679
15 622
16 582
17 544
18 551
19 440
20 419
21 405
22 337
23 320
24 288
25 264
26 236
27 188
28 160
29 144
30 172
31 119
32 112
33 105
34 92
35 90
36 90
37 77
38 56
39 69
40 48
41 39
42 46
43 41
44 29
45 30
46 36
47 32
48 21
49 20
50 23
51 18
52 22
53 23
54 16
55 13
56 8
57 16
58 11
59 10
60 8
61 8
62 9
63 6
64 5
65 5
66 3
67 3
68 10
69 11
70 4
71 7
72 7
73 5
74 4
75 7
76 2
77 7
78 4
79 5
80 5
81 5
82 2
83 2
84 3
85 2
86 1
87 2
88 1
89 3
90 2
91 5
92 5
93 4
94 3
95 4
96 2
98 1
99 2
100 2
101 1
102 2
103 2
104 3
105 2
106 2
107 1
108 4
110 2
111 4
112 3
113 2
118 3
119 1
120 1
122 1
123 3
124 1
125 1
126 2
127 3
128 1
129 1
131 1
133 1
135 2
136 1
139 1
142 3
144 4
145 2
147 1
148 3
149 2
150 1
151 1
152 2
155 1
158 1
161 1
164 1
166 1
167 1
169 1
170 1
171 1
172 3
173 3
176 1
179 1
186 1
188 1
189 1
190 1
194 1
197 1
200 1
202 2
203 2
204 1
205 2
206 1
207 3
209 2
217 2
218 1
219 4
222 1
223 1
224 1
227 2
228 1
229 2
231 2
232 2
233 2
236 2
238 3
239 2
240 1
241 1
244 2
245 1
247 1
248 1
249 2
250 2
251 1
252 1
253 1
254 1
257 2
258 1
261 1
263 1
265 1
266 1
269 1
270 1
272 1
277 1
281 2
283 1
284 1
287 3
289 1
290 1
291 2
293 1
297 2
298 2
300 1
301 1
303 1
305 1
306 1
313 1
314 2
316 1
318 1
320 1
321 1
322 1
326 1
330 1
331 2
333 1
334 1
339 1
340 1
347 1
349 1
350 1
353 1
356 1
357 1
372 1
373 1
380 1
381 2
389 1
390 1
392 1
395 1
403 2
406 1
418 1
430 1
445 1
457 1
462 1
