100 3000 40
0 243457
1 51
2 120
3 245
4 401
5 576
6 703
7 781
8 821
9 860
10 907
11 861
12 826
13 793
14 696
15 663
16 615
17 561
18 504
19 459
20 412
21 373
22 312
23 298
24 260
25 214
26 223
27 147
28 159
29 169
30 161
31 116
32 102
33 104
34 85
35 91
36 84
37 64
38 65
39 48
40 59
41 50
42 45
43 37
44 25
45 27
46 36
47 24
48 27
49 20
50 21
51 22
52 14
53 21
54 22
55 14
56 19
57 14
58 13
59 16
60 13
61 11
62 6
63 6
64 7
65 8
66 4
67 4
68 7
69 3
70 6
71 3
72 9
73 5
74 8
75 10
76 9
77 5
78 7
79 7
80 3
81 3
82 8
83 3
84 8
85 3
86 3
87 2
88 2
89 4
90 2
91 3
92 2
94 3
96 1
97 1
98 4
99 3
100 3
101 2
103 3
104 3
105 2
106 4
108 4
110 1
111 1
112 3
114 2
115 2
116 3
120 2
121 1
122 1
123 2
124 1
125 1
126 1
127 2
128 1
129 1
130 1
131 2
132 2
133 1
138 1
139 1
142 1
147 2
149 2
150 1
151 1
152 1
153 1
156 2
157 1
158 1
159 1
160 1
162 2
164 2
165 2
167 1
168 1
169 1
170 2
171 2
173 2
175 2
176 1
177 1
182 1
184 1
185 1
186 3
187 2
192 2
193 1
194 2
196 1
197 4
198 3
200 1
201 1
204 2
207 1
211 1
215 1
216 1
218 1
219 1
220 1
221 1
222 1
225 1
227 1
228 1
230 1
232 1
233 1
234 1
237 1
238 1
240 1
241 1
244 1
245 3
246 1
247 2
248 1
254 1
259 1
261 1
262 1
264 2
266 1
267 1
268 1
270 1
277 1
280 1
284 2
285 1
287 1
289 1
291 1
292 1
294 3
298 1
300 1
301 1
303 2
304 1
309 1
312 3
315 1
316 1
317 1
326 1
332 2
333 1
336 2
340 2
342 1
343 1
344 4
346 1
347 1
349 1
360 1
364 1
368 1
376 1
381 1
387 1
392 1
395 1
409 2
411 1
423 1
434 1
