100 3000 40
0 244901
1 15
2 74
3 125
4 238
5 338
6 479
7 559
8 688
9 751
10 710
11 724
12 769
13 743
14 645
15 672
16 585
17 579
18 508
19 471
20 425
21 374
22 349
23 312
24 296
25 246
26 243
27 195
28 181
29 184
30 143
31 151
32 119
33 102
34 98
35 83
36 83
37 89
38 56
39 57
40 56
41 52
42 50
43 46
44 31
45 34
46 31
47 29
48 38
49 24
50 24
51 18
52 15
53 21
54 22
55 19
56 14
57 9
58 7
59 13
60 10
61 7
62 10
63 8
64 10
65 6
66 7
67 6
68 3
69 6
70 4
71 6
72 7
73 3
74 5
75 8
76 6
77 5
78 9
79 3
80 3
81 3
82 4
83 1
84 5
85 2
86 3
87 1
88 5
89 3
90 2
91 1
92 2
93 1
94 1
95 3
98 5
99 3
101 2
102 3
104 1
105 1
106 3
107 1
108 3
110 2
111 1
112 2
113 2
114 3
115 1
116 3
118 1
119 1
120 2
121 1
122 1
123 1
124 2
125 2
126 2
127 2
128 2
129 3
130 1
131 4
133 1
135 1
137 2
139 1
140 1
141 2
144 1
145 1
146 1
148 1
150 2
151 1
154 1
155 3
158 2
159 3
162 1
163 2
165 1
167 3
170 1
171 1
172 1
173 1
174 1
175 1
176 2
177 2
178 1
180 1
182 1
183 1
187 1
188 1
189 1
190 2
193 2
199 1
203 1
205 1
206 1
207 1
208 1
209 2
210 1
212 3
216 1
217 1
220 2
223 1
224 2
225 1
226 1
228 2
232 3
234 1
238 1
239 1
242 1
243 2
247 1
249 1
251 2
254 2
255 2
258 1
259 1
261 1
262 1
265 2
266 2
269 2
270 1
271 2
272 1
273 2
274 2
276 2
277 1
279 3
281 1
284 1
285 3
287 1
290 1
291 1
293 1
294 1
295 1
301 2
303 1
309 1
311 1
312 1
313 1
316 1
317 1
323 1
326 4
328 1
329 1
330 1
333 1
334 1
336 1
337 2
341 3
346 1
348 1
350 1
353 1
354 1
359 1
365 1
366 1
369 1
370 3
382 1
388 1
389 1
395 2
399 2
406 1
