100 3000 40
0 244995
1 15
2 57
3 125
4 212
5 359
6 411
7 546
8 616
9 678
10 746
11 783
12 741
13 687
14 675
15 669
16 621
17 583
18 494
19 480
20 450
21 403
22 380
23 330
24 321
25 242
26 232
27 200
28 189
29 160
30 155
31 139
32 122
33 108
34 95
35 86
36 78
37 67
38 77
39 49
40 64
41 46
42 55
43 42
44 37
45 45
46 30
47 26
48 26
49 15
50 25
51 13
52 20
53 15
54 14
55 16
56 16
57 9
58 11
59 9
60 10
61 8
62 6
63 6
64 13
65 5
66 7
67 11
68 7
69 5
70 5
71 5
72 7
73 5
74 3
75 5
76 2
77 4
78 4
79 5
80 4
81 3
82 4
83 4
84 2
85 1
86 4
87 1
88 5
89 3
90 3
91 2
92 1
93 5
94 2
95 1
96 2
97 2
98 1
100 3
101 2
102 3
103 2
104 1
105 1
106 2
107 4
108 2
109 2
111 1
112 2
113 1
114 2
115 2
117 1
119 1
121 4
122 4
123 1
125 3
126 2
127 2
128 1
129 2
130 1
131 1
132 1
134 5
135 1
137 4
140 2
141 2
143 2
145 1
146 1
147 1
149 3
152 1
153 2
156 1
157 2
158 2
161 1
164 2
167 1
171 2
172 2
173 1
179 1
180 1
183 1
184 1
186 1
188 1
191 2
192 2
193 2
194 1
196 2
199 2
201 2
202 2
204 1
205 1
206 1
207 2
210 1
212 3
216 1
217 2
218 2
220 2
221 1
222 1
224 1
225 1
226 1
227 1
228 1
229 2
231 1
235 2
236 3
237 1
239 1
240 1
241 1
243 2
245 1
246 1
250 1
251 1
254 1
255 1
257 2
259 1
261 1
262 1
263 2
264 1
266 1
267 3
268 1
271 1
273 1
277 1
280 1
283 1
284 2
285 1
286 1
291 1
294 3
295 1
297 2
298 1
300 1
301 1
302 1
305 1
306 1
308 1
309 2
312 1
315 1
316 1
318 1
320 1
322 2
323 1
325 1
326 1
327 1
329 1
330 1
332 1
333 1
334 1
335 2
336 1
337 1
338 1
347 1
348 1
349 2
355 1
360 1
369 1
376 1
379 1
381 1
385 1
388 1
394 2
399 1
420 1
