100 3000 40
0 244208
1 25
2 91
3 184
4 289
5 430
6 576
7 665
8 796
9 770
10 850
11 847
12 799
13 788
14 690
15 659
16 623
17 533
18 504
19 455
20 429
21 390
22 313
23 299
24 272
25 241
26 220
27 198
28 178
29 177
30 131
31 130
32 109
33 105
34 84
35 94
36 78
37 56
38 53
39 55
40 39
41 51
42 40
43 40
44 41
45 32
46 21
47 36
48 28
49 20
50 16
51 21
52 18
53 19
54 6
55 22
56 15
57 11
58 18
59 9
60 9
61 8
62 13
63 17
64 12
65 10
66 11
67 8
68 3
69 9
70 5
71 7
72 6
73 4
74 5
75 5
76 9
77 2
78 4
79 4
80 3
81 1
82 2
83 7
84 4
85 1
86 4
88 2
89 6
90 5
91 3
92 4
93 2
94 4
95 2
96 2
97 1
98 1
99 2
101 1
102 2
103 1
104 1
105 1
106 1
107 3
108 1
109 2
110 1
112 2
113 1
115 2
117 2
118 1
119 1
120 1
121 1
122 1
123 1
124 1
127 2
128 2
130 1
131 3
132 1
134 3
135 2
136 1
138 2
140 1
143 2
144 1
145 1
146 1
147 1
148 1
149 1
150 1
151 2
152 2
157 1
159 1
160 2
161 1
163 1
164 1
168 2
169 1
170 1
173 1
176 1
177 1
178 1
179 3
181 1
184 2
185 1
187 1
188 1
192 1
193 1
194 3
198 1
202 3
204 1
205 3
207 1
208 1
209 2
210 2
211 2
213 1
215 1
217 1
218 2
222 1
223 1
224 1
225 2
227 1
228 2
230 1
232 1
233 3
234 1
235 2
236 1
237 1
239 1
242 1
243 2
244 1
245 1
247 2
252 1
253 2
254 2
256 1
257 2
259 1
262 1
264 1
271 1
272 1
274 2
277 2
279 1
281 1
284 1
285 1
286 1
288 1
289 1
290 1
291 2
294 2
295 1
296 1
301 1
302 1
305 3
306 2
307 1
308 1
314 2
316 1
318 2
321 2
322 1
325 1
327 1
328 1
334 1
337 2
339 1
340 1
344 1
351 1
352 1
353 1
357 2
367 1
371 1
375 2
384 2
410 2
423 1
432 1
457 1
464 1
465 1
472 1
