100 3000 40
0 242873
1 56
2 186
3 302
4 479
5 592
6 774
7 833
8 950
9 929
10 877
11 873
12 910
13 776
14 703
15 666
16 651
17 544
18 526
19 447
20 417
21 350
22 326
23 287
24 247
25 236
26 189
27 183
28 175
29 145
30 124
31 119
32 120
33 95
34 73
35 93
36 82
37 73
38 58
39 57
40 52
41 33
42 43
43 41
44 32
45 37
46 33
47 35
48 22
49 21
50 16
51 17
52 21
53 16
54 22
55 21
56 11
57 13
58 11
59 12
60 8
61 8
62 9
63 4
64 5
65 12
66 8
67 7
68 8
69 7
70 9
71 6
72 7
73 9
74 8
75 5
76 4
77 4
78 7
79 5
80 6
81 2
82 3
83 7
84 3
85 8
86 3
87 4
88 5
89 4
90 5
91 2
92 2
94 4
95 2
96 5
97 7
99 3
100 3
101 2
102 3
104 2
105 3
106 1
107 2
108 1
109 2
110 1
112 1
113 1
114 5
115 4
116 2
119 1
120 1
122 1
124 1
126 1
127 2
128 2
130 2
131 1
132 1
133 4
134 3
135 1
137 3
139 1
140 2
141 1
142 1
144 2
145 2
147 3
148 1
152 1
153 1
154 1
155 2
156 2
161 1
162 1
163 1
166 1
167 2
168 3
170 2
172 4
175 1
177 2
181 1
183 1
186 1
187 1
189 1
191 1
194 3
200 2
211 2
212 1
216 1
217 1
218 1
219 1
220 1
221 1
223 1
225 1
227 1
230 1
232 1
233 1
234 1
235 1
236 4
238 1
242 1
243 2
246 1
248 3
249 1
251 1
252 1
253 3
257 2
258 1
261 1
264 3
267 1
270 3
272 1
278 1
279 1
280 1
282 1
283 3
284 3
289 1
290 1
293 1
294 1
295 1
301 1
302 1
304 1
309 1
310 2
314 1
317 1
319 1
322 1
326 2
327 1
328 1
335 2
344 1
345 1
349 1
368 1
369 1
377 1
400 1
401 1
404 1
456 1
466 1
