100 3000 40
0 237854
1 316
2 707
3 982
4 1245
5 1320
6 1344
7 1332
8 1307
9 1216
10 1077
11 1011
12 906
13 792
14 794
15 705
16 621
17 510
18 490
19 409
20 398
21 364
22 311
23 307
24 254
25 235
26 193
27 199
28 187
29 157
30 138
31 121
32 95
33 93
34 98
35 96
36 91
37 78
38 68
39 59
40 52
41 50
42 52
43 37
44 34
45 35
46 38
47 23
48 28
49 30
50 27
51 22
52 17
53 14
54 15
55 20
56 16
57 19
58 15
59 12
60 7
61 12
62 7
63 7
64 10
65 11
66 5
67 6
68 7
69 8
70 7
71 7
72 8
73 12
74 4
75 4
76 4
77 7
78 1
79 3
80 4
81 4
82 5
83 6
84 4
85 3
86 5
87 2
88 4
89 2
90 1
91 2
92 7
93 3
94 2
95 2
96 3
97 2
98 4
99 1
100 3
101 2
104 2
105 4
106 2
107 1
108 3
109 1
110 1
113 2
114 1
115 1
116 1
119 2
120 3
121 2
122 2
124 2
125 1
126 1
127 1
129 1
130 1
131 1
132 1
133 2
134 2
137 1
139 2
143 3
145 3
147 1
149 1
152 1
155 1
156 1
158 1
159 1
163 1
164 1
165 1
167 1
170 1
171 2
180 1
191 1
197 1
198 1
206 1
211 1
232 1
