100 3000 40
0 244721
1 17
2 70
3 147
4 242
5 372
6 474
7 611
8 671
9 708
10 763
11 811
12 793
13 771
14 777
15 637
16 587
17 584
18 484
19 433
20 438
21 386
22 321
23 290
24 285
25 248
26 239
27 186
28 187
29 175
30 141
31 121
32 117
33 105
34 84
35 87
36 90
37 84
38 63
39 56
40 58
41 58
42 50
43 36
44 43
45 32
46 28
47 24
48 25
49 26
50 13
51 21
52 20
53 13
54 15
55 14
56 18
57 14
58 11
59 15
60 12
61 9
62 7
63 6
64 9
65 7
66 7
67 9
68 9
69 2
70 4
71 6
72 6
73 3
74 8
75 4
76 4
77 5
78 4
79 3
80 4
81 3
82 3
83 4
84 3
85 5
86 2
87 2
89 2
90 2
91 1
92 3
93 3
94 1
95 1
96 2
97 4
98 2
99 2
100 1
101 1
102 1
103 4
104 3
105 1
106 3
109 3
110 5
111 2
112 2
113 3
114 3
115 3
116 2
118 2
119 3
121 2
122 3
123 2
124 1
125 4
127 1
128 1
130 1
131 2
132 2
134 3
137 1
139 2
140 1
141 1
143 1
144 4
145 1
146 1
147 2
148 1
151 2
153 1
162 1
163 1
165 2
166 1
170 2
171 3
174 1
176 1
178 1
179 1
180 2
181 1
183 2
185 1
186 1
187 1
189 1
191 1
192 1
194 1
195 1
198 1
199 1
200 1
201 1
205 1
206 3
209 1
213 1
214 1
215 3
216 1
217 2
220 1
224 1
225 1
229 2
231 2
232 1
234 3
236 1
237 2
238 1
239 1
240 1
241 2
243 3
244 1
246 1
248 1
249 1
250 1
253 2
254 1
256 1
258 1
260 1
261 2
262 2
264 2
268 2
272 2
274 1
276 1
278 2
283 2
285 1
288 1
293 1
294 1
295 1
296 4
297 2
300 1
302 2
303 2
304 1
305 1
308 1
312 1
313 1
314 1
319 1
320 2
325 1
326 2
329 1
341 1
342 1
345 1
348 1
350 1
351 1
353 1
355 1
359 2
368 1
371 1
374 1
377 1
378 1
381 1
384 1
385 1
390 2
394 2
396 2
404 1
413 1
424 1
436 1
