100 3000 40
0 241394
1 121
2 263
3 524
4 644
5 855
6 978
7 1002
8 1083
9 1033
10 973
11 948
12 898
13 819
14 736
15 655
16 579
17 538
18 468
19 425
20 407
21 366
22 318
23 263
24 262
25 244
26 197
27 176
28 166
29 164
30 126
31 111
32 92
33 120
34 115
35 76
36 84
37 60
38 54
39 44
40 40
41 42
42 39
43 39
44 36
45 39
46 15
47 36
48 33
49 26
50 27
51 24
52 15
53 23
54 23
55 25
56 22
57 12
58 13
59 17
60 6
61 13
62 9
63 12
64 10
65 13
66 5
67 14
68 14
69 12
70 6
71 5
72 6
73 3
74 2
75 2
76 4
77 6
78 2
79 5
80 4
81 7
82 3
83 4
84 3
85 4
86 5
87 4
89 3
90 2
91 3
92 2
93 3
94 3
95 1
96 4
97 2
98 6
99 2
100 1
101 4
102 2
103 4
104 2
105 2
106 6
107 2
108 1
109 2
110 4
112 1
114 2
119 1
121 1
122 1
123 4
124 2
125 2
126 2
127 3
128 2
130 3
131 1
133 2
134 2
136 1
137 1
138 1
139 1
140 1
141 1
142 2
144 1
146 1
147 1
148 2
149 1
150 1
151 1
157 1
158 4
159 2
160 3
161 2
163 1
166 1
169 1
170 2
171 3
175 1
177 1
178 2
182 1
183 2
184 1
185 1
186 1
187 1
189 1
190 2
191 1
193 2
196 1
197 1
198 2
201 2
206 2
209 1
211 2
212 3
214 1
216 2
217 1
220 1
222 1
223 2
224 1
230 2
233 1
234 1
241 1
243 1
252 1
256 2
260 1
262 1
263 1
264 1
266 1
267 1
268 2
270 1
271 1
274 1
275 1
280 1
282 1
283 2
290 1
295 1
297 1
298 1
301 1
303 1
313 2
315 1
316 1
332 1
348 1
362 1
414 1
