500 100000 5
0 62195237
1 4381
2 2624
3 2119
4 1831
5 1544
6 1351
7 1227
8 1235
9 1128
10 1073
11 1070
12 946
13 938
14 905
15 848
16 868
17 816
18 797
19 778
20 797
21 750
22 767
23 717
24 754
25 724
26 700
27 629
28 662
29 705
30 656
31 655
32 649
33 638
34 624
35 668
36 668
37 615
38 621
39 631
40 649
41 609
42 654
43 640
44 679
45 647
46 651
47 630
48 649
49 606
50 606
51 628
52 663
53 644
54 644
55 655
56 662
57 637
58 552
59 643
60 635
61 661
62 633
63 617
64 668
65 586
66 622
67 655
68 639
69 730
70 688
71 655
72 663
73 660
74 662
75 673
76 722
77 694
78 755
79 699
80 679
81 703
82 742
83 677
84 729
85 735
86 759
87 769
88 739
89 721
90 796
91 752
92 779
93 718
94 750
95 778
96 750
97 771
98 758
99 835
100 804
101 797
102 826
103 795
104 842
105 879
106 803
107 776
108 845
109 837
110 792
111 881
112 933
113 868
114 898
115 829
116 889
117 895
118 992
119 963
120 962
121 936
122 991
123 984
124 985
125 1008
126 1016
127 1056
128 1063
129 1059
130 1046
131 1018
132 1087
133 1049
134 1026
135 1089
136 1082
137 1135
138 1094
139 1202
140 1186
141 1173
142 1177
143 1207
144 1167
145 1216
146 1251
147 1206
148 1226
149 1248
150 1259
151 1309
152 1353
153 1289
154 1352
155 1416
156 1319
157 1390
158 1330
159 1408
160 1469
161 1430
162 1414
163 1535
164 1521
165 1497
166 1493
167 1454
168 1603
169 1587
170 1543
171 1550
172 1567
173 1602
174 1671
175 1574
176 1657
177 1626
178 1695
179 1611
180 1721
181 1696
182 1647
183 1703
184 1756
185 1692
186 1729
187 1730
188 1754
189 1758
190 1801
191 1755
192 1751
193 1671
194 1807
195 1707
196 1813
197 1735
198 1735
199 1736
200 1828
201 1764
202 1789
203 1711
204 1787
205 1748
206 1834
207 1744
208 1823
209 1694
210 1765
211 1711
212 1691
213 1701
214 1734
215 1612
216 1719
217 1652
218 1582
219 1550
220 1646
221 1550
222 1489
223 1551
224 1483
225 1492
226 1426
227 1408
228 1381
229 1350
230 1437
231 1404
232 1350
233 1352
234 1372
235 1315
236 1287
237 1278
238 1203
239 1132
240 1160
241 1089
242 1105
243 1077
244 1024
245 1021
246 1014
247 1008
248 948
249 937
250 884
251 883
252 878
253 864
254 787
255 771
256 754
257 724
258 692
259 692
260 602
261 620
262 584
263 607
264 547
265 539
266 529
267 489
268 469
269 441
270 465
271 396
272 428
273 416
274 380
275 340
276 356
277 330
278 286
279 293
280 291
281 259
282 237
283 234
284 205
285 204
286 199
287 184
288 197
289 171
290 159
291 156
292 127
293 135
294 126
295 140
296 130
297 108
298 93
299 77
300 92
301 83
302 68
303 70
304 59
305 78
306 45
307 42
308 58
309 53
310 37
311 28
312 34
313 33
314 27
315 23
316 31
317 33
318 25
319 13
320 20
321 16
322 13
323 18
324 9
325 12
326 12
327 11
328 9
329 10
330 8
331 4
332 5
333 3
334 4
335 7
336 4
338 2
339 4
340 3
341 3
342 3
343 3
344 1
346 2
347 1
348 1
349 3
350 1
351 3
352 1
353 2
354 1
356 1
364 1
