100 3000 80
0 236386
1 57
2 177
3 401
4 595
5 894
6 1153
7 1320
8 1585
9 1648
10 1646
11 1671
12 1530
13 1403
14 1277
15 1172
16 999
17 809
18 766
19 637
20 566
21 432
22 347
23 249
24 260
25 230
26 175
27 160
28 131
29 96
30 71
31 53
32 59
33 43
34 44
35 41
36 34
37 24
38 25
39 12
40 11
41 11
42 8
43 14
44 7
45 5
46 9
47 8
48 3
49 7
50 6
51 7
52 2
53 3
54 3
55 4
56 3
59 3
60 4
61 3
62 1
63 1
64 3
65 3
66 2
68 3
69 1
73 1
76 1
78 2
79 2
81 1
83 2
85 2
87 2
90 1
95 1
115 1
116 1
117 2
120 1
124 1
125 1
126 1
127 1
133 1
135 1
157 1
171 1
177 1
179 1
183 1
194 1
217 1
236 1
