100 3000 80
0 237150
1 41
2 123
3 330
4 564
5 760
6 965
7 1284
8 1488
9 1527
10 1595
11 1612
12 1506
13 1415
14 1294
15 1129
16 978
17 892
18 715
19 620
20 569
21 456
22 363
23 324
24 212
25 215
26 191
27 157
28 111
29 104
30 95
31 71
32 50
33 51
34 50
35 44
36 29
37 23
38 23
39 13
40 19
41 12
42 9
43 14
44 5
45 9
46 6
47 10
48 7
49 5
50 5
51 9
52 3
53 1
54 2
55 1
56 4
57 1
58 1
59 3
60 4
61 3
62 3
64 5
65 3
66 1
67 6
68 3
69 4
70 3
71 1
72 1
77 1
79 2
80 2
82 2
83 1
88 1
89 1
91 1
93 1
98 1
99 3
102 1
103 1
104 1
110 1
114 1
121 1
122 1
123 1
124 1
126 1
128 1
139 2
154 1
158 1
170 1
178 1
180 1
184 1
192 1
199 1
207 1
219 1
231 1
243 1
247 1
249 1
270 1
304 1
