100 3000 80
0 235788
1 54
2 182
3 416
4 698
5 996
6 1265
7 1428
8 1639
9 1701
10 1758
11 1665
12 1564
13 1424
14 1357
15 1138
16 978
17 856
18 743
19 599
20 516
21 453
22 353
23 318
24 246
25 200
26 161
27 153
28 101
29 92
30 75
31 64
32 50
33 31
34 48
35 25
36 20
37 15
38 19
39 11
40 17
41 15
42 9
43 8
44 5
45 6
46 1
47 5
48 5
49 7
50 5
51 2
52 5
53 3
54 1
55 4
56 4
57 4
58 3
61 1
62 2
63 1
66 1
67 1
68 2
69 1
70 1
71 1
73 2
75 2
76 1
78 1
79 1
80 1
84 1
85 2
109 2
111 1
118 1
123 1
124 1
126 1
136 2
141 1
148 1
167 1
170 1
174 1
204 1
209 1
