100 3000 80
0 236908
1 49
2 153
3 328
4 519
5 850
6 1089
7 1336
8 1501
9 1528
10 1671
11 1520
12 1499
13 1453
14 1248
15 1115
16 1033
17 825
18 714
19 702
20 516
21 459
22 358
23 321
24 269
25 208
26 183
27 138
28 130
29 99
30 86
31 65
32 68
33 49
34 44
35 34
36 22
37 16
38 18
39 23
40 19
41 21
42 13
43 8
44 10
45 2
46 8
47 5
48 4
49 8
50 5
51 6
52 3
53 4
54 2
55 3
56 3
57 2
58 2
60 1
61 2
62 4
64 4
65 1
67 3
68 3
70 2
71 2
73 1
74 1
75 4
76 1
77 1
78 1
79 1
81 2
86 1
88 1
89 2
91 2
96 1
98 1
101 2
104 1
105 1
107 1
108 1
112 1
114 2
115 1
119 1
128 1
142 1
152 1
154 1
155 1
158 1
159 1
165 1
166 1
172 2
173 1
176 1
183 1
186 1
198 1
244 1
250 1
293 1
