100 3000 80
0 237569
1 41
2 133
3 304
4 475
5 727
6 1004
7 1201
8 1370
9 1398
10 1543
11 1616
12 1451
13 1368
14 1311
15 1116
16 1014
17 879
18 735
19 673
20 536
21 463
22 386
23 315
24 272
25 202
26 171
27 152
28 133
29 110
30 96
31 67
32 55
33 49
34 40
35 44
36 28
37 21
38 25
39 23
40 23
41 14
42 12
43 13
44 5
45 7
46 9
47 7
48 7
49 6
50 4
51 6
52 6
53 5
54 2
55 3
56 8
57 2
58 4
59 2
60 1
61 1
62 1
63 3
64 3
66 3
67 2
68 4
69 3
71 2
72 1
73 3
74 1
75 4
76 5
79 3
80 2
84 1
86 1
89 1
91 1
92 1
97 2
98 1
106 1
118 2
120 1
121 1
129 1
134 1
135 1
136 1
139 1
141 1
144 1
145 1
146 1
148 1
151 1
154 1
155 1
156 1
159 1
160 1
162 1
177 1
178 1
180 1
192 1
194 1
195 1
214 1
218 2
221 1
225 1
241 1
256 1
293 1
