100 3000 80
0 235091
1 82
2 225
3 497
4 794
5 1104
6 1350
7 1546
8 1677
9 1788
10 1734
11 1739
12 1594
13 1477
14 1338
15 1206
16 1047
17 859
18 684
19 639
20 519
21 413
22 346
23 287
24 224
25 185
26 142
27 110
28 102
29 80
30 87
31 60
32 38
33 41
34 27
35 21
36 25
37 16
38 16
39 15
40 14
41 12
42 10
43 7
44 11
45 1
46 9
47 2
48 2
49 5
50 2
51 3
52 1
54 2
55 5
56 2
57 2
58 1
59 2
61 2
62 2
65 1
67 1
68 2
73 1
75 1
76 2
81 1
83 1
84 1
86 1
87 1
88 1
90 1
95 1
102 1
103 1
104 1
113 1
122 1
129 1
133 1
182 1
204 1
