100 3000 80
0 236105
1 58
2 183
3 342
4 597
5 921
6 1195
7 1450
8 1592
9 1761
10 1685
11 1625
12 1626
13 1446
14 1306
15 1163
16 1009
17 834
18 711
19 574
20 521
21 443
22 371
23 344
24 227
25 202
26 169
27 129
28 89
29 106
30 71
31 71
32 64
33 50
34 39
35 24
36 20
37 25
38 19
39 16
40 13
41 9
42 14
43 12
44 12
45 11
46 15
47 6
48 4
49 3
50 2
51 4
52 2
53 3
54 6
55 2
56 3
57 1
59 1
60 1
61 1
63 1
65 2
66 3
67 2
68 3
70 1
76 2
79 1
81 1
82 3
83 1
86 1
89 1
93 2
114 1
122 1
128 1
129 2
130 1
147 1
152 2
156 1
172 1
194 1
203 1
236 1
240 1
