100 3000 80
0 237774
1 33
2 125
3 276
4 464
5 710
6 939
7 1223
8 1351
9 1437
10 1541
11 1513
12 1461
13 1408
14 1260
15 1144
16 1020
17 833
18 766
19 640
20 537
21 421
22 389
23 299
24 267
25 218
26 191
27 162
28 135
29 107
30 77
31 77
32 64
33 62
34 43
35 31
36 32
37 34
38 24
39 24
40 19
41 17
42 20
43 11
44 6
45 5
46 6
47 6
48 5
49 5
50 7
51 5
52 4
53 5
54 1
55 1
56 3
57 1
58 1
59 3
60 1
61 3
62 2
63 2
64 1
65 6
66 1
67 2
68 2
69 4
70 3
71 1
73 1
74 2
75 2
76 2
77 1
81 1
82 3
83 1
84 1
86 5
88 1
91 3
94 1
96 3
97 1
102 1
103 1
104 1
107 1
109 1
110 1
111 1
112 1
115 1
117 1
119 1
121 1
125 1
129 1
130 2
131 1
136 2
137 2
140 1
141 3
142 1
151 1
154 1
155 1
158 1
164 2
168 1
173 1
176 1
183 1
193 1
195 1
205 1
211 1
227 1
229 1
230 1
239 1
240 1
242 1
243 1
257 1
