100 3000 80
0 235454
1 71
2 194
3 425
4 737
5 1077
6 1226
7 1583
8 1704
9 1802
10 1751
11 1700
12 1589
13 1494
14 1306
15 1137
16 965
17 815
18 669
19 591
20 548
21 477
22 360
23 311
24 213
25 178
26 170
27 120
28 91
29 90
30 62
31 59
32 49
33 45
34 29
35 27
36 24
37 20
38 17
39 14
40 17
41 15
42 12
43 9
44 7
45 1
46 4
47 5
48 5
49 3
50 8
51 1
52 4
53 2
54 6
55 4
56 1
57 3
58 2
59 3
61 2
62 2
65 3
67 2
69 2
70 1
72 1
73 1
74 1
75 1
76 3
77 1
78 1
79 2
82 1
91 1
96 1
97 1
98 1
106 2
110 1
119 1
120 1
126 1
129 1
135 1
143 1
146 1
156 1
228 1
262 1
