1771 1768 1765 1774 1786 1769 1815 1796 1774 1775 1773 1774 1765 1784 1755 1754 1806 1777 1760 1757 1793 1789 1764 1776 1758 
1758 1795 1745 1777 1791 1794 1786 1805 1766 1805 1785 1767 1789 1794 1758 1752 1795 1761 1760 1757 1804 1805 1803 1783 1778 
1773 1772 1768 1780 1774 1797 1786 1780 1797 1794 1804 1775 1756 1764 1780 1796 1776 1745 1784 1761 1766 1780 1788 1789 1778 
1781 1747 1786 1776 1790 1782 1800 1754 1783 1761 1786 1749 1780 1769 1764 1763 1797 1768 1794 1772 1774 1785 1800 1778 1791 
1794 1796 1793 1805 1813 1767 1770 1801 1805 1764 1792 1807 1796 1799 1772 1791 1819 1797 1824 1790 1793 1797 1807 1809 1760 
1766 1748 1785 1803 1810 1764 1791 1802 1783 1801 1779 1774 1762 1770 1772 1778 1800 1785 1784 1824 1761 1769 1773 1785 1761 
1774 1769 1770 1797 1783 1763 1768 1797 1771 1783 1779 1793 1796 1778 1762 1770 1762 1746 1749 1777 1790 1757 1778 1776 1777 
1778 1787 1796 1808 1790 1781 1765 1794 1789 1792 1764 1790 1782 1781 1774 1795 1764 1752 1785 1785 1800 1781 1802 1773 1770 
1778 1790 1781 1782 1762 1756 1793 1768 1760 1790 1785 1809 1781 1780 1768 1789 1790 1785 1773 1790 1756 1766 1784 1788 1789 
1791 1774 1767 1760 1769 1758 1773 1792 1737 1773 1770 1771 1770 1765 1759 1786 1800 1764 1762 1767 1787 1781 1782 1760 1752 
1774 1782 1793 1796 1796 1782 1813 1767 1766 1800 1809 1779 1795 1786 1800 1791 1814 1774 1792 1793 1813 1813 1780 1771 1795 
1752 1776 1777 1760 1799 1802 1753 1736 1755 1783 1761 1753 1794 1777 1759 1753 1775 1809 1762 1768 1772 1795 1784 1761 1767 
1802 1758 1803 1804 1745 1791 1776 1781 1787 1777 1768 1796 1794 1806 1789 1777 1788 1803 1766 1799 1784 1777 1786 1781 1761 
1807 1784 1768 1786 1777 1773 1766 1774 1763 1802 1759 1774 1767 1749 1769 1778 1739 1760 1809 1759 1763 1761 1775 1767 1745 
1785 1797 1779 1765 1794 1764 1798 1776 1776 1778 1796 1770 1768 1787 1783 1783 1764 1782 1806 1767 1784 1766 1793 1772 1782 
1806 1782 1775 1814 1805 1799 1792 1758 1787 1754 1775 1819 1792 1771 1790 1835 1793 1778 1796 1830 1784 1839 1816 1788 1786 
1806 1746 1775 1777 1773 1780 1772 1777 1783 1752 1753 1743 1786 1758 1767 1817 1787 1749 1779 1766 1741 1763 1781 1758 1749 
1805 1790 1760 1781 1785 1793 1798 1781 1769 1778 1783 1739 1787 1763 1798 1781 1804 1780 1760 1757 1787 1774 1799 1787 1748 
1751 1757 1772 1805 1761 1782 1755 1762 1758 1769 1785 1779 1758 1772 1789 1783 1764 1756 1772 1754 1787 1791 1764 1736 1787 
1751 1770 1757 1750 1772 1781 1753 1763 1752 1792 1799 1799 1779 1763 1775 1796 1779 1775 1740 1770 1778 1784 1780 1779 1748 
1818 1762 1783 1786 1765 1775 1757 1745 1775 1791 1779 1802 1779 1753 1772 1760 1774 1807 1762 1791 1791 1770 1783 1769 1761 
1771 1786 1777 1780 1764 1783 1781 1783 1770 1767 1755 1768 1762 1775 1786 1779 1785 1766 1763 1789 1781 1772 1779 1797 1756 
1790 1778 1774 1773 1785 1793 1756 1763 1776 1785 1809 1774 1748 1791 1766 1764 1785 1768 1778 1733 1784 1786 1773 1777 1748 
1790 1781 1766 1785 1766 1763 1779 1794 1805 1799 1786 1777 1785 1794 1759 1800 1784 1802 1791 1807 1792 1758 1812 1782 1789 
1768 1786 1779 1759 1800 1792 1736 1768 1774 1797 1775 1757 1795 1793 1774 1786 1769 1761 1750 1768 1775 1746 1748 1764 1773 
1774 1772 1763 1798 1756 1758 1781 1777 1780 1769 1788 1784 1799 1774 1780 1771 1797 1787 1768 1743 1808 1773 1771 1759 1767 
1769 1764 1769 1783 1775 1769 1779 1764 1783 1757 1733 1775 1798 1789 1772 1796 1772 1775 1768 1805 1788 1740 1779 1790 1749 
1792 1784 1798 1800 1773 1787 1759 1765 1745 1803 1793 1792 1789 1795 1794 1726 1761 1787 1795 1776 1775 1787 1775 1763 1765 
1801 1785 1795 1789 1772 1764 1804 1752 1790 1763 1773 1772 1779 1783 1778 1787 1815 1776 1774 1807 1771 1784 1757 1784 1785 
1800 1776 1792 1772 1779 1780 1796 1797 1770 1791 1772 1767 1775 1760 1783 1794 1783 1763 1812 1794 1816 1754 1759 1772 1787 
1793 1771 1761 1781 1777 1749 1766 1763 1761 1768 1795 1744 1772 1771 1770 1804 1755 1758 1769 1757 1786 1734 1768 1776 1777 
1826 1789 1797 1802 1784 1785 1787 1784 1792 1791 1786 1815 1777 1773 1777 1795 1780 1793 1760 1784 1795 1759 1787 1760 1774 
1777 1763 1782 1791 1778 1796 1779 1770 1769 1780 1767 1771 1750 1798 1802 1786 1781 1787 1809 1771 1786 1779 1770 1759 1757 
1775 1780 1789 1811 1774 1795 1768 1782 1738 1765 1765 1799 1773 1771 1771 1772 1779 1771 1780 1768 1776 1770 1778 1770 1802 
1767 1795 1771 1793 1783 1781 1779 1780 1760 1807 1793 1775 1770 1786 1789 1761 1772 1806 1787 1814 1782 1807 1780 1784 1791 
1784 1790 1806 1805 1808 1787 1804 1780 1759 1748 1789 1729 1810 1785 1804 1768 1782 1795 1781 1775 1787 1789 1805 1770 1791 
1792 1749 1788 1773 1810 1797 1790 1783 1772 1784 1790 1821 1789 1775 1776 1767 1782 1759 1742 1775 1751 1811 1802 1797 1764 
1760 1771 1756 1780 1776 1771 1799 1784 1779 1792 1774 1784 1792 1792 1791 1787 1766 1789 1776 1766 1752 1793 1781 1760 1777 
1783 1762 1766 1784 1791 1769 1769 1771 1803 1758 1802 1780 1772 1785 1805 1780 1789 1794 1788 1775 1769 1770 1785 1782 1756 
1792 1782 1771 1817 1796 1774 1802 1778 1778 1793 1768 1781 1793 1782 1762 1799 1782 1762 1775 1759 1761 1766 1812 1781 1776 
1767 1781 1755 1767 1767 1789 1784 1790 1777 1773 1757 1769 1775 1754 1765 1791 1768 1771 1740 1779 1776 1751 1781 1784 1778 
1800 1784 1771 1804 1755 1777 1795 1765 1747 1755 1765 1773 1774 1769 1795 1781 1774 1783 1791 1767 1759 1769 1800 1753 1765 
1769 1813 1754 1803 1788 1780 1799 1774 1808 1778 1792 1779 1770 1745 1804 1772 1773 1792 1785 1777 1777 1813 1778 1794 1788 
1777 1789 1783 1776 1772 1802 1767 1778 1740 1768 1753 1765 1786 1757 1790 1784 1797 1791 1776 1786 1781 1802 1761 1762 1780 
1757 1802 1766 1779 1773 1777 1761 1775 1765 1770 1788 1749 1768 1778 1790 1762 1789 1765 1783 1765 1783 1771 1759 1791 1749 
1765 1757 1791 1748 1760 1769 1762 1752 1776 1790 1776 1766 1786 1778 1752 1781 1773 1791 1757 1755 1767 1798 1769 1760 1776 
1786 1776 1785 1767 1762 1761 1769 1772 1764 1769 1791 1781 1754 1788 1774 1801 1792 1794 1790 1798 1794 1761 1792 1791 1783 
1820 1812 1762 1801 1772 1793 1777 1731 1772 1766 1794 1776 1794 1789 1772 1795 1759 1781 1770 1769 1759 1780 1818 1811 1778 
1773 1790 1787 1785 1762 1784 1783 1765 1757 1772 1768 1782 1790 1782 1789 1811 1792 1774 1792 1784 1785 1805 1813 1759 1793 
1802 1804 1762 1792 1802 1770 1796 1789 1787 1754 1779 1793 1788 1779 1797 1763 1770 1791 1761 1770 1765 1781 1740 1780 1765 
1769 1780 1790 1770 1775 1781 1790 1795 1752 1759 1779 1757 1778 1756 1760 1766 1792 1778 1768 1798 1783 1775 1781 1762 1778 
1811 1758 1788 1790 1812 1813 1797 1811 1784 1796 1791 1746 1753 1778 1763 1782 1776 1750 1814 1795 1779 1806 1747 1798 1796 
1745 1783 1780 1767 1779 1792 1803 1794 1780 1787 1732 1779 1765 1793 1772 1767 1785 1790 1766 1762 1765 1772 1761 1754 1785 
1762 1767 1767 1782 1782 1751 1799 1772 1776 1757 1756 1759 1764 1784 1774 1754 1779 1773 1798 1742 1770 1749 1756 1746 1778 
1762 1752 1752 1768 1776 1762 1786 1764 1757 1753 1741 1776 1762 1746 1732 1765 1782 1790 1755 1787 1750 1769 1766 1784 1800 
1773 1786 1799 1773 1795 1765 1777 1819 1803 1776 1790 1797 1805 1786 1815 1797 1803 1800 1771 1821 1769 1794 1782 1757 1787 
1777 1756 1781 1796 1767 1791 1773 1768 1758 1784 1783 1798 1758 1780 1794 1786 1769 1774 1785 1797 1773 1755 1751 1785 1772 
1775 1793 1792 1821 1772 1743 1800 1773 1782 1768 1762 1752 1769 1785 1782 1809 1780 1760 1827 1806 1761 1739 1779 1772 1781 
1775 1781 1772 1813 1783 1788 1791 1788 1782 1794 1792 1773 1771 1825 1804 1751 1774 1759 1794 1772 1792 1804 1794 1791 1764 
1770 1761 1790 1776 1797 1775 1779 1807 1793 1780 1773 1823 1778 1771 1785 1768 1783 1795 1773 1768 1813 1808 1779 1791 1767 
1806 1762 1759 1754 1775 1792 1758 1795 1768 1757 1751 1754 1776 1800 1788 1776 1770 1799 1784 1802 1761 1797 1770 1768 1761 
1793 1789 1761 1777 1782 1776 1752 1781 1777 1795 1801 1788 1764 1764 1789 1759 1758 1793 1781 1772 1765 1757 1768 1755 1766 
1736 1768 1756 1783 1778 1784 1773 1787 1761 1799 1737 1776 1772 1748 1795 1762 1786 1755 1762 1769 1759 1790 1770 1805 1756 
1769 1782 1765 1803 1756 1762 1814 1759 1772 1777 1756 1764 1771 1806 1795 1770 1786 1767 1767 1782 1765 1756 1807 1770 1783 
1763 1785 1783 1792 1780 1787 1784 1766 1800 1818 1787 1782 1762 1787 1774 1784 1810 1790 1793 1790 1817 1772 1778 1795 1796 
1732 1755 1798 1792 1746 1766 1796 1802 1770 1731 1753 1770 1783 1793 1774 1798 1791 1763 1787 1783 1763 1827 1816 1751 1794 
1772 1749 1770 1761 1772 1803 1768 1790 1788 1773 1772 1805 1778 1762 1804 1794 1792 1790 1773 1779 1790 1795 1791 1787 1775 
1773 1802 1790 1798 1799 1782 1788 1781 1797 1798 1788 1794 1777 1781 1779 1782 1770 1774 1792 1814 1749 1788 1781 1788 1771 
1769 1795 1789 1762 1800 1788 1782 1806 1752 1766 1773 1777 1794 1781 1786 1771 1769 1748 1777 1770 1820 1807 1774 1763 1768 
1778 1805 1777 1774 1790 1769 1794 1751 1762 1777 1762 1750 1763 1756 1759 1738 1768 1746 1722 1787 1768 1755 1775 1770 1774 
1743 1771 1774 1780 1806 1781 1802 1753 1810 1776 1796 1755 1780 1767 1770 1765 1813 1796 1796 1795 1715 1747 1805 1775 1780 
1772 1762 1750 1786 1773 1748 1769 1759 1798 1771 1782 1769 1760 1782 1772 1782 1808 1769 1771 1792 1763 1789 1747 1766 1793 
1788 1806 1784 1767 1772 1772 1762 1770 1789 1772 1771 1783 1769 1782 1759 1770 1788 1774 1789 1814 1789 1737 1756 1793 1773 
1785 1741 1764 1763 1761 1772 1787 1777 1769 1754 1770 1779 1767 1805 1764 1780 1785 1780 1794 1788 1807 1771 1755 1784 1775 
1775 1822 1791 1803 1762 1783 1775 1767 1783 1762 1779 1749 1793 1763 1775 1797 1785 1795 1795 1802 1793 1760 1778 1770 1784 
1758 1763 1762 1796 1768 1753 1782 1787 1777 1758 1762 1778 1797 1788 1793 1762 1763 1782 1783 1784 1756 1805 1778 1803 1772 
1793 1784 1820 1791 1786 1763 1767 1797 1783 1742 1766 1780 1776 1761 1774 1771 1793 1779 1774 1793 1769 1762 1762 1773 1775 
1758 1764 1786 1748 1786 1779 1769 1804 1784 1783 1788 1802 1769 1779 1763 1808 1779 1782 1749 1810 1809 1776 1780 1786 1769 
1771 1757 1775 1782 1765 1746 1753 1782 1769 1778 1747 1794 1762 1772 1760 1763 1753 1777 1739 1750 1777 1778 1743 1777 1722 
1789 1777 1774 1795 1773 1811 1808 1800 1789 1791 1787 1791 1773 1785 1772 1765 1782 1809 1816 1796 1775 1816 1766 1796 1772 
1794 1792 1792 1793 1791 1796 1778 1778 1779 1779 1783 1780 1775 1770 1795 1743 1775 1768 1784 1794 1786 1768 1780 1774 1775 
1773 1793 1779 1820 1753 1779 1783 1779 1790 1798 1772 1804 1810 1770 1792 1799 1782 1780 1767 1778 1779 1790 1809 1782 1784 
1767 1779 1768 1755 1765 1773 1775 1752 1773 1779 1785 1754 1794 1777 1806 1764 1755 1782 1759 1773 1789 1772 1755 1755 1766 
1774 1767 1748 1806 1771 1762 1803 1785 1790 1784 1775 1794 1794 1759 1786 1782 1775 1773 1754 1791 1789 1785 1768 1763 1781 
1796 1815 1814 1801 1796 1785 1813 1770 1771 1779 1759 1827 1771 1769 1791 1801 1757 1814 1769 1811 1774 1799 1780 1797 1774 
1784 1759 1759 1808 1808 1757 1782 1783 1768 1776 1783 1749 1777 1823 1753 1776 1780 1771 1767 1763 1779 1764 1783 1762 1793 
1751 1780 1780 1774 1767 1813 1753 1751 1755 1793 1752 1786 1754 1792 1773 1762 1778 1748 1747 1771 1779 1751 1784 1783 1765 
1751 1746 1756 1779 1792 1765 1763 1785 1761 1778 1782 1775 1792 1783 1798 1796 1762 1767 1763 1800 1788 1777 1770 1769 1777 
1775 1799 1766 1762 1797 1781 1811 1753 1784 1788 1769 1792 1768 1767 1788 1773 1798 1795 1776 1796 1773 1774 1757 1786 1776 
1803 1781 1793 1816 1795 1817 1797 1811 1779 1811 1777 1806 1785 1778 1771 1794 1793 1794 1758 1782 1815 1795 1793 1798 1786 
1788 1721 1799 1757 1766 1776 1768 1796 1799 1763 1779 1787 1794 1786 1777 1776 1766 1820 1791 1754 1775 1789 1786 1785 1765 
1786 1740 1796 1812 1773 1794 1774 1799 1780 1772 1758 1759 1761 1781 1760 1728 1807 1780 1782 1782 1779 1773 1782 1749 1780 
1777 1795 1782 1772 1789 1790 1803 1763 1800 1780 1794 1771 1773 1773 1771 1795 1770 1769 1763 1774 1761 1773 1788 1789 1777 
1760 1774 1774 1766 1760 1795 1769 1769 1771 1772 1760 1760 1777 1806 1786 1782 1792 1777 1797 1784 1763 1771 1752 1781 1772 
1741 1739 1767 1761 1775 1755 1785 1772 1758 1768 1756 1763 1749 1772 1785 1737 1756 1794 1761 1752 1781 1743 1733 1767 1776 
1770 1781 1778 1777 1743 1768 1770 1793 1767 1777 1767 1773 1739 1759 1787 1791 1801 1787 1761 1747 1791 1763 1748 1791 1784 
1775 1780 1777 1777 1810 1789 1739 1769 1801 1786 1782 1761 1780 1760 1787 1791 1788 1792 1780 1812 1819 1778 1795 1773 1778 
1788 1773 1767 1808 1742 1797 1777 1762 1771 1792 1792 1803 1747 1771 1761 1801 1776 1794 1788 1788 1785 1796 1785 1745 1802 
1737 1750 1774 1781 1769 1775 1767 1765 1769 1762 1805 1791 1733 1781 1802 1750 1786 1753 1775 1754 1763 1791 1748 1771 1757 
1775 1786 1770 1775 1806 1796 1788 1775 1780 1750 1757 1777 1781 1783 1767 1796 1786 1772 1789 1749 1793 1761 1762 1774 1756 
