50 3000 50
0 124866
1 607
2 299
3 197
4 167
5 143
6 109
7 121
8 96
9 93
10 78
11 86
12 84
13 74
14 62
15 63
16 55
17 62
18 66
19 70
20 54
21 61
22 51
23 57
24 57
25 44
26 56
27 49
28 38
29 48
30 49
31 44
32 33
33 48
34 61
35 48
36 36
37 53
38 36
39 37
40 43
41 26
42 22
43 40
44 29
45 24
46 45
47 25
48 42
49 30
50 28
51 36
52 31
53 30
54 29
55 18
56 27
57 27
58 15
59 23
60 20
61 15
62 12
63 23
64 18
65 31
66 22
67 22
68 28
69 25
70 16
71 19
72 19
73 20
74 15
75 19
76 10
77 19
78 10
79 11
80 16
81 14
82 17
83 10
84 12
85 12
86 10
87 11
88 4
89 12
90 7
91 10
92 10
93 6
94 16
95 9
96 6
97 8
98 8
99 8
100 9
101 9
102 10
103 11
104 10
105 3
106 6
107 6
108 4
109 1
110 7
111 6
112 5
113 6
114 9
115 5
116 1
117 5
118 3
119 5
120 2
121 9
122 1
123 2
124 3
125 2
126 8
127 1
128 8
129 2
130 4
131 9
132 2
133 3
134 3
135 3
136 4
137 3
138 3
139 1
140 2
141 2
143 1
145 3
146 3
147 1
149 1
150 4
151 2
152 2
153 2
154 2
156 1
157 2
158 2
159 1
160 2
161 1
163 2
164 3
166 1
167 2
171 1
174 1
175 1
176 3
177 1
178 2
181 2
182 1
186 1
188 1
192 1
194 1
196 1
200 1
202 1
204 1
205 1
213 2
