50 3000 50
0 126946
1 147
2 92
3 58
4 50
5 52
6 34
7 49
8 47
9 37
10 32
11 32
12 21
13 32
14 33
15 35
16 30
17 25
18 24
19 26
20 38
21 37
22 22
23 15
24 23
25 30
26 25
27 29
28 24
29 31
30 35
31 29
32 25
33 30
34 27
35 25
36 25
37 27
38 30
39 24
40 29
41 21
42 24
43 23
44 29
45 25
46 21
47 18
48 17
49 19
50 26
51 25
52 22
53 23
54 10
55 15
56 23
57 24
58 27
59 23
60 15
61 32
62 21
63 16
64 12
65 19
66 10
67 14
68 11
69 19
70 13
71 12
72 14
73 13
74 19
75 18
76 15
77 16
78 13
79 11
80 16
81 12
82 12
83 11
84 15
85 13
86 7
87 4
88 5
89 10
90 15
91 19
92 14
93 7
94 11
95 8
96 9
97 11
98 11
99 9
100 12
101 13
102 9
103 6
104 7
105 12
106 6
107 8
108 12
109 8
110 19
111 7
112 9
113 5
114 9
115 9
116 8
117 6
118 8
119 5
120 6
121 6
122 10
123 11
124 4
125 6
126 6
127 4
128 6
129 2
130 4
131 3
132 1
133 2
134 2
135 7
136 2
137 4
138 3
139 2
140 4
142 4
143 1
144 3
145 3
146 5
147 4
148 5
149 2
150 7
151 1
152 9
153 3
154 3
155 1
156 3
157 4
158 6
159 6
160 3
161 2
162 3
163 4
164 2
165 3
166 1
167 4
168 2
169 4
170 1
171 3
172 3
173 3
174 1
175 3
176 2
177 2
178 2
179 1
180 1
181 4
182 2
183 1
184 2
185 1
189 2
191 1
193 3
194 1
195 1
196 1
197 1
198 3
199 1
200 1
201 2
202 1
203 3
204 1
207 1
208 1
212 3
213 1
214 1
216 1
217 1
220 2
222 3
224 1
225 1
226 1
228 1
232 2
241 1
244 1
246 1
247 1
248 1
252 1
254 1
262 1
265 1
279 1
282 1
304 1
310 1
