50 3000 50
0 124459
1 725
2 355
3 242
4 171
5 154
6 142
7 123
8 121
9 99
10 99
11 88
12 85
13 80
14 77
15 71
16 78
17 63
18 56
19 57
20 47
21 61
22 63
23 53
24 63
25 58
26 44
27 59
28 48
29 50
30 51
31 57
32 46
33 51
34 50
35 43
36 46
37 40
38 37
39 48
40 38
41 48
42 31
43 37
44 32
45 37
46 28
47 41
48 35
49 27
50 27
51 39
52 26
53 35
54 24
55 25
56 32
57 26
58 20
59 21
60 26
61 21
62 20
63 14
64 24
65 10
66 14
67 32
68 15
69 13
70 23
71 18
72 16
73 22
74 13
75 14
76 18
77 13
78 13
79 20
80 22
81 13
82 17
83 13
84 8
85 14
86 11
87 7
88 4
89 13
90 16
91 7
92 15
93 10
94 5
95 10
96 9
97 6
98 9
99 9
100 6
101 7
102 4
103 4
104 5
105 6
106 3
107 8
108 1
109 5
110 9
111 7
112 11
113 5
114 3
115 6
116 4
117 5
119 3
120 2
121 3
122 2
123 5
124 3
125 3
126 6
127 5
128 5
129 3
130 2
131 2
132 5
133 2
134 1
135 3
136 3
137 2
138 1
139 4
140 6
141 1
142 2
143 3
144 2
145 2
146 1
148 3
153 2
154 1
155 1
156 3
158 2
159 2
160 1
161 2
165 2
166 2
168 2
169 1
172 1
173 1
174 2
175 1
176 1
181 2
188 1
190 2
191 1
192 1
194 1
206 1
216 1
