50 3000 50
0 125534
1 411
2 212
3 160
4 127
5 121
6 82
7 93
8 73
9 82
10 72
11 81
12 59
13 66
14 62
15 49
16 51
17 56
18 43
19 56
20 44
21 44
22 40
23 53
24 34
25 56
26 36
27 41
28 36
29 54
30 46
31 47
32 49
33 31
34 43
35 40
36 44
37 35
38 34
39 32
40 37
41 33
42 25
43 36
44 27
45 34
46 32
47 34
48 28
49 27
50 27
51 32
52 22
53 29
54 36
55 21
56 21
57 25
58 21
59 18
60 27
61 24
62 23
63 15
64 21
65 11
66 16
67 26
68 16
69 20
70 15
71 16
72 21
73 19
74 21
75 16
76 13
77 15
78 14
79 15
80 12
81 11
82 18
83 15
84 11
85 17
86 12
87 8
88 9
89 10
90 8
91 12
92 10
93 12
94 8
95 8
96 13
97 15
98 16
99 8
100 10
101 6
102 9
103 9
104 8
105 3
106 8
107 5
108 7
109 4
110 5
111 5
112 4
113 11
114 2
115 5
116 5
117 5
118 10
119 10
120 7
121 5
122 6
123 6
124 3
125 4
126 3
127 5
128 3
129 6
130 2
132 5
133 3
134 4
135 5
136 2
137 4
139 4
140 2
141 1
142 5
143 2
144 3
145 2
146 3
147 3
148 2
149 2
151 1
153 1
154 2
155 4
157 3
158 4
159 1
161 2
162 1
164 2
165 3
166 2
167 1
168 2
169 3
171 1
172 1
174 2
175 1
179 1
180 2
181 1
182 1
184 2
185 1
187 1
189 1
190 1
193 1
196 2
198 1
202 1
204 1
205 1
206 1
207 1
208 1
212 2
214 1
228 1
240 1
