50 3000 50
0 108432
1 4863
2 3352
3 2308
4 1749
5 1298
6 1047
7 821
8 679
9 582
10 438
11 355
12 358
13 310
14 298
15 275
16 223
17 224
18 196
19 162
20 141
21 147
22 119
23 122
24 94
25 100
26 93
27 93
28 76
29 71
30 64
31 57
32 47
33 50
34 50
35 41
36 34
37 26
38 30
39 30
40 22
41 25
42 24
43 20
44 20
45 21
46 15
47 19
48 24
49 10
50 12
51 7
52 9
53 13
54 7
55 11
56 5
57 6
58 6
59 4
60 6
61 3
62 3
63 6
64 1
65 5
66 1
67 2
68 2
70 2
71 1
72 2
73 3
74 1
75 2
76 1
77 2
80 1
81 2
83 1
84 1
85 1
86 1
90 1
103 1
