50 3000 50
0 126188
1 254
2 166
3 115
4 91
5 88
6 75
7 63
8 61
9 59
10 48
11 46
12 51
13 50
14 47
15 40
16 40
17 50
18 47
19 42
20 40
21 44
22 37
23 30
24 33
25 39
26 32
27 47
28 30
29 27
30 40
31 29
32 32
33 24
34 39
35 29
36 42
37 32
38 36
39 34
40 36
41 33
42 32
43 24
44 31
45 28
46 34
47 29
48 23
49 29
50 26
51 21
52 24
53 29
54 24
55 28
56 15
57 25
58 20
59 18
60 22
61 21
62 19
63 21
64 19
65 18
66 17
67 19
68 25
69 10
70 15
71 16
72 19
73 16
74 15
75 11
76 16
77 17
78 16
79 16
80 18
81 7
82 11
83 8
84 6
85 15
86 16
87 10
88 17
89 16
90 11
91 7
92 10
93 12
94 11
95 7
96 15
97 10
98 12
99 8
100 6
101 13
102 10
103 8
104 8
105 7
106 7
107 7
108 7
109 7
110 7
111 10
112 8
113 6
114 5
115 4
116 9
117 7
118 7
119 7
120 6
121 6
122 4
123 8
124 5
125 6
126 4
127 4
128 4
129 4
130 4
132 7
133 4
134 2
135 2
136 3
137 4
138 4
139 6
140 5
141 2
142 3
143 5
145 7
147 2
148 6
149 3
150 1
151 1
153 2
154 4
155 4
156 7
157 2
158 3
159 3
160 3
161 1
163 2
164 1
165 3
166 1
167 2
168 2
169 2
170 2
171 1
173 2
174 2
176 3
177 4
178 2
179 2
180 2
181 2
185 3
186 3
189 2
190 1
191 2
193 1
196 1
197 1
200 1
203 1
204 1
215 1
218 2
221 1
222 1
223 1
224 1
226 2
230 1
242 1
247 1
265 1
