50 3000 50
0 126843
1 163
2 105
3 71
4 54
5 46
6 52
7 48
8 37
9 34
10 33
11 40
12 25
13 40
14 23
15 48
16 43
17 29
18 20
19 23
20 24
21 34
22 28
23 34
24 26
25 30
26 24
27 33
28 29
29 39
30 21
31 20
32 29
33 33
34 15
35 36
36 32
37 35
38 24
39 17
40 21
41 34
42 25
43 23
44 24
45 24
46 25
47 28
48 28
49 14
50 23
51 13
52 29
53 24
54 21
55 13
56 26
57 14
58 19
59 24
60 19
61 19
62 12
63 20
64 12
65 15
66 28
67 24
68 23
69 20
70 11
71 10
72 15
73 15
74 12
75 15
76 12
77 14
78 14
79 17
80 10
81 14
82 9
83 12
84 16
85 14
86 11
87 9
88 16
89 16
90 13
91 10
92 10
93 9
94 9
95 15
96 10
97 10
98 11
99 9
100 10
101 11
102 11
103 10
104 10
105 5
106 6
107 7
108 14
109 10
110 4
111 9
112 8
113 7
114 8
115 6
116 3
117 10
118 5
119 8
120 7
121 6
122 5
123 10
124 4
125 5
126 4
127 5
128 2
129 5
130 1
131 3
132 3
133 7
134 5
135 1
136 3
137 5
138 6
139 4
140 6
141 2
142 4
143 4
144 1
145 5
146 3
147 2
148 8
149 2
150 8
151 5
152 2
153 5
154 4
155 3
156 5
157 2
158 1
160 3
161 4
162 4
163 2
164 3
165 3
166 6
168 3
169 1
170 4
171 3
172 1
173 2
174 3
175 4
176 1
177 2
178 1
179 2
180 1
181 1
182 2
183 1
184 1
186 3
187 1
189 2
190 1
191 3
193 1
194 1
195 2
196 1
199 1
201 1
206 2
208 4
210 2
212 1
213 1
214 1
215 1
217 2
220 1
221 1
222 1
223 1
224 1
226 1
228 1
230 1
234 1
235 2
236 1
247 1
257 1
259 1
261 1
263 1
270 1
275 1
276 1
295 1
