50 3000 50
0 122370
1 1454
2 687
3 442
4 297
5 238
6 212
7 175
8 142
9 146
10 138
11 133
12 132
13 112
14 106
15 104
16 100
17 91
18 80
19 85
20 75
21 80
22 72
23 69
24 63
25 70
26 60
27 56
28 62
29 54
30 63
31 68
32 64
33 67
34 50
35 71
36 46
37 48
38 42
39 38
40 46
41 38
42 49
43 43
44 38
45 38
46 27
47 29
48 40
49 33
50 23
51 30
52 27
53 46
54 32
55 32
56 31
57 27
58 23
59 25
60 16
61 26
62 24
63 19
64 22
65 15
66 17
67 17
68 20
69 22
70 11
71 9
72 17
73 15
74 18
75 15
76 17
77 12
78 19
79 7
80 14
81 15
82 8
83 11
84 11
85 9
86 9
87 7
88 8
89 6
90 7
91 7
92 5
93 8
94 8
95 3
96 6
97 3
98 6
99 5
100 7
101 7
102 3
103 5
104 8
105 7
106 3
107 3
108 5
109 6
110 2
111 3
112 4
113 4
114 6
115 6
116 6
117 2
118 3
119 1
120 4
121 2
122 2
123 1
124 3
125 4
126 2
127 2
128 1
129 2
130 3
131 1
132 1
134 1
136 2
138 2
139 2
141 1
142 1
144 3
145 1
146 3
147 1
148 2
149 1
150 2
151 1
153 1
155 1
158 1
159 1
163 2
165 1
167 1
171 1
182 1
183 1
185 1
