50 3000 50
0 120004
1 2186
2 1165
3 661
4 469
5 361
6 336
7 253
8 208
9 182
10 178
11 175
12 160
13 157
14 133
15 124
16 105
17 112
18 121
19 111
20 96
21 103
22 84
23 83
24 70
25 79
26 73
27 83
28 99
29 64
30 73
31 63
32 74
33 68
34 46
35 48
36 63
37 56
38 47
39 40
40 46
41 38
42 32
43 45
44 50
45 32
46 49
47 41
48 29
49 29
50 38
51 29
52 17
53 28
54 26
55 28
56 26
57 30
58 37
59 19
60 37
61 19
62 19
63 18
64 21
65 16
66 17
67 12
68 15
69 18
70 14
71 9
72 12
73 11
74 12
75 8
76 10
77 8
78 9
79 7
80 10
81 7
82 10
83 7
84 8
85 7
86 8
87 3
88 7
89 7
90 5
91 8
92 4
93 3
94 6
95 5
96 5
97 5
98 6
99 4
100 7
101 3
102 1
104 2
105 4
106 3
107 5
108 2
109 5
110 4
111 1
112 5
113 4
114 2
115 1
117 5
118 2
121 4
123 1
125 2
126 1
127 1
128 3
129 1
130 1
131 3
133 1
135 1
136 1
137 1
138 3
141 1
143 1
144 1
147 1
149 1
152 1
164 1
171 1
