50 3000 50
0 111482
1 4190
2 2807
3 1896
4 1357
5 1010
6 801
7 640
8 508
9 404
10 402
11 344
12 291
13 286
14 251
15 234
16 212
17 171
18 176
19 176
20 161
21 131
22 127
23 118
24 96
25 106
26 97
27 83
28 79
29 86
30 70
31 67
32 72
33 62
34 53
35 54
36 42
37 48
38 29
39 35
40 35
41 37
42 38
43 22
44 20
45 32
46 28
47 27
48 12
49 28
50 25
51 13
52 14
53 9
54 14
55 7
56 19
57 7
58 9
59 11
60 11
61 6
62 4
63 9
64 2
65 7
66 7
67 7
68 8
69 5
70 4
71 1
72 6
73 3
74 4
75 3
76 4
77 3
78 2
79 2
80 1
81 3
82 2
83 1
84 1
85 1
86 1
87 2
88 1
89 1
90 3
91 2
92 2
93 1
95 1
96 1
97 1
100 1
113 1
120 1
