50 3000 50
0 126749
1 175
2 97
3 85
4 68
5 51
6 40
7 42
8 41
9 37
10 40
11 47
12 46
13 35
14 47
15 31
16 28
17 35
18 26
19 36
20 31
21 31
22 31
23 26
24 30
25 27
26 28
27 35
28 15
29 32
30 34
31 31
32 24
33 36
34 33
35 39
36 25
37 29
38 22
39 27
40 30
41 14
42 30
43 29
44 16
45 31
46 21
47 17
48 30
49 21
50 25
51 29
52 17
53 23
54 19
55 20
56 24
57 13
58 24
59 24
60 17
61 20
62 14
63 20
64 18
65 14
66 24
67 19
68 13
69 10
70 20
71 16
72 21
73 13
74 18
75 10
76 13
77 21
78 19
79 17
80 17
81 10
82 10
83 13
84 12
85 14
86 14
87 11
88 13
89 14
90 9
91 17
92 11
93 11
94 11
95 9
96 8
97 8
98 8
99 13
100 3
101 13
102 9
103 7
104 13
105 9
106 13
107 5
108 9
109 6
110 8
111 5
112 8
113 4
114 9
115 9
116 5
117 2
118 5
119 7
120 6
121 5
122 10
123 6
124 2
125 8
126 2
127 11
128 7
129 5
130 5
131 4
132 6
133 2
134 5
135 2
136 3
137 1
138 3
139 7
140 2
141 4
142 5
143 3
144 4
145 5
146 2
147 2
148 4
149 4
150 1
151 3
152 5
153 3
154 3
155 3
156 4
157 4
158 6
159 1
160 3
161 5
162 4
164 4
165 4
167 3
168 1
169 3
170 2
171 2
173 2
175 2
176 2
177 3
178 7
180 2
181 1
183 2
184 1
186 1
187 1
188 1
189 2
191 2
192 4
193 1
199 2
203 1
205 1
206 1
207 2
209 3
210 1
212 1
216 4
217 1
218 1
219 1
220 1
221 1
225 1
229 2
232 1
238 2
240 1
245 1
246 1
247 1
255 1
256 1
271 1
277 1
283 1
