50 3000 50
0 116394
1 3186
2 1826
3 1176
4 770
5 628
6 509
7 364
8 310
9 272
10 238
11 267
12 204
13 177
14 198
15 193
16 159
17 147
18 138
19 126
20 125
21 93
22 113
23 102
24 141
25 83
26 83
27 85
28 87
29 70
30 71
31 69
32 76
33 64
34 81
35 57
36 61
37 53
38 35
39 57
40 47
41 43
42 38
43 39
44 44
45 28
46 34
47 34
48 25
49 24
50 33
51 34
52 20
53 25
54 24
55 19
56 18
57 18
58 25
59 13
60 18
61 18
62 16
63 11
64 16
65 10
66 12
67 10
68 5
69 10
70 15
71 8
72 9
73 3
74 6
75 14
76 6
77 6
78 4
79 5
80 3
81 10
82 6
83 3
84 6
85 2
86 6
87 6
88 3
89 1
90 7
91 4
92 3
93 4
94 3
95 4
96 2
97 2
98 3
99 2
100 2
101 2
102 3
104 1
105 2
107 1
108 1
109 1
110 1
112 1
113 1
115 3
116 2
117 1
118 1
119 2
120 1
121 1
122 1
124 1
125 1
137 1
153 1
