50 3000 50
0 126354
1 235
2 142
3 103
4 84
5 70
6 69
7 60
8 47
9 53
10 51
11 46
12 44
13 53
14 47
15 36
16 37
17 43
18 45
19 33
20 40
21 37
22 25
23 45
24 36
25 38
26 34
27 35
28 31
29 33
30 33
31 34
32 35
33 27
34 39
35 25
36 33
37 31
38 31
39 35
40 30
41 34
42 27
43 34
44 20
45 21
46 21
47 25
48 25
49 33
50 19
51 28
52 15
53 26
54 21
55 23
56 22
57 23
58 36
59 22
60 18
61 17
62 18
63 12
64 21
65 19
66 17
67 21
68 19
69 15
70 15
71 13
72 21
73 19
74 16
75 23
76 14
77 16
78 11
79 8
80 23
81 11
82 16
83 15
84 10
85 8
86 10
87 14
88 13
89 11
90 12
91 7
92 11
93 7
94 10
95 22
96 12
97 11
98 12
99 16
100 11
101 11
102 7
103 9
104 9
105 3
106 10
107 9
108 6
109 6
110 3
111 3
112 10
113 7
114 6
115 5
116 5
117 6
118 6
119 7
120 2
121 5
122 8
123 5
124 4
125 6
126 5
127 3
128 9
129 5
130 5
131 4
132 6
133 5
134 2
135 6
136 4
137 1
138 7
139 1
140 4
141 2
142 2
143 6
144 3
145 4
147 3
148 2
149 2
150 3
151 3
152 3
153 4
154 1
155 1
156 2
157 4
158 5
159 3
160 1
161 6
164 1
165 2
166 2
167 4
168 2
169 4
170 3
171 4
172 2
173 1
174 1
176 1
177 3
179 1
180 1
181 1
183 3
184 2
185 1
186 2
187 3
188 1
189 1
190 1
194 2
197 1
199 1
201 1
203 4
205 2
206 1
208 1
212 2
214 1
221 1
225 1
227 1
233 1
236 1
242 2
249 1
253 1
278 1
