50 3000 50
0 126502
1 216
2 124
3 94
4 75
5 61
6 73
7 52
8 42
9 46
10 43
11 56
12 46
13 52
14 32
15 29
16 29
17 29
18 35
19 31
20 43
21 38
22 36
23 34
24 35
25 29
26 36
27 35
28 30
29 31
30 35
31 37
32 38
33 31
34 27
35 32
36 34
37 28
38 28
39 22
40 28
41 25
42 25
43 28
44 31
45 24
46 31
47 20
48 24
49 29
50 25
51 24
52 17
53 22
54 27
55 18
56 24
57 17
58 22
59 13
60 21
61 16
62 20
63 19
64 28
65 21
66 20
67 14
68 22
69 21
70 23
71 18
72 16
73 14
74 14
75 15
76 13
77 11
78 12
79 12
80 17
81 12
82 17
83 11
84 15
85 9
86 20
87 16
88 11
89 11
90 11
91 13
92 7
93 20
94 9
95 11
96 10
97 11
98 9
99 11
100 12
101 7
102 11
103 10
104 6
105 8
106 7
107 6
108 11
109 6
110 12
111 4
112 6
113 3
114 5
115 9
116 4
117 5
118 5
119 2
120 6
121 5
122 4
123 6
124 14
125 3
126 3
127 4
128 4
129 9
130 4
131 4
132 7
133 5
134 5
135 4
136 4
137 4
138 3
139 4
140 8
141 4
142 1
144 4
145 4
146 2
147 5
148 5
149 1
150 3
151 1
152 3
153 3
154 4
155 2
156 2
159 3
160 2
161 3
162 4
163 1
165 2
166 5
167 2
168 3
169 2
170 4
171 3
173 1
176 2
177 2
178 2
179 5
181 3
182 2
183 1
188 2
189 3
190 3
194 3
195 1
196 1
197 2
199 2
202 1
204 1
205 2
207 1
208 1
210 1
211 1
212 2
213 1
220 1
223 2
231 1
235 1
237 2
240 1
243 1
249 1
253 1
263 1
272 1
