50 3000 50
0 114136
1 3633
2 2307
3 1493
4 1073
5 782
6 610
7 507
8 378
9 351
10 312
11 248
12 251
13 254
14 203
15 185
16 178
17 179
18 177
19 155
20 137
21 135
22 111
23 119
24 115
25 83
26 118
27 83
28 85
29 75
30 78
31 70
32 67
33 64
34 59
35 50
36 53
37 55
38 48
39 42
40 52
41 38
42 37
43 37
44 26
45 32
46 34
47 32
48 34
49 21
50 26
51 13
52 17
53 21
54 19
55 20
56 19
57 13
58 15
59 8
60 11
61 11
62 8
63 11
64 8
65 11
66 12
67 8
68 12
69 3
70 5
71 7
72 5
73 7
74 5
75 5
76 7
77 3
78 6
79 7
80 3
81 3
83 3
84 6
85 2
86 2
87 3
88 2
89 2
90 3
91 5
92 1
93 1
94 1
95 3
96 2
97 2
99 2
100 1
102 1
103 2
104 2
105 1
106 1
107 1
109 1
111 1
114 1
116 1
118 1
123 1
134 1
