50 3000 50
0 125997
1 291
2 169
3 131
4 115
5 95
6 89
7 73
8 62
9 63
10 39
11 58
12 45
13 69
14 45
15 47
16 48
17 45
18 43
19 49
20 46
21 38
22 56
23 39
24 40
25 43
26 36
27 33
28 35
29 40
30 39
31 39
32 40
33 33
34 32
35 42
36 27
37 31
38 38
39 37
40 27
41 31
42 24
43 27
44 33
45 32
46 24
47 28
48 24
49 23
50 20
51 27
52 28
53 20
54 26
55 28
56 25
57 28
58 16
59 24
60 18
61 17
62 20
63 23
64 26
65 22
66 17
67 23
68 16
69 14
70 17
71 16
72 21
73 20
74 19
75 19
76 13
77 14
78 14
79 14
80 12
81 8
82 13
83 13
84 15
85 15
86 10
87 10
88 6
89 12
90 11
91 7
92 16
93 2
94 12
95 12
96 11
97 17
98 15
99 9
100 9
101 6
102 6
103 9
104 5
105 10
106 16
107 4
108 9
109 11
110 5
111 11
112 2
113 8
114 7
115 9
116 9
117 5
118 5
119 4
120 5
121 6
122 5
123 1
124 5
125 5
126 8
127 7
129 2
130 5
131 7
132 6
133 3
134 1
135 3
136 4
137 2
138 2
139 4
141 3
142 6
143 4
145 2
146 2
148 4
149 5
150 8
152 2
153 1
154 3
155 1
157 3
158 2
159 2
160 2
161 1
163 4
164 3
165 3
166 4
168 5
169 1
170 1
171 2
172 1
173 3
174 1
175 1
176 2
177 1
178 2
179 1
180 3
181 2
183 1
184 1
185 1
187 1
188 1
193 1
195 1
197 1
199 1
202 1
203 1
205 1
206 1
210 1
215 1
217 1
218 2
220 1
221 1
227 1
228 1
235 1
270 1
