50 3000 50
0 123908
1 960
2 399
3 283
4 214
5 160
6 156
7 143
8 130
9 113
10 111
11 86
12 106
13 102
14 79
15 72
16 81
17 64
18 75
19 61
20 59
21 66
22 70
23 68
24 43
25 48
26 50
27 66
28 65
29 48
30 60
31 52
32 57
33 45
34 50
35 48
36 52
37 53
38 44
39 29
40 50
41 48
42 36
43 38
44 35
45 42
46 37
47 32
48 28
49 35
50 24
51 29
52 24
53 28
54 26
55 28
56 27
57 29
58 27
59 26
60 23
61 22
62 22
63 22
64 17
65 19
66 22
67 26
68 16
69 18
70 16
71 20
72 12
73 20
74 10
75 20
76 8
77 16
78 9
79 20
80 11
81 17
82 14
83 10
84 14
85 11
86 16
87 17
88 13
89 6
90 10
91 7
92 8
93 11
94 8
95 4
96 7
97 3
98 8
99 6
100 10
101 7
102 7
103 1
104 3
105 6
106 5
107 3
108 13
109 7
110 2
111 6
112 5
113 1
114 7
115 3
116 4
117 7
118 5
119 2
120 3
121 2
122 3
123 5
124 3
125 2
126 4
127 3
129 3
130 1
131 2
132 1
133 3
134 3
135 2
136 4
137 1
138 4
139 1
140 1
141 2
142 1
143 5
144 1
145 4
146 1
148 1
149 5
150 2
151 1
152 2
153 3
154 1
155 2
156 1
160 1
162 1
163 1
167 1
168 1
169 1
171 1
178 1
180 1
182 1
185 1
186 1
190 2
191 1
196 1
