50 3000 50
0 126626
1 191
2 122
3 91
4 73
5 63
6 42
7 47
8 43
9 44
10 39
11 43
12 44
13 37
14 44
15 33
16 35
17 34
18 39
19 33
20 32
21 35
22 26
23 34
24 32
25 32
26 37
27 25
28 30
29 30
30 27
31 35
32 33
33 28
34 32
35 29
36 34
37 31
38 23
39 29
40 25
41 35
42 16
43 34
44 25
45 17
46 31
47 26
48 33
49 18
50 20
51 19
52 14
53 22
54 21
55 32
56 18
57 16
58 21
59 18
60 18
61 20
62 17
63 14
64 18
65 25
66 19
67 18
68 25
69 13
70 19
71 15
72 14
73 12
74 19
75 9
76 12
77 17
78 9
79 19
80 14
81 16
82 20
83 14
84 15
85 13
86 10
87 14
88 12
89 10
90 11
91 13
92 11
93 11
94 13
95 8
96 14
97 9
98 12
99 13
100 10
101 7
102 7
103 11
104 9
105 8
106 7
107 6
108 8
109 6
110 14
111 6
112 11
113 9
114 6
115 7
116 7
117 6
118 9
119 4
120 6
121 7
122 7
123 5
124 1
125 1
126 10
127 1
128 3
129 8
130 8
131 8
132 4
133 4
134 5
135 3
136 5
137 3
138 2
139 6
140 1
141 4
142 2
143 2
144 3
145 5
146 1
147 3
148 3
149 1
150 1
151 3
152 1
153 4
154 3
155 2
156 1
157 3
158 7
159 1
160 4
161 3
162 1
163 5
164 2
165 1
166 2
167 2
168 1
169 4
170 2
171 2
172 1
173 4
174 2
175 1
176 2
177 1
178 1
179 3
180 1
181 2
183 4
184 1
185 1
186 4
187 1
188 2
191 1
194 3
195 2
196 2
197 1
198 1
199 1
201 1
202 1
203 1
207 1
208 1
210 1
211 1
212 1
215 1
216 1
217 1
218 1
221 1
222 1
229 1
232 1
233 1
234 1
240 1
241 1
242 1
246 1
250 1
251 2
265 1
306 1
