50 3000 50
0 125789
1 342
2 185
3 137
4 120
5 109
6 90
7 91
8 53
9 60
10 66
11 61
12 61
13 63
14 56
15 52
16 44
17 56
18 49
19 50
20 53
21 44
22 42
23 35
24 45
25 37
26 51
27 40
28 35
29 43
30 35
31 42
32 37
33 52
34 34
35 41
36 28
37 38
38 39
39 39
40 30
41 29
42 28
43 23
44 33
45 27
46 27
47 27
48 36
49 28
50 17
51 28
52 24
53 18
54 27
55 21
56 32
57 20
58 25
59 20
60 26
61 20
62 28
63 23
64 22
65 21
66 17
67 15
68 20
69 27
70 17
71 12
72 20
73 16
74 13
75 12
76 11
77 14
78 12
79 13
80 10
81 16
82 12
83 16
84 15
85 9
86 15
87 13
88 11
89 14
90 13
91 9
92 11
93 15
94 12
95 11
96 10
97 10
98 7
99 18
100 7
101 3
102 11
103 9
104 2
105 8
106 9
107 9
108 6
109 7
110 13
111 7
112 7
113 4
114 7
115 7
116 6
117 4
118 6
119 6
120 5
121 6
122 6
123 3
124 1
125 2
126 5
127 3
128 2
129 4
130 5
131 6
132 2
133 6
134 4
135 7
136 4
137 5
138 3
139 3
140 4
141 3
142 2
143 4
144 3
145 3
146 1
149 2
150 1
152 4
153 1
155 1
156 3
158 4
159 1
160 3
161 3
162 1
163 2
165 1
166 6
167 2
171 1
172 4
173 1
174 2
175 2
177 1
178 1
181 1
182 1
183 5
184 1
185 1
186 3
188 1
189 1
190 2
195 1
196 1
198 1
200 1
201 1
202 1
211 1
217 2
226 2
235 1
245 1
247 1
