50 3000 50
0 118386
1 2675
2 1463
3 873
4 601
5 456
6 370
7 311
8 247
9 238
10 215
11 211
12 163
13 177
14 138
15 170
16 142
17 130
18 129
19 131
20 121
21 114
22 98
23 97
24 71
25 75
26 66
27 94
28 78
29 81
30 75
31 60
32 79
33 57
34 64
35 71
36 52
37 53
38 50
39 65
40 29
41 50
42 44
43 42
44 35
45 28
46 33
47 39
48 36
49 36
50 35
51 29
52 35
53 24
54 24
55 16
56 24
57 26
58 17
59 19
60 24
61 21
62 21
63 18
64 14
65 9
66 18
67 10
68 17
69 14
70 18
71 7
72 10
73 6
74 12
75 11
76 8
77 7
78 10
79 7
80 6
81 9
82 7
83 7
84 8
86 8
87 4
88 6
89 7
90 4
91 5
92 4
93 4
94 5
95 4
96 2
97 2
98 4
99 4
100 2
101 3
102 3
103 3
105 2
106 2
107 4
108 3
109 2
110 1
111 4
112 1
113 5
114 2
115 2
116 1
117 1
118 2
119 1
123 1
124 1
128 1
129 1
134 1
137 2
139 1
141 1
146 1
148 1
160 1
165 1
