50 3000 50
0 123199
1 1196
2 542
3 369
4 243
5 212
6 158
7 143
8 130
9 120
10 143
11 118
12 115
13 103
14 88
15 82
16 90
17 80
18 77
19 68
20 73
21 67
22 56
23 67
24 67
25 54
26 63
27 62
28 66
29 56
30 58
31 54
32 61
33 45
34 50
35 50
36 51
37 45
38 43
39 42
40 48
41 42
42 38
43 33
44 53
45 36
46 35
47 36
48 22
49 33
50 32
51 30
52 35
53 31
54 25
55 31
56 25
57 26
58 26
59 31
60 28
61 33
62 18
63 19
64 18
65 20
66 23
67 19
68 20
69 15
70 14
71 16
72 10
73 17
74 17
75 13
76 10
77 18
78 17
79 9
80 18
81 12
82 11
83 11
84 9
85 6
86 10
87 12
88 8
89 5
90 13
91 6
92 12
93 4
94 8
95 6
96 7
97 8
98 8
99 4
100 8
101 7
102 8
103 4
104 6
105 5
106 2
107 2
108 6
109 3
110 4
111 3
112 8
113 7
114 1
115 4
116 4
117 3
118 1
119 3
120 2
121 6
122 5
123 8
124 4
126 1
127 4
128 5
129 2
130 4
133 1
134 1
135 3
136 1
137 3
139 3
141 5
142 2
143 3
144 2
147 2
148 1
149 2
150 2
151 2
152 1
153 1
154 1
156 1
157 1
158 1
160 1
161 1
162 1
165 1
168 1
170 1
171 1
174 1
179 2
182 1
191 1
