50 3000 50
0 121321
1 1758
2 888
3 577
4 380
5 313
6 221
7 219
8 152
9 158
10 162
11 142
12 145
13 149
14 110
15 110
16 115
17 110
18 99
19 92
20 84
21 84
22 81
23 83
24 63
25 76
26 73
27 60
28 59
29 83
30 72
31 59
32 66
33 61
34 61
35 50
36 58
37 47
38 33
39 57
40 41
41 49
42 41
43 39
44 42
45 36
46 41
47 31
48 30
49 34
50 33
51 33
52 34
53 37
54 30
55 25
56 16
57 16
58 24
59 29
60 15
61 30
62 23
63 27
64 20
65 23
66 23
67 12
68 18
69 16
70 11
71 17
72 14
73 18
74 18
75 8
76 10
77 7
78 8
79 16
80 8
81 13
82 8
83 12
84 10
85 6
86 5
87 11
88 7
89 6
90 7
91 5
92 4
93 6
94 9
95 4
96 1
97 7
98 5
99 6
100 6
101 6
102 5
103 3
104 3
105 2
106 5
107 3
108 4
109 2
110 4
111 4
112 1
113 4
114 1
115 4
116 7
117 1
118 5
119 3
120 1
121 3
122 2
123 2
124 3
125 1
126 2
127 1
128 1
129 1
131 3
132 1
134 1
135 4
138 3
139 1
141 1
143 1
144 2
145 1
146 1
147 2
148 1
149 1
151 2
154 1
157 1
161 1
164 1
169 1
172 1
