500 3000 50
0 1203121
1 15536
2 11846
3 9058
4 7305
5 5853
6 4849
7 3928
8 3280
9 2816
10 2343
11 2111
12 1813
13 1573
14 1401
15 1321
16 1098
17 999
18 842
19 787
20 695
21 656
22 592
23 541
24 539
25 479
26 441
27 379
28 361
29 353
30 308
31 301
32 287
33 291
34 262
35 224
36 242
37 198
38 185
39 211
40 174
41 149
42 165
43 157
44 163
45 146
46 134
47 129
48 144
49 118
50 118
51 120
52 103
53 98
54 79
55 98
56 85
57 67
58 80
59 76
60 80
61 76
62 76
63 87
64 76
65 76
66 67
67 68
68 71
69 55
70 47
71 53
72 74
73 46
74 42
75 41
76 46
77 52
78 60
79 52
80 38
81 38
82 51
83 49
84 43
85 29
86 42
87 39
88 43
89 32
90 39
91 43
92 32
93 28
94 34
95 38
96 28
97 28
98 36
99 26
100 36
101 31
102 31
103 25
104 28
105 22
106 25
107 26
108 24
109 26
110 24
111 24
112 25
113 29
114 22
115 32
116 20
117 15
118 19
119 29
120 22
121 21
122 25
123 30
124 15
125 18
126 22
127 12
128 18
129 13
130 17
131 12
132 17
133 14
134 16
135 13
136 14
137 13
138 19
139 16
140 14
141 22
142 12
143 21
144 17
145 19
146 9
147 13
148 13
149 14
150 12
151 13
152 14
153 17
154 17
155 13
156 10
157 10
158 6
159 9
160 8
161 7
162 9
163 8
164 14
165 8
166 9
167 12
168 20
169 10
170 7
171 7
172 17
173 8
174 9
175 8
176 10
177 8
178 13
179 11
180 9
181 10
182 4
183 10
184 7
185 9
186 11
187 11
188 10
189 11
190 5
191 7
192 4
193 7
194 11
195 6
196 9
197 14
198 13
199 7
200 6
201 10
202 8
203 10
204 3
205 6
206 5
207 4
208 8
209 6
210 7
211 2
212 15
213 4
214 6
215 10
216 5
217 5
218 5
219 9
220 6
221 4
222 3
223 1
224 10
225 8
226 6
227 3
228 4
229 8
230 7
231 6
232 7
233 7
234 4
235 3
236 5
237 6
238 3
239 3
240 3
241 8
242 4
243 4
244 6
245 5
246 7
247 6
248 3
249 5
250 5
251 5
252 6
253 2
254 5
255 6
256 2
257 6
258 6
259 7
260 3
261 9
262 1
263 7
264 8
265 7
266 2
267 5
268 6
269 4
270 5
271 3
272 5
273 4
274 7
275 3
276 3
277 3
278 1
279 2
280 3
281 5
282 5
283 2
284 6
285 4
286 4
287 1
288 7
289 2
290 1
291 3
292 2
293 3
294 4
295 4
296 5
297 6
298 4
299 4
300 3
301 3
302 5
303 4
304 1
305 2
306 3
307 4
308 4
309 3
310 2
311 3
312 3
313 3
315 4
316 1
317 3
318 7
319 7
320 2
321 2
322 2
323 1
324 3
325 4
327 6
328 6
329 1
330 3
331 2
332 2
333 4
334 1
335 7
336 2
337 4
338 5
339 2
340 3
341 2
342 7
343 1
344 1
345 2
346 3
347 2
348 2
350 1
351 4
352 1
353 2
354 1
355 3
356 3
357 3
358 3
359 5
360 1
363 4
364 3
365 2
366 3
367 1
368 2
369 1
370 4
371 2
372 3
373 4
374 2
375 4
376 2
377 4
378 4
379 2
380 2
381 3
382 2
383 2
384 3
385 1
387 2
388 3
389 1
390 2
391 1
392 4
393 1
395 1
396 7
397 6
398 1
399 1
400 2
403 1
404 2
405 1
406 3
408 1
409 3
410 2
412 2
413 2
414 1
415 1
416 1
417 1
418 4
421 2
422 1
423 1
424 1
425 2
426 1
427 2
428 2
429 2
430 2
431 2
432 1
433 3
434 1
436 2
437 2
439 1
440 1
441 3
443 2
446 1
447 2
449 1
450 4
451 3
452 2
453 4
454 1
455 2
456 3
457 1
458 1
459 3
460 2
461 1
464 2
465 2
466 1
467 1
469 1
470 2
471 2
472 1
475 1
476 3
477 1
478 2
479 1
480 2
482 3
483 1
484 1
485 2
486 2
488 2
489 1
491 1
492 2
493 2
495 3
497 4
498 2
500 1
503 1
505 4
506 2
507 2
508 2
511 2
514 4
515 1
517 1
519 1
520 1
521 2
522 1
523 3
524 2
525 2
527 2
528 4
529 2
530 1
531 3
532 1
533 1
534 1
535 1
536 1
537 1
538 2
540 2
542 1
543 1
545 1
546 1
547 1
548 2
549 1
550 1
551 2
553 2
556 3
559 1
560 2
562 1
564 1
567 1
568 1
569 2
572 1
574 1
576 1
577 2
581 1
582 2
583 1
584 1
586 3
592 1
593 1
598 1
601 1
603 1
605 1
609 2
610 1
611 3
615 1
616 1
617 1
627 1
628 1
630 2
632 3
639 1
641 3
646 1
647 1
657 1
658 1
663 1
664 1
665 1
668 1
672 1
677 1
679 1
683 1
689 1
691 2
693 1
694 1
704 1
705 2
708 2
712 1
717 1
719 1
722 1
725 1
730 1
733 2
740 1
744 1
747 1
759 1
770 1
782 1
783 1
784 2
785 2
788 1
791 1
800 1
808 1
819 1
821 1
825 1
828 1
838 1
840 1
841 1
856 1
866 1
874 1
881 1
891 1
896 1
922 1
926 1
927 1
941 1
952 1
971 1
986 1
1019 1
