500 3000 50
0 1106284
1 25936
2 21934
3 18899
4 16479
5 13964
6 12025
7 10433
8 9101
9 7689
10 6553
11 5888
12 4936
13 4329
14 3839
15 3314
16 2991
17 2523
18 2168
19 1933
20 1698
21 1511
22 1438
23 1161
24 1001
25 952
26 784
27 705
28 619
29 555
30 474
31 441
32 398
33 351
34 337
35 295
36 236
37 218
38 158
39 172
40 126
41 139
42 137
43 124
44 108
45 79
46 83
47 81
48 52
49 69
50 58
51 45
52 54
53 39
54 38
55 40
56 33
57 24
58 29
59 32
60 21
61 23
62 19
63 15
64 21
65 17
66 12
67 12
68 10
69 9
70 14
71 2
72 5
73 9
74 6
75 6
76 7
77 5
78 7
79 6
80 8
81 4
82 2
83 5
84 2
85 5
86 1
87 2
88 3
89 1
90 3
91 2
92 6
94 1
95 3
96 2
97 3
98 1
99 1
101 3
102 1
106 1
107 1
108 1
110 1
113 1
114 3
115 1
117 1
125 1
130 1
131 1
138 1
142 1
