500 3000 50
0 1122305
1 22672
2 19214
3 16463
4 14354
5 12404
6 10864
7 9438
8 8056
9 7051
10 6081
11 5406
12 4688
13 4058
14 3664
15 3238
16 2769
17 2444
18 2343
19 1922
20 1694
21 1539
22 1300
23 1203
24 1058
25 935
26 889
27 752
28 691
29 633
30 539
31 488
32 493
33 432
34 377
35 342
36 317
37 280
38 246
39 196
40 211
41 176
42 159
43 154
44 139
45 111
46 113
47 115
48 93
49 85
50 88
51 85
52 69
53 61
54 79
55 55
56 51
57 51
58 55
59 37
60 26
61 29
62 31
63 37
64 31
65 26
66 13
67 12
68 20
69 19
70 21
71 16
72 18
73 13
74 18
75 15
76 6
77 10
78 15
79 5
80 10
81 9
82 8
83 10
84 12
85 2
86 8
87 5
88 10
89 4
90 7
91 7
92 5
93 5
94 6
95 4
96 4
97 3
98 2
99 3
100 5
101 3
102 3
103 3
104 2
105 1
106 2
107 2
108 1
109 4
110 1
111 1
112 2
113 2
114 2
115 3
116 2
117 1
118 2
119 2
120 1
122 2
123 2
124 1
126 1
127 3
128 1
129 2
131 3
132 1
133 2
136 1
137 1
142 2
143 1
144 1
146 1
149 1
150 1
151 2
152 1
153 1
157 1
158 1
178 1
184 1
195 1
202 1
