500 3000 50
0 1192850
1 15635
2 12254
3 9826
4 7877
5 6570
6 5543
7 4748
8 3982
9 3362
10 2903
11 2471
12 2224
13 1954
14 1726
15 1538
16 1311
17 1230
18 1155
19 1042
20 930
21 769
22 726
23 670
24 634
25 557
26 518
27 480
28 449
29 454
30 406
31 369
32 356
33 313
34 336
35 294
36 244
37 246
38 259
39 186
40 195
41 209
42 191
43 197
44 169
45 158
46 150
47 147
48 132
49 124
50 125
51 144
52 117
53 95
54 100
55 101
56 100
57 90
58 82
59 94
60 79
61 72
62 86
63 82
64 91
65 63
66 68
67 72
68 68
69 71
70 65
71 54
72 63
73 58
74 56
75 47
76 54
77 60
78 64
79 44
80 56
81 53
82 50
83 53
84 31
85 36
86 45
87 39
88 43
89 34
90 34
91 41
92 39
93 35
94 42
95 35
96 31
97 31
98 31
99 24
100 23
101 29
102 23
103 24
104 29
105 37
106 21
107 22
108 19
109 34
110 17
111 24
112 23
113 24
114 15
115 23
116 24
117 17
118 21
119 22
120 16
121 20
122 16
123 18
124 13
125 25
126 15
127 20
128 13
129 24
130 14
131 17
132 15
133 19
134 12
135 19
136 20
137 13
138 13
139 18
140 21
141 13
142 9
143 11
144 14
145 14
146 12
147 14
148 11
149 14
150 13
151 9
152 14
153 12
154 14
155 6
156 8
157 11
158 9
159 5
160 13
161 13
162 13
163 8
164 7
165 10
166 8
167 15
168 17
169 9
170 14
171 6
172 11
173 9
174 3
175 7
176 11
177 15
178 7
179 12
180 14
181 7
182 10
183 5
184 4
185 12
186 5
187 8
188 9
189 5
190 4
191 1
192 6
193 4
194 7
195 3
196 5
197 6
198 9
199 9
200 5
201 3
202 9
203 5
204 9
205 6
206 5
207 10
208 11
209 9
210 8
211 11
212 5
213 4
214 6
215 7
216 5
217 4
218 4
219 9
220 8
221 9
222 2
223 4
224 3
225 3
226 4
227 3
228 3
229 1
230 6
231 3
232 9
233 8
234 2
235 4
236 6
237 1
238 3
239 1
240 4
241 5
242 3
243 4
244 7
245 5
246 5
247 2
248 2
249 1
250 2
251 4
252 4
253 2
254 4
255 4
256 1
257 7
258 6
259 4
260 1
261 1
262 4
263 5
264 2
265 8
266 3
267 2
268 5
269 3
270 1
271 5
272 3
273 5
274 2
275 2
276 3
277 4
278 8
279 4
280 1
281 7
282 5
283 4
284 2
285 2
286 3
287 3
288 1
289 4
290 3
291 3
292 7
293 1
294 4
295 1
296 4
297 1
298 2
299 3
300 3
301 4
302 1
303 1
304 2
305 1
306 4
307 1
308 5
309 2
310 4
311 6
312 1
313 4
314 3
315 2
316 3
317 4
318 1
319 3
320 3
321 3
323 3
325 2
326 2
327 3
328 1
330 4
331 3
333 3
334 4
335 1
336 3
337 4
340 1
341 2
342 3
344 1
345 3
346 2
347 1
348 2
349 3
352 1
353 1
355 1
356 1
357 1
358 1
359 2
360 2
361 3
362 1
363 1
364 1
365 3
366 3
367 1
368 1
369 1
370 1
372 1
373 3
374 2
376 2
377 3
378 1
379 1
380 2
381 1
382 3
383 2
384 4
385 2
386 1
389 1
390 5
391 3
392 6
393 1
394 1
396 1
397 1
398 2
399 3
400 1
401 1
402 1
403 2
404 1
405 3
406 2
407 1
408 3
409 2
410 1
411 3
412 1
413 2
414 4
415 1
416 4
417 2
418 1
419 2
420 1
421 2
422 1
423 1
424 4
425 1
426 1
427 1
428 2
431 1
433 1
434 2
435 2
437 2
440 1
441 1
444 1
445 3
446 1
447 1
448 1
449 1
450 1
452 1
458 2
459 1
460 1
461 1
462 2
464 1
466 2
467 2
471 2
472 1
473 1
474 1
475 2
476 1
477 1
482 1
483 1
484 1
485 2
491 2
492 1
493 1
495 1
498 2
500 1
501 1
504 1
506 1
511 1
512 1
513 1
515 1
518 1
520 1
521 1
524 2
527 1
528 2
529 1
530 1
532 1
537 1
547 1
548 1
549 1
553 1
555 1
558 1
560 1
566 1
567 1
568 1
571 1
572 1
573 1
574 1
578 1
579 3
580 1
581 1
582 1
595 1
599 1
600 1
601 1
607 1
612 1
616 1
620 1
621 1
625 1
628 1
641 2
643 1
650 2
654 1
658 1
659 1
662 1
663 1
664 1
665 1
667 1
668 1
671 1
678 1
693 2
697 1
719 1
724 1
725 1
732 1
740 1
745 1
759 1
765 1
779 1
787 1
792 1
821 1
839 1
840 1
851 1
852 1
861 1
