500 3000 50
0 1182318
1 15884
2 12715
3 10510
4 8689
5 7398
6 6193
7 5375
8 4618
9 3925
10 3572
11 3013
12 2592
13 2312
14 1981
15 1869
16 1659
17 1530
18 1337
19 1236
20 1045
21 968
22 915
23 834
24 741
25 693
26 678
27 542
28 511
29 502
30 476
31 424
32 404
33 368
34 355
35 342
36 351
37 262
38 249
39 259
40 244
41 199
42 200
43 211
44 158
45 176
46 183
47 145
48 139
49 141
50 151
51 108
52 160
53 125
54 105
55 130
56 86
57 89
58 94
59 97
60 90
61 74
62 82
63 96
64 85
65 79
66 70
67 78
68 71
69 75
70 76
71 49
72 59
73 52
74 47
75 62
76 47
77 57
78 58
79 50
80 53
81 32
82 37
83 39
84 48
85 43
86 37
87 46
88 39
89 43
90 43
91 32
92 35
93 23
94 17
95 28
96 32
97 31
98 14
99 29
100 33
101 25
102 26
103 31
104 23
105 23
106 22
107 23
108 34
109 22
110 29
111 14
112 15
113 17
114 21
115 18
116 20
117 29
118 13
119 21
120 14
121 27
122 15
123 23
124 16
125 10
126 10
127 14
128 11
129 23
130 11
131 24
132 20
133 8
134 12
135 11
136 11
137 16
138 17
139 19
140 19
141 13
142 11
143 15
144 14
145 9
146 7
147 9
148 14
149 8
150 14
151 6
152 7
153 11
154 6
155 11
156 7
157 8
158 8
159 9
160 13
161 6
162 8
163 6
164 4
165 8
166 11
167 11
168 6
169 5
170 9
171 9
172 6
173 9
174 7
175 9
176 8
177 5
178 8
179 2
180 5
181 9
182 7
183 3
184 3
185 3
186 6
187 14
188 5
189 8
190 5
191 8
192 1
193 5
194 5
195 6
196 1
197 6
198 6
199 7
200 5
201 6
202 4
203 3
204 3
205 6
206 5
207 5
208 9
209 6
210 2
211 4
212 2
213 2
214 5
215 2
216 4
217 9
218 5
219 2
220 2
221 2
222 3
223 5
224 6
225 4
226 6
227 5
228 7
229 7
230 3
231 1
232 6
233 5
234 2
235 2
237 2
238 2
239 3
240 4
241 3
242 7
243 4
244 1
245 3
246 5
247 1
248 2
250 3
251 4
253 2
254 8
255 3
256 2
257 3
259 3
261 2
262 3
263 3
264 3
266 2
267 1
268 3
269 2
270 1
271 2
272 5
273 3
274 3
275 4
276 1
278 1
279 1
280 2
281 1
282 1
283 4
285 2
286 4
287 1
288 2
289 1
290 2
291 4
292 1
294 2
295 2
296 2
297 4
298 1
299 2
300 3
301 1
302 3
303 3
304 3
305 1
306 4
307 1
308 2
309 1
310 3
311 3
312 2
313 3
314 1
315 1
316 4
318 1
319 2
320 2
321 3
322 2
323 3
324 1
326 1
327 2
328 1
329 1
331 4
332 2
333 5
334 3
335 4
336 1
337 4
338 5
339 2
341 4
343 2
347 1
348 1
350 3
351 1
353 1
354 2
355 1
356 1
357 1
359 1
360 2
362 2
363 2
364 2
365 1
367 2
369 1
370 1
371 3
374 3
375 1
376 2
378 2
379 1
384 1
385 2
386 1
391 1
395 2
397 2
400 1
401 2
404 3
406 1
408 2
409 2
410 1
414 1
416 1
422 1
423 2
424 1
426 2
429 1
430 2
431 1
432 1
435 1
440 1
441 1
443 1
444 1
445 1
450 3
454 1
465 1
469 1
473 1
477 1
478 1
483 1
488 1
492 1
494 2
495 1
496 1
498 1
501 1
503 1
506 1
508 1
513 2
514 1
517 1
518 1
524 1
526 1
530 1
536 1
538 2
544 1
545 1
547 2
552 1
556 1
567 1
569 1
572 1
576 1
581 1
582 1
583 2
591 1
594 1
602 1
634 1
669 1
670 1
678 1
692 1
707 1
736 1
745 1
774 1
