500 3000 50
0 1233793
1 14776
2 9488
3 6173
4 4587
5 3335
6 2641
7 2038
8 1709
9 1398
10 1148
11 1004
12 863
13 712
14 633
15 600
16 492
17 431
18 397
19 398
20 370
21 297
22 273
23 252
24 259
25 241
26 239
27 222
28 206
29 172
30 180
31 152
32 144
33 128
34 129
35 152
36 118
37 112
38 113
39 97
40 107
41 100
42 99
43 72
44 89
45 88
46 79
47 71
48 52
49 71
50 62
51 59
52 67
53 59
54 51
55 51
56 53
57 47
58 64
59 58
60 45
61 57
62 46
63 66
64 53
65 48
66 46
67 36
68 43
69 57
70 33
71 33
72 38
73 32
74 47
75 38
76 38
77 26
78 31
79 31
80 30
81 43
82 28
83 25
84 35
85 35
86 40
87 26
88 33
89 25
90 25
91 32
92 35
93 21
94 25
95 18
96 16
97 18
98 32
99 29
100 21
101 23
102 27
103 16
104 18
105 28
106 23
107 15
108 17
109 21
110 20
111 20
112 17
113 19
114 16
115 12
116 18
117 19
118 22
119 18
120 17
121 12
122 21
123 18
124 24
125 10
126 17
127 16
128 19
129 14
130 19
131 16
132 11
133 15
134 14
135 12
136 11
137 11
138 12
139 10
140 18
141 14
142 20
143 14
144 11
145 18
146 17
147 17
148 11
149 16
150 18
151 12
152 13
153 12
154 13
155 9
156 10
157 19
158 10
159 9
160 13
161 8
162 9
163 8
164 9
165 10
166 9
167 8
168 15
169 11
170 9
171 8
172 12
173 8
174 7
175 7
176 9
177 11
178 8
179 11
180 10
181 11
182 7
183 13
184 7
185 10
186 11
187 12
188 9
189 5
190 8
191 7
192 12
193 4
194 7
195 4
196 8
197 5
198 7
199 11
200 11
201 7
202 7
203 5
204 8
205 7
206 6
207 2
208 8
209 7
210 7
211 9
212 8
213 11
214 5
215 10
216 8
217 10
218 6
219 7
220 7
221 10
222 8
223 5
224 10
225 11
226 7
227 7
228 6
229 6
230 7
231 9
232 6
233 8
234 3
235 8
236 6
237 8
238 2
239 3
240 3
241 5
242 5
243 5
244 8
245 6
246 3
247 5
248 7
249 6
250 8
251 6
252 5
253 4
254 7
255 7
256 7
257 4
258 6
259 2
260 4
261 5
262 5
263 9
264 5
265 6
266 6
267 4
268 6
269 2
270 4
271 3
272 5
273 5
274 1
275 5
276 4
277 6
278 3
279 5
280 2
281 4
282 5
283 7
284 4
285 9
286 5
287 12
288 8
289 5
290 10
291 4
292 3
294 7
295 6
296 4
297 5
298 4
299 2
300 5
301 5
302 5
303 4
304 5
305 9
306 7
307 5
308 2
309 1
310 3
311 6
312 3
313 5
314 3
316 3
317 4
318 3
319 1
320 1
321 5
322 7
323 5
324 5
325 5
326 8
327 1
328 3
329 4
330 5
331 5
332 2
333 8
334 7
335 1
336 8
337 5
338 4
339 1
340 3
341 4
342 2
343 4
344 2
345 2
346 4
347 4
348 7
349 3
350 3
351 4
352 5
353 7
354 6
355 6
356 9
358 4
359 6
360 1
361 3
362 4
363 4
364 5
365 5
366 5
367 3
368 1
369 2
370 1
371 3
372 2
373 2
374 5
375 2
376 11
377 2
378 2
379 4
380 4
381 3
382 1
383 1
384 2
385 1
386 4
387 1
388 8
389 4
390 6
391 3
392 5
394 2
395 4
396 2
397 4
398 7
399 3
400 4
401 1
402 3
403 1
405 3
406 3
407 2
408 3
409 2
410 4
411 3
412 2
413 3
414 2
415 8
416 4
417 4
418 1
419 3
420 2
422 3
423 2
425 4
427 1
428 1
429 2
430 4
431 1
432 5
433 4
436 1
437 1
438 5
439 2
440 1
441 3
442 4
443 3
444 2
445 1
446 2
447 2
448 2
449 4
450 1
451 1
452 2
453 5
454 4
456 1
457 2
458 2
459 2
460 3
461 1
462 3
463 3
464 3
465 3
466 1
467 1
468 3
469 2
470 5
472 5
473 1
474 2
475 4
476 6
477 3
478 5
479 1
480 2
481 3
482 2
483 3
485 5
486 4
487 1
488 3
490 3
491 4
492 3
493 2
494 5
495 1
496 2
497 3
498 1
499 4
500 1
501 5
502 1
503 5
504 5
505 2
506 2
507 2
508 2
510 1
511 1
512 1
513 3
514 2
515 5
516 1
517 2
518 2
519 1
520 4
521 3
522 3
523 2
524 2
525 4
526 2
527 1
528 1
529 4
530 1
531 4
533 1
534 1
535 4
536 2
537 3
538 3
539 1
540 2
542 3
544 2
545 1
546 2
547 1
548 1
550 4
551 2
552 1
553 3
555 1
556 1
558 3
559 1
560 2
561 1
565 2
566 1
568 1
569 3
571 1
572 2
573 2
575 7
576 2
577 2
578 1
579 4
580 3
582 1
583 1
584 2
586 1
587 1
588 1
589 2
590 1
591 3
593 2
595 3
596 1
597 2
598 2
599 4
601 1
603 1
604 4
606 1
607 4
608 3
609 1
610 1
611 1
612 2
613 1
614 2
615 1
616 3
617 3
620 4
622 1
623 3
624 2
625 2
627 1
628 3
629 2
631 3
634 3
635 3
636 1
637 1
638 2
640 4
642 1
643 2
644 2
645 2
647 2
650 1
651 1
652 3
653 1
654 1
655 1
656 1
657 1
658 1
659 2
660 1
661 3
662 1
663 3
664 1
665 2
666 2
667 4
670 2
671 1
672 3
673 1
674 2
676 1
677 2
678 1
679 1
680 3
681 1
683 3
684 1
686 2
688 2
689 2
690 3
693 1
695 1
697 5
699 3
700 1
702 2
704 2
707 1
708 2
709 1
712 2
713 3
714 1
715 2
716 2
717 1
718 2
720 1
721 1
722 1
723 1
725 2
727 1
729 3
731 1
737 2
738 1
739 1
740 2
741 1
743 2
744 1
745 2
746 1
747 1
748 1
751 1
753 4
756 3
757 1
758 2
759 2
760 2
763 2
764 2
765 1
766 1
767 2
771 2
772 2
775 1
776 1
778 2
779 1
780 2
781 1
786 3
787 2
790 2
791 1
792 1
795 1
796 1
797 1
798 2
799 1
803 1
804 2
807 3
808 1
809 2
810 1
811 2
812 3
817 1
818 3
819 1
820 1
821 1
822 1
824 1
826 1
827 2
828 1
829 1
830 1
831 1
832 2
833 1
837 1
839 1
840 2
843 1
844 2
845 1
846 2
852 1
853 2
854 1
855 1
857 1
858 1
859 1
861 1
863 1
869 2
880 1
881 2
882 1
883 1
888 1
889 1
891 1
893 1
895 1
897 1
899 1
900 1
902 1
903 1
907 1
910 2
911 2
915 1
918 1
919 1
922 2
928 2
930 1
932 1
934 1
935 1
940 1
941 1
945 1
946 1
947 1
948 1
949 1
950 1
953 2
956 1
958 2
961 1
964 1
968 1
969 1
980 1
992 2
993 1
998 1
999 2
1000 1
1001 1
1002 1
1003 1
1007 1
1011 1
1017 1
1019 1
1021 1
1022 1
1025 1
1026 1
1033 1
1037 1
1058 1
1061 1
1063 1
1070 1
1074 1
1077 1
1081 1
1091 1
1092 1
1096 1
1097 1
1104 1
1106 1
1113 1
1144 1
1166 1
1171 1
1177 1
1203 1
1210 1
1215 1
1221 1
1264 2
1273 1
1291 1
1306 1
1313 1
