500 3000 50
0 1266593
1 9316
2 4604
3 2547
4 1638
5 1154
6 859
7 652
8 556
9 430
10 333
11 300
12 268
13 251
14 219
15 181
16 166
17 158
18 167
19 126
20 118
21 111
22 91
23 110
24 82
25 102
26 56
27 86
28 85
29 90
30 62
31 66
32 76
33 55
34 65
35 54
36 51
37 45
38 49
39 48
40 40
41 51
42 45
43 52
44 40
45 39
46 27
47 26
48 33
49 26
50 29
51 29
52 37
53 28
54 29
55 34
56 36
57 33
58 35
59 38
60 32
61 26
62 30
63 26
64 21
65 25
66 19
67 22
68 21
69 23
70 22
71 24
72 27
73 15
74 19
75 18
76 13
77 27
78 20
79 16
80 19
81 14
82 18
83 13
84 11
85 18
86 23
87 14
88 15
89 11
90 18
91 11
92 11
93 8
94 14
95 6
96 15
97 13
98 20
99 10
100 19
101 13
102 18
103 13
104 12
105 17
106 12
107 5
108 14
109 17
110 13
111 17
112 12
113 16
114 17
115 7
116 6
117 12
118 5
119 8
120 6
121 13
122 14
123 11
124 13
125 8
126 11
127 17
128 10
129 8
130 13
131 12
132 12
133 8
134 12
135 9
136 6
137 11
138 8
139 6
140 12
141 4
142 10
143 4
144 8
145 7
146 5
147 16
148 6
149 10
150 10
151 8
152 7
153 6
154 12
155 11
156 5
157 10
158 10
159 6
160 5
161 8
162 3
163 10
164 8
165 13
166 10
167 6
168 5
169 6
170 8
171 1
172 7
173 6
174 5
175 5
176 7
177 4
178 7
179 9
180 5
181 4
182 6
183 6
184 7
185 7
186 5
187 10
188 2
189 9
190 6
191 4
192 5
193 9
194 8
195 8
196 4
197 8
198 9
199 2
200 5
201 5
202 9
203 2
204 3
205 3
206 5
207 8
208 2
209 4
210 4
211 4
212 9
213 6
214 2
215 5
216 4
217 7
218 3
219 6
220 3
221 4
222 6
223 7
224 6
225 5
226 4
227 7
228 8
229 5
230 2
231 4
232 2
233 6
234 2
235 13
236 6
237 5
238 4
239 6
240 6
241 4
242 2
243 4
244 4
245 3
246 4
247 3
248 2
249 3
250 9
251 4
252 2
253 5
254 4
255 4
256 2
257 3
258 8
259 9
260 2
261 8
262 4
263 1
264 9
265 6
266 3
267 6
268 2
269 2
270 1
271 3
272 4
273 5
274 4
275 3
276 2
277 10
278 4
279 2
280 2
281 2
282 6
283 8
284 5
285 8
286 3
287 3
288 5
289 3
290 4
291 3
292 6
293 2
294 6
295 12
296 2
297 5
298 5
299 3
300 6
301 2
302 7
303 6
304 1
305 3
306 4
307 3
308 4
309 4
310 5
311 2
312 3
313 5
314 1
315 8
316 2
317 5
318 3
319 8
320 6
321 3
322 3
323 5
324 1
325 3
326 1
327 2
328 4
329 8
330 4
331 7
332 5
333 4
334 2
335 5
336 2
337 2
338 5
339 6
340 1
341 5
342 7
343 2
344 3
345 6
346 1
347 1
348 2
349 2
350 2
351 3
352 5
353 3
354 3
355 3
356 4
357 2
358 4
359 5
360 2
361 4
363 6
364 2
365 4
366 2
367 5
368 5
369 2
370 5
371 7
372 4
373 5
374 3
375 4
376 3
377 2
379 4
380 2
381 4
382 3
383 4
384 6
385 4
386 3
387 2
388 2
389 1
392 3
393 2
394 2
395 1
396 2
397 2
398 2
399 5
400 3
401 4
402 3
403 4
404 1
405 1
406 2
407 4
408 2
409 1
411 4
413 3
414 3
416 4
417 4
418 4
419 8
421 3
422 3
423 5
424 1
425 4
426 2
427 1
428 1
429 1
430 3
431 3
432 2
433 2
434 2
435 1
436 3
438 3
439 1
440 3
441 1
442 1
443 4
444 2
445 3
446 4
447 4
448 4
449 3
450 2
451 4
452 6
453 1
454 3
455 2
456 4
457 5
458 2
459 5
460 2
461 4
462 3
463 3
464 1
465 3
467 3
468 2
469 4
470 5
471 3
472 2
473 3
474 1
475 3
476 3
477 4
479 2
480 1
481 1
482 2
483 1
485 2
486 3
487 3
488 4
489 1
490 4
492 4
493 2
494 3
495 5
496 2
498 4
499 4
500 1
501 1
502 2
503 2
504 3
505 1
506 3
507 3
508 5
509 1
510 1
511 3
512 3
513 6
514 2
515 2
516 1
517 2
519 4
520 2
521 3
522 3
523 6
524 1
525 2
526 3
528 1
529 2
530 3
531 4
532 5
533 1
534 3
537 1
538 2
539 3
540 2
541 5
542 1
543 1
544 2
545 6
546 2
547 2
548 5
549 3
550 2
551 4
552 3
553 1
554 3
555 1
556 2
557 2
558 3
559 2
561 4
562 3
563 2
564 3
565 1
566 2
567 4
568 1
569 2
570 1
571 1
572 3
573 2
574 2
575 2
577 2
578 4
579 3
580 3
581 3
582 2
583 3
584 1
585 3
586 3
587 1
588 3
589 4
590 3
591 2
592 5
593 1
594 4
596 2
598 2
599 1
600 2
601 2
602 2
603 3
604 1
605 2
606 2
607 4
608 1
609 1
610 3
612 1
613 1
614 1
615 1
616 2
617 5
618 2
619 2
620 3
621 3
623 2
624 2
625 2
626 2
627 3
628 3
630 2
631 3
632 2
633 2
634 2
635 4
636 3
637 2
640 1
641 3
642 2
643 1
644 3
645 3
646 4
647 3
648 5
650 6
651 1
654 1
655 1
656 4
657 2
658 1
659 2
660 2
662 3
663 1
664 2
665 1
666 1
667 2
669 1
671 1
672 3
673 3
674 3
675 4
676 1
677 3
678 2
679 1
680 1
682 5
683 1
684 2
685 1
686 1
687 1
688 3
689 2
690 3
691 1
692 2
693 3
695 1
697 1
698 4
699 1
700 1
701 3
702 3
703 2
704 1
705 2
706 3
707 2
708 5
709 2
710 3
711 1
713 1
714 1
716 4
717 3
718 1
719 1
720 1
721 2
722 2
723 1
724 1
726 1
727 3
728 5
732 2
733 2
735 1
736 2
737 4
739 4
741 3
742 1
743 2
745 1
746 1
748 1
750 5
751 1
752 2
753 5
754 3
756 2
757 1
759 2
760 2
761 2
762 2
763 1
765 2
768 2
771 2
772 1
773 2
775 2
776 1
777 1
778 1
779 5
780 2
783 2
784 1
785 1
786 1
787 2
790 1
792 2
793 1
795 2
797 3
798 2
799 2
800 4
801 1
802 2
803 2
804 1
805 2
806 1
807 1
808 2
809 1
810 2
811 3
814 4
815 1
816 1
817 2
818 2
819 4
820 1
822 1
824 1
825 1
826 1
827 3
829 4
830 3
831 3
834 1
837 2
838 1
840 1
841 2
842 1
843 1
844 3
846 1
847 1
848 3
849 1
850 1
852 1
853 3
854 1
855 1
856 1
857 3
862 6
863 1
864 1
865 2
866 1
867 4
868 2
870 1
871 1
875 3
876 4
879 1
880 4
881 2
883 3
884 2
888 1
889 1
890 1
891 3
892 1
893 2
896 4
897 4
898 1
899 3
906 2
908 1
910 1
911 2
913 1
914 1
916 1
917 1
918 1
920 2
921 1
923 2
924 3
925 3
926 1
927 3
931 2
933 3
934 2
935 1
936 1
937 2
939 1
940 1
941 1
942 2
944 3
945 2
946 1
947 3
950 4
952 1
953 1
954 2
955 1
956 1
957 1
958 1
959 3
961 4
962 2
968 2
969 1
971 1
972 1
974 1
975 2
976 2
977 1
979 2
980 2
981 3
982 1
983 1
984 1
985 2
988 2
989 1
990 1
991 1
993 1
994 1
995 3
996 1
998 1
999 2
1001 2
1005 1
1006 1
1007 1
1008 1
1009 1
1013 2
1014 1
1015 1
1016 1
1020 1
1021 1
1022 1
1023 1
1026 1
1027 2
1028 1
1032 1
1033 2
1035 1
1036 3
1037 1
1045 1
1050 4
1051 1
1052 1
1053 2
1056 1
1057 1
1058 1
1061 1
1062 1
1063 1
1064 1
1066 1
1069 1
1070 1
1072 1
1073 2
1076 2
1078 2
1079 1
1080 1
1081 2
1082 1
1083 3
1084 2
1086 1
1087 1
1088 1
1089 2
1093 1
1095 1
1097 2
1099 1
1100 2
1103 1
1106 2
1107 1
1108 1
1113 2
1115 1
1116 3
1120 1
1122 1
1124 2
1126 1
1128 1
1130 1
1131 2
1132 3
1133 2
1135 1
1136 1
1138 2
1139 1
1141 2
1146 1
1148 2
1149 1
1151 1
1153 1
1155 2
1156 1
1160 1
1166 1
1168 1
1171 1
1172 1
1173 1
1175 1
1178 2
1179 1
1180 1
1184 1
1186 1
1190 1
1197 1
1198 2
1199 1
1201 2
1202 1
1206 1
1207 1
1208 1
1215 1
1220 1
1222 2
1230 1
1233 1
1235 1
1237 1
1242 2
1243 1
1244 1
1245 1
1252 1
1253 1
1255 1
1256 1
1257 1
1260 2
1261 2
1265 1
1266 1
1269 1
1273 1
1281 1
1284 1
1285 1
1293 1
1294 1
1297 2
1303 1
1313 1
1320 1
1322 1
1329 2
1336 1
1342 1
1344 1
1346 1
1364 2
1370 1
1417 1
1418 1
1423 1
1427 1
1434 1
1472 1
1491 1
1500 1
