500 3000 50
0 1223705
1 15395
2 10352
3 7435
4 5434
5 4167
6 3318
7 2582
8 2143
9 1910
10 1556
11 1295
12 1101
13 913
14 830
15 756
16 624
17 573
18 540
19 480
20 484
21 438
22 369
23 326
24 307
25 293
26 275
27 284
28 233
29 231
30 185
31 218
32 200
33 186
34 170
35 161
36 165
37 132
38 145
39 153
40 129
41 98
42 99
43 99
44 122
45 98
46 86
47 93
48 93
49 85
50 78
51 69
52 75
53 76
54 76
55 68
56 82
57 60
58 52
59 61
60 57
61 53
62 51
63 58
64 54
65 45
66 44
67 51
68 59
69 47
70 52
71 47
72 28
73 53
74 54
75 41
76 40
77 41
78 55
79 50
80 33
81 28
82 35
83 40
84 31
85 39
86 46
87 29
88 30
89 33
90 47
91 31
92 32
93 29
94 29
95 21
96 31
97 16
98 29
99 21
100 23
101 18
102 28
103 22
104 36
105 19
106 28
107 25
108 21
109 23
110 23
111 15
112 16
113 20
114 22
115 17
116 22
117 15
118 28
119 13
120 20
121 23
122 22
123 12
124 21
125 25
126 11
127 16
128 21
129 18
130 24
131 13
132 14
133 10
134 16
135 17
136 12
137 12
138 13
139 13
140 13
141 20
142 15
143 10
144 18
145 10
146 17
147 15
148 15
149 23
150 9
151 15
152 12
153 14
154 12
155 10
156 13
157 13
158 8
159 12
160 6
161 3
162 9
163 18
164 14
165 11
166 17
167 4
168 11
169 13
170 14
171 9
172 18
173 8
174 14
175 10
176 6
177 15
178 8
179 8
180 6
181 16
182 8
183 16
184 9
185 5
186 12
187 5
188 7
189 6
190 11
191 10
192 7
193 6
194 6
195 4
196 10
197 15
198 3
199 7
200 8
201 6
202 5
203 13
204 6
205 7
206 9
207 5
208 12
209 7
210 11
211 7
212 7
213 7
214 6
215 10
216 9
217 6
218 6
219 6
220 6
221 11
222 7
223 7
224 2
225 4
226 6
227 9
228 9
229 4
230 8
231 3
232 6
233 7
234 5
235 3
236 10
237 9
238 6
239 7
240 5
241 5
242 8
243 6
244 10
245 1
246 9
247 6
248 6
249 4
250 5
251 2
252 5
253 7
254 1
255 7
256 7
257 1
258 6
259 7
260 6
261 8
262 11
263 7
264 9
265 5
266 1
267 2
268 10
269 2
270 2
271 4
272 7
273 8
274 5
275 6
276 1
277 5
278 4
279 5
280 5
281 5
282 6
283 1
284 3
285 4
286 4
287 9
288 4
289 5
290 8
291 3
292 8
293 5
294 4
295 4
296 6
297 5
298 8
299 4
300 4
301 3
302 3
303 5
304 3
305 4
306 5
307 4
308 6
309 8
310 4
311 4
312 6
313 7
314 5
315 6
316 2
317 3
318 6
319 7
320 1
321 6
322 6
323 3
324 4
325 3
326 2
327 2
328 7
329 4
330 6
331 3
332 3
333 5
334 3
335 6
336 2
337 1
338 3
339 5
340 3
341 2
342 2
343 4
344 4
345 3
346 5
347 3
348 5
349 5
350 2
351 2
352 3
354 1
355 4
356 3
357 3
358 3
359 1
360 4
361 3
362 3
363 2
364 2
365 4
366 6
367 3
368 1
369 2
370 1
371 1
372 3
373 2
374 7
375 3
376 1
377 3
378 3
379 2
380 2
381 2
382 5
383 2
384 3
385 4
386 6
387 3
388 5
389 3
390 1
391 1
392 3
393 1
394 2
395 1
396 3
397 4
398 1
399 6
400 5
401 1
403 3
405 3
406 4
407 1
408 2
409 2
410 2
411 6
412 3
413 3
414 3
415 6
416 5
417 1
418 5
419 1
420 4
421 3
422 5
423 3
424 2
425 3
426 1
427 2
428 1
429 2
431 3
432 2
433 1
434 5
435 4
436 4
437 3
438 3
439 1
440 3
441 2
443 4
444 2
446 5
447 2
448 4
449 1
450 2
451 6
452 4
453 1
454 3
455 5
456 2
457 1
458 3
459 4
460 2
461 2
462 3
463 4
464 2
465 1
466 2
467 2
468 3
469 4
470 1
471 5
472 1
473 2
474 5
475 2
476 1
477 1
478 1
479 1
480 3
482 4
483 4
484 5
486 3
487 1
488 2
490 1
492 5
493 3
494 2
495 1
496 3
499 1
500 3
502 1
503 3
504 1
505 3
506 1
510 4
511 1
512 1
513 2
514 1
515 1
516 2
517 1
518 1
519 1
520 2
522 3
525 1
526 1
528 1
530 2
531 2
532 3
534 2
535 4
536 2
537 1
539 1
540 1
542 1
543 1
544 1
545 1
546 2
547 1
549 1
550 3
552 3
553 1
554 2
555 2
556 3
557 2
559 1
560 2
561 1
564 2
566 1
567 1
568 2
569 1
570 4
571 2
574 3
575 2
576 1
577 1
578 3
579 4
580 1
581 3
583 3
584 5
585 2
587 2
588 1
590 1
591 3
592 2
593 3
594 2
596 4
598 2
599 2
600 1
601 2
602 1
603 1
604 1
605 2
607 1
608 1
610 2
611 3
612 1
613 2
614 1
615 1
616 4
617 1
620 1
621 2
622 2
625 3
629 3
630 1
631 4
634 1
635 1
636 3
637 3
638 2
639 2
640 1
641 1
642 4
643 1
644 1
646 2
649 3
651 4
653 1
655 3
656 1
657 2
658 1
659 2
660 2
661 1
662 1
663 1
665 1
666 1
668 2
670 2
671 1
674 2
676 1
677 1
678 3
682 3
683 2
688 1
691 2
692 1
694 3
695 1
698 4
700 1
701 1
702 2
703 2
704 1
705 1
709 2
710 2
711 3
712 1
713 1
714 2
715 3
717 2
718 1
721 1
724 3
725 2
726 1
728 1
730 1
732 1
733 3
734 1
737 1
739 1
741 1
742 1
745 2
749 1
751 1
755 1
756 2
758 1
761 1
763 2
764 1
766 2
769 3
770 1
771 1
772 1
774 1
775 1
776 2
778 1
779 1
783 1
784 1
785 2
791 1
794 1
800 1
802 1
803 2
805 1
806 1
807 1
810 2
813 2
816 2
819 2
821 1
822 1
823 1
825 2
827 1
829 1
830 2
837 1
838 1
843 1
851 1
852 1
854 2
857 1
858 1
859 1
864 1
868 1
870 1
871 1
875 1
876 1
877 2
879 1
882 1
885 1
891 1
899 1
903 1
904 1
907 1
921 1
928 1
933 1
942 1
943 1
945 1
953 3
958 1
959 1
961 1
964 2
972 1
974 2
976 1
979 1
984 1
992 1
998 1
1002 1
1005 1
1009 1
1011 1
1028 2
1048 1
1082 1
1089 1
1107 1
1121 1
1128 1
1136 1
1137 1
1140 1
1191 1
1208 1
1210 1
1216 1
1218 1
