500 3000 50
0 1259819
1 10947
2 5775
3 3333
4 2237
5 1542
6 1148
7 895
8 646
9 552
10 466
11 432
12 389
13 289
14 285
15 286
16 210
17 206
18 218
19 181
20 129
21 142
22 130
23 133
24 113
25 108
26 103
27 101
28 77
29 94
30 81
31 79
32 78
33 69
34 53
35 79
36 61
37 61
38 49
39 65
40 60
41 58
42 48
43 49
44 49
45 40
46 44
47 42
48 37
49 31
50 47
51 37
52 43
53 39
54 30
55 32
56 42
57 27
58 41
59 39
60 35
61 37
62 29
63 31
64 21
65 34
66 31
67 32
68 31
69 32
70 28
71 26
72 16
73 34
74 20
75 15
76 24
77 30
78 24
79 20
80 26
81 12
82 19
83 25
84 20
85 19
86 14
87 16
88 20
89 16
90 10
91 25
92 18
93 18
94 19
95 14
96 13
97 13
98 12
99 15
100 16
101 17
102 11
103 14
104 18
105 16
106 13
107 12
108 26
109 14
110 11
111 8
112 14
113 14
114 9
115 12
116 18
117 16
118 9
119 7
120 19
121 14
122 5
123 6
124 12
125 11
126 17
127 8
128 11
129 11
130 14
131 14
132 14
133 11
134 9
135 11
136 7
137 6
138 12
139 12
140 11
141 5
142 9
143 9
144 5
145 12
146 9
147 2
148 11
149 6
150 7
151 11
152 6
153 12
154 5
155 8
156 8
157 9
158 9
159 10
160 7
161 11
162 6
163 7
164 7
165 9
166 8
167 8
168 7
169 6
170 14
171 7
172 6
173 4
174 4
175 6
176 8
177 6
178 6
179 7
180 9
181 13
182 4
183 11
184 7
185 9
186 1
187 11
188 3
189 10
190 5
191 8
192 9
193 8
194 8
195 1
196 4
197 5
198 6
199 4
200 4
201 1
202 6
203 11
204 9
205 4
206 9
207 4
208 10
209 9
210 11
211 5
212 5
213 5
214 7
215 6
216 6
217 7
218 8
219 5
220 3
221 3
222 6
223 6
224 6
225 7
226 5
227 3
228 6
229 6
230 8
231 7
232 4
233 3
234 7
235 10
236 6
237 3
239 7
240 7
241 7
242 6
243 5
244 6
245 7
246 6
247 4
248 6
249 3
250 3
251 3
252 3
253 5
254 6
255 9
256 6
257 3
258 1
260 4
261 6
262 5
263 2
264 6
265 4
266 11
267 7
268 11
269 7
270 2
271 4
272 4
273 3
274 5
275 6
276 7
277 5
278 5
279 3
280 5
281 5
282 5
283 3
284 4
285 5
286 3
287 10
288 5
289 7
290 3
291 3
292 4
293 5
294 7
295 6
296 6
297 6
298 2
299 2
300 7
301 1
302 7
303 8
304 6
305 3
306 4
307 3
308 6
309 1
310 6
311 4
312 3
313 2
314 6
315 3
316 4
317 2
318 2
319 3
320 3
321 2
322 1
323 5
324 3
325 1
326 5
327 5
328 3
329 1
330 3
331 4
332 6
333 5
334 4
335 3
336 1
337 1
338 2
339 1
340 4
341 2
342 3
343 3
344 3
345 4
346 5
347 4
348 4
349 9
350 5
351 6
352 6
353 3
354 2
355 5
356 5
357 1
358 2
359 5
360 1
361 5
362 4
363 2
364 4
365 5
366 4
367 5
368 1
369 2
370 4
371 5
372 2
373 4
374 1
375 2
377 2
378 5
379 3
380 3
381 1
382 7
383 4
384 4
385 3
386 3
387 6
388 5
389 1
390 3
391 2
392 1
393 4
394 3
395 2
396 6
397 3
398 2
399 2
400 1
401 3
402 4
403 3
404 1
405 2
406 4
408 1
409 2
410 2
411 2
412 5
413 1
414 2
415 5
416 4
417 1
418 1
419 1
420 4
421 6
422 3
423 1
424 3
425 1
426 3
427 5
428 6
429 3
430 4
431 4
432 4
433 4
435 1
437 3
438 6
439 3
440 3
441 1
442 2
443 2
444 3
446 2
447 4
448 5
449 2
450 1
452 2
453 4
454 5
455 5
456 5
457 3
458 2
459 2
460 3
461 1
462 2
463 1
465 1
466 5
467 3
468 3
469 2
470 5
471 1
472 3
473 2
475 3
476 3
477 2
478 5
479 3
480 1
481 4
482 3
483 2
484 4
485 2
486 4
487 4
488 1
489 3
490 1
491 2
492 8
493 4
494 2
495 2
496 2
497 2
498 2
499 1
500 2
501 2
502 2
503 2
504 1
505 4
506 6
507 3
508 2
509 2
510 4
511 3
512 3
513 2
514 2
515 3
516 4
517 4
518 2
519 2
520 2
521 6
522 2
523 3
524 2
525 2
526 2
528 4
529 1
530 1
531 4
532 2
533 2
534 3
535 4
536 1
537 2
538 3
539 1
540 2
541 3
542 1
543 4
544 1
545 3
546 1
547 4
548 4
549 3
550 3
551 2
552 1
553 5
554 1
555 1
556 1
557 2
558 2
559 3
560 1
561 3
562 3
563 6
564 1
565 6
566 2
567 4
569 3
571 2
572 2
573 1
574 2
575 5
576 2
577 3
579 3
581 1
582 3
583 2
584 1
585 2
586 2
588 1
589 2
590 2
591 2
592 4
594 2
595 1
596 3
597 1
598 3
599 2
600 3
601 2
602 1
606 2
607 3
608 1
609 3
610 2
611 2
612 1
613 2
615 2
616 1
617 2
618 1
619 2
620 3
621 4
622 1
623 3
624 3
625 3
626 3
628 1
629 6
630 1
631 5
632 4
633 1
634 1
636 2
637 3
638 3
639 3
640 2
641 1
642 2
643 3
644 4
645 3
646 2
648 2
649 3
650 1
651 1
653 4
654 3
655 1
656 2
657 3
659 3
661 2
662 1
663 2
664 2
665 2
666 2
668 1
669 1
670 3
672 4
673 1
674 3
675 1
676 3
677 2
678 4
679 1
680 2
681 3
685 3
686 2
687 1
688 2
689 2
690 2
691 5
692 2
693 2
694 1
695 2
696 1
697 1
700 1
701 1
702 1
703 1
704 1
705 2
706 2
709 1
710 1
712 3
713 2
714 3
716 3
717 3
718 2
719 1
720 2
723 1
726 1
727 2
729 1
732 4
733 5
736 3
738 1
739 1
741 2
742 5
744 4
745 2
746 1
747 2
748 1
749 2
750 1
751 2
752 3
753 1
754 1
756 1
757 2
758 3
761 1
762 2
764 1
766 2
767 4
768 2
769 1
770 1
771 2
772 1
773 1
774 1
776 1
777 2
778 1
779 2
780 3
781 1
782 2
783 2
784 4
785 2
786 1
788 1
793 3
795 1
796 2
797 1
799 2
800 1
801 1
802 3
803 1
804 1
806 2
807 1
808 3
809 1
810 3
811 3
812 2
813 1
814 1
815 1
816 3
817 1
818 1
819 1
820 1
821 2
822 1
824 1
825 3
826 1
827 2
828 4
829 1
830 1
831 3
833 1
834 2
835 1
837 2
838 3
839 1
840 2
842 3
844 3
845 2
846 1
848 2
853 2
854 1
855 2
856 1
858 2
860 1
861 1
862 2
863 2
864 3
866 2
868 1
869 1
870 2
871 1
872 1
873 1
874 1
875 1
876 2
877 2
878 1
879 2
881 1
882 3
883 1
884 2
885 1
886 3
887 1
888 1
889 1
892 1
893 2
895 2
896 4
898 2
899 1
901 1
902 1
905 1
906 1
908 1
909 1
911 1
914 1
915 1
916 3
917 2
919 4
920 2
921 1
922 1
925 1
927 1
928 1
930 2
931 2
932 2
933 3
934 1
935 2
938 1
941 1
942 2
943 1
944 1
945 1
947 3
953 3
954 1
955 2
956 1
957 2
958 1
960 3
961 1
962 2
963 1
964 3
965 1
967 2
968 1
972 2
973 1
974 2
977 2
978 1
979 1
981 1
982 3
984 1
988 3
989 1
990 2
992 1
994 2
995 1
996 4
1001 2
1002 1
1004 3
1005 1
1010 1
1013 1
1015 1
1017 2
1018 2
1019 1
1021 3
1028 2
1029 1
1031 1
1033 1
1038 1
1040 1
1041 1
1042 1
1050 1
1052 2
1054 2
1056 3
1061 1
1062 1
1063 1
1067 2
1069 2
1072 1
1075 2
1076 1
1078 1
1080 1
1082 1
1085 2
1088 3
1091 1
1095 2
1097 2
1099 1
1100 1
1103 1
1105 2
1106 1
1107 1
1110 1
1113 1
1114 1
1116 3
1122 2
1125 1
1127 2
1131 1
1139 1
1140 1
1141 1
1144 1
1145 1
1146 1
1148 1
1149 1
1153 1
1157 1
1158 1
1159 1
1160 1
1162 2
1163 1
1165 1
1167 1
1169 1
1173 2
1178 1
1179 2
1181 1
1183 1
1189 1
1192 1
1194 1
1201 1
1202 1
1203 1
1204 1
1212 2
1221 1
1222 1
1229 1
1230 1
1233 1
1236 1
1240 1
1242 1
1243 1
1245 1
1248 1
1260 1
1262 1
1263 1
1269 1
1272 1
1277 1
1294 1
1298 1
1303 1
1304 1
1307 1
1309 1
1329 1
1331 1
1355 1
1372 1
1384 1
1411 1
1415 1
1418 1
1441 1
1442 2
