500 3000 50
0 1171848
1 16086
2 13392
3 11175
4 9592
5 8199
6 6973
7 5905
8 5336
9 4666
10 4050
11 3390
12 3094
13 2795
14 2351
15 2118
16 1955
17 1696
18 1460
19 1432
20 1278
21 1242
22 1081
23 977
24 859
25 818
26 712
27 612
28 606
29 563
30 504
31 479
32 445
33 426
34 370
35 368
36 331
37 338
38 315
39 279
40 272
41 240
42 201
43 193
44 208
45 164
46 176
47 164
48 143
49 154
50 127
51 139
52 131
53 144
54 113
55 110
56 114
57 121
58 111
59 110
60 79
61 89
62 84
63 85
64 81
65 76
66 63
67 64
68 71
69 58
70 52
71 53
72 58
73 45
74 57
75 50
76 54
77 34
78 40
79 42
80 48
81 53
82 39
83 32
84 31
85 43
86 40
87 32
88 28
89 43
90 30
91 33
92 30
93 39
94 31
95 33
96 32
97 24
98 25
99 26
100 22
101 28
102 25
103 13
104 22
105 16
106 17
107 15
108 21
109 21
110 19
111 18
112 22
113 12
114 14
115 20
116 24
117 18
118 10
119 10
120 10
121 10
122 11
123 13
124 17
125 17
126 12
127 13
128 10
129 10
130 13
131 10
132 9
133 8
134 12
135 6
136 12
137 7
138 11
139 4
140 13
141 9
142 10
143 9
144 6
145 8
146 8
147 12
148 6
149 6
150 8
151 8
152 6
153 9
154 3
155 8
156 4
157 8
158 5
159 3
160 5
161 6
162 7
163 7
164 4
165 2
166 10
167 7
168 9
169 7
170 4
171 6
172 3
173 6
174 4
175 3
176 3
177 3
178 2
179 8
180 3
181 3
182 6
183 6
184 3
185 7
186 4
187 3
188 3
189 5
190 7
191 6
192 7
193 2
194 3
195 3
196 4
197 7
198 3
199 2
200 3
201 4
202 5
203 5
204 5
205 4
206 1
207 4
208 1
209 2
210 4
211 4
212 2
213 3
214 3
215 3
216 2
217 4
218 5
220 4
221 3
222 1
223 2
224 6
225 1
226 2
227 1
229 2
230 2
232 2
233 3
234 1
235 3
236 1
237 3
238 4
239 4
240 4
241 4
242 2
243 2
244 1
245 2
246 2
247 4
248 5
249 1
250 2
251 3
252 3
253 2
254 1
255 1
256 2
257 2
258 3
259 3
260 1
262 2
263 4
264 2
265 2
266 2
267 2
268 2
269 1
271 1
272 1
273 3
274 2
275 3
276 1
277 1
278 2
282 4
283 3
284 1
286 1
287 2
288 2
289 1
290 1
291 3
292 3
295 3
297 2
300 1
301 1
302 1
303 1
304 2
305 1
306 1
308 1
311 1
312 1
313 1
314 1
316 1
317 1
318 2
320 1
321 1
322 3
323 2
328 3
330 2
332 2
334 3
335 1
338 1
342 1
344 1
347 1
352 2
356 1
361 1
362 1
364 1
370 1
371 1
372 1
373 1
374 1
376 1
379 1
381 1
388 1
393 2
395 1
397 1
402 1
404 1
412 2
413 1
415 1
419 1
423 1
424 1
425 1
428 1
429 1
436 1
438 1
444 1
445 1
456 1
459 1
461 1
469 2
472 1
479 1
480 2
499 1
505 1
510 1
516 1
517 1
545 1
557 1
563 1
575 1
618 1
646 1
