500 3000 50
0 1243294
1 13867
2 8166
3 5282
4 3659
5 2648
6 2013
7 1599
8 1273
9 1097
10 885
11 656
12 613
13 587
14 469
15 468
16 352
17 359
18 299
19 303
20 277
21 247
22 232
23 218
24 175
25 199
26 163
27 146
28 153
29 135
30 138
31 132
32 108
33 90
34 129
35 112
36 86
37 115
38 91
39 70
40 70
41 66
42 70
43 67
44 75
45 68
46 64
47 56
48 55
49 66
50 60
51 49
52 44
53 63
54 56
55 48
56 53
57 59
58 45
59 38
60 38
61 50
62 42
63 39
64 38
65 38
66 34
67 30
68 42
69 30
70 36
71 29
72 28
73 36
74 34
75 32
76 30
77 31
78 32
79 33
80 28
81 40
82 28
83 23
84 38
85 21
86 22
87 34
88 26
89 21
90 25
91 22
92 27
93 25
94 28
95 20
96 16
97 19
98 20
99 23
100 11
101 12
102 17
103 19
104 18
105 21
106 18
107 18
108 21
109 22
110 16
111 19
112 24
113 10
114 14
115 19
116 13
117 15
118 15
119 14
120 12
121 10
122 19
123 19
124 16
125 15
126 16
127 21
128 14
129 6
130 14
131 11
132 18
133 16
134 15
135 16
136 12
137 9
138 16
139 17
140 11
141 12
142 8
143 12
144 6
145 7
146 8
147 8
148 16
149 12
150 10
151 15
152 10
153 11
154 12
155 16
156 14
157 8
158 7
159 11
160 10
161 12
162 10
163 11
164 4
165 9
166 17
167 8
168 13
169 4
170 10
171 11
172 15
173 8
174 8
175 9
176 8
177 9
178 6
179 8
180 8
181 8
182 7
183 9
184 10
185 8
186 6
187 9
188 7
189 6
190 11
191 8
192 8
193 7
194 9
195 9
196 5
197 5
198 12
199 10
200 9
201 8
202 6
203 6
204 7
205 15
206 14
207 9
208 13
209 8
210 6
211 3
212 6
213 7
214 14
215 7
216 2
217 9
218 6
219 11
220 4
221 5
222 6
223 7
224 3
225 6
226 5
227 6
228 8
229 5
230 4
231 2
232 6
233 4
234 2
235 8
236 8
237 8
238 6
239 5
240 6
241 4
242 6
243 7
244 4
245 5
246 9
247 3
248 10
249 8
250 6
251 1
252 6
253 2
254 4
255 6
256 8
257 3
258 4
259 7
260 8
261 7
262 7
263 2
264 6
265 6
266 6
267 4
268 6
269 2
270 9
271 5
272 7
273 3
274 5
275 6
276 6
277 4
278 3
279 6
280 2
281 5
282 3
283 7
284 5
285 5
286 6
287 3
288 4
289 2
290 2
291 7
292 3
293 4
294 4
295 7
296 4
297 4
298 6
299 7
301 5
302 5
303 4
304 3
305 1
306 6
307 9
308 5
309 4
310 7
311 4
312 3
313 3
314 5
315 5
316 2
317 3
318 6
319 6
320 5
321 2
322 1
323 4
324 5
325 7
326 1
327 3
328 6
329 2
330 4
331 2
332 3
333 7
334 4
335 4
336 5
337 4
338 5
339 3
340 7
341 1
342 3
343 1
344 3
345 2
346 4
347 5
348 4
349 1
350 1
351 1
352 3
353 3
354 3
355 2
356 2
357 3
358 3
359 2
360 5
361 4
362 3
363 8
364 3
365 6
366 4
367 3
368 5
369 6
370 3
371 5
372 2
373 5
374 3
375 2
376 2
377 7
378 6
379 5
380 5
381 4
382 2
383 6
384 5
385 2
386 5
387 2
388 2
389 6
390 5
391 3
392 2
393 3
394 1
395 4
396 4
397 3
398 3
399 6
400 4
401 8
402 4
403 3
404 2
405 4
406 3
407 1
408 3
409 4
410 3
411 5
412 3
413 3
414 4
415 2
416 2
417 3
418 6
419 5
420 1
422 3
423 4
424 2
425 4
426 2
427 2
428 5
429 6
430 4
431 4
432 2
433 4
434 2
435 3
436 3
437 2
438 2
439 5
440 2
441 6
442 3
443 1
444 1
445 2
446 5
447 1
448 4
449 5
450 4
451 1
452 1
453 2
454 1
455 2
456 2
457 3
458 3
459 3
460 2
461 2
462 1
463 3
464 2
465 2
467 1
468 3
469 4
470 4
471 1
472 2
473 3
474 4
475 3
476 3
477 1
478 3
479 1
480 2
481 2
482 1
483 3
484 2
485 1
487 1
488 2
489 4
490 2
491 1
492 2
493 5
495 2
496 2
497 2
498 3
499 3
500 1
502 3
503 1
504 2
505 1
506 2
507 2
508 3
509 4
510 4
511 3
514 2
515 4
516 3
519 3
520 2
521 1
522 1
523 2
524 3
525 2
526 1
527 4
529 1
530 2
531 3
532 2
533 4
534 3
535 4
536 1
537 1
538 1
539 3
540 1
541 4
542 2
543 5
544 1
545 3
546 3
547 4
548 2
549 3
550 5
551 1
552 4
553 1
554 3
555 2
556 1
557 3
558 4
560 3
561 2
562 2
563 2
565 1
566 1
567 2
568 2
569 1
570 5
571 3
572 2
573 1
574 1
575 2
576 3
577 2
579 1
580 1
581 1
582 2
583 2
584 1
585 4
586 4
588 1
589 2
590 1
591 2
592 2
595 2
596 3
599 1
600 1
602 2
603 2
604 2
605 1
606 1
607 2
608 3
610 2
611 1
612 2
615 1
619 3
620 4
621 2
622 3
623 4
624 3
625 5
626 3
628 2
629 1
630 1
631 3
632 2
633 1
634 1
635 4
636 2
637 2
638 3
639 2
641 5
642 4
643 1
644 2
645 3
646 3
648 1
649 2
651 1
653 1
654 3
655 4
656 4
657 1
658 2
661 1
662 2
663 1
665 3
667 2
668 2
671 1
672 1
673 2
675 1
677 3
678 2
680 1
681 2
682 2
683 2
684 1
685 2
686 1
687 1
688 2
689 4
691 5
693 3
694 1
695 1
697 2
698 2
699 3
700 1
701 1
702 1
703 1
704 2
705 1
706 1
707 1
708 2
709 1
712 1
713 1
715 4
716 1
718 1
719 1
720 5
722 1
723 2
724 1
725 1
726 1
727 3
729 2
731 1
732 3
733 3
735 1
736 1
737 1
738 2
739 1
741 1
742 1
743 1
744 1
745 1
746 4
747 2
748 1
749 2
750 1
751 5
753 2
754 1
755 2
756 3
757 2
758 1
763 4
764 2
765 1
766 1
767 1
768 1
769 2
770 3
773 1
774 2
778 1
779 1
780 4
782 1
783 2
784 2
787 3
789 1
790 1
791 1
792 1
796 1
797 1
798 1
799 1
800 1
801 1
802 2
803 1
805 4
806 1
807 1
808 1
809 1
810 4
811 2
813 1
814 3
815 1
816 2
817 2
818 1
819 1
820 1
821 2
823 1
824 2
826 1
827 1
829 1
830 2
831 1
832 1
833 1
834 1
837 1
841 1
843 3
845 1
847 1
850 1
852 2
854 1
857 1
859 1
861 1
862 1
864 3
865 1
866 3
867 1
869 1
870 1
872 1
874 3
878 1
879 1
881 1
882 2
883 1
884 1
887 3
888 2
889 1
891 1
893 1
895 1
897 1
898 2
903 1
905 1
906 1
907 1
909 3
910 1
913 2
914 1
915 1
916 2
917 1
918 1
920 1
925 1
926 1
930 1
932 1
938 1
939 1
940 2
941 1
942 1
943 1
944 2
946 1
948 1
951 1
956 1
959 1
960 1
963 2
965 1
967 1
973 1
974 2
975 1
976 1
977 2
980 1
981 1
983 1
986 2
989 1
990 1
991 2
994 1
996 3
999 1
1001 1
1002 1
1003 1
1005 1
1007 1
1010 1
1018 1
1022 1
1025 1
1030 1
1031 1
1037 1
1038 2
1039 1
1040 1
1041 1
1044 1
1047 1
1049 2
1051 1
1052 1
1053 1
1054 2
1055 1
1062 1
1067 1
1075 1
1078 1
1081 1
1083 1
1084 1
1086 1
1087 1
1090 1
1098 1
1104 1
1108 1
1109 1
1113 1
1118 1
1119 1
1121 1
1125 1
1126 1
1133 1
1134 1
1145 1
1154 1
1157 1
1172 1
1173 1
1178 1
1193 1
1194 1
1198 1
1204 1
1227 1
1243 1
1249 1
1253 1
1269 1
1295 1
1317 1
1318 1
1336 1
1348 1
1349 1
1392 1
