500 3000 50
0 1149061
1 18294
2 15549
3 13465
4 11600
5 9930
6 8517
7 7370
8 6578
9 5614
10 5061
11 4483
12 3898
13 3574
14 3083
15 2719
16 2455
17 2203
18 1933
19 1769
20 1602
21 1403
22 1299
23 1137
24 1045
25 946
26 839
27 754
28 717
29 667
30 580
31 546
32 520
33 502
34 439
35 360
36 363
37 343
38 283
39 261
40 270
41 238
42 266
43 202
44 205
45 180
46 163
47 150
48 136
49 138
50 133
51 109
52 123
53 106
54 100
55 82
56 71
57 81
58 77
59 74
60 67
61 57
62 78
63 56
64 62
65 43
66 59
67 53
68 47
69 54
70 47
71 35
72 40
73 37
74 34
75 34
76 37
77 30
78 35
79 30
80 18
81 27
82 16
83 19
84 19
85 27
86 21
87 20
88 21
89 21
90 18
91 16
92 15
93 14
94 11
95 19
96 14
97 15
98 15
99 11
100 12
101 9
102 10
103 13
104 10
105 9
106 9
107 7
108 11
109 7
110 11
111 8
112 13
113 5
114 8
115 8
116 5
117 14
118 7
119 5
120 3
121 3
122 8
123 3
124 7
125 5
126 3
127 5
128 8
129 4
130 8
131 2
132 6
133 6
134 4
135 4
136 1
137 8
138 4
139 5
140 1
141 6
142 3
143 4
144 1
145 2
146 2
147 5
148 5
149 1
150 4
151 2
152 5
153 2
154 1
155 3
156 6
157 1
158 3
160 5
161 3
162 3
163 2
164 4
165 1
166 4
167 2
168 3
169 3
171 1
172 3
173 1
174 4
175 2
176 2
177 1
179 2
180 2
181 1
182 2
183 1
184 1
186 3
187 1
190 1
193 1
194 1
198 1
201 3
203 1
204 2
205 3
207 1
209 2
210 1
212 2
213 1
215 1
216 1
217 1
219 1
220 1
222 1
229 2
231 2
233 1
236 1
238 1
241 1
242 1
243 2
244 1
249 2
250 1
252 1
255 1
257 1
262 2
265 1
268 2
270 1
279 1
280 1
281 2
290 1
296 1
301 1
304 1
339 1
342 1
358 1
418 1
