500 3000 50
0 1280550
1 4877
2 2063
3 1102
4 701
5 497
6 348
7 306
8 255
9 197
10 186
11 155
12 120
13 138
14 119
15 107
16 93
17 84
18 75
19 74
20 61
21 59
22 49
23 54
24 47
25 40
26 45
27 31
28 41
29 45
30 45
31 35
32 43
33 36
34 26
35 32
36 25
37 26
38 28
39 23
40 29
41 28
42 29
43 28
44 25
45 23
46 21
47 13
48 27
49 29
50 24
51 12
52 30
53 21
54 22
55 13
56 19
57 21
58 15
59 15
60 17
61 13
62 15
63 15
64 14
65 11
66 13
67 14
68 15
69 19
70 15
71 19
72 9
73 11
74 13
75 15
76 15
77 10
78 8
79 9
80 9
81 10
82 10
83 10
84 7
85 9
86 8
87 11
88 18
89 13
90 10
91 10
92 9
93 20
94 7
95 10
96 5
97 11
98 5
99 5
100 9
101 7
102 4
103 11
104 13
105 7
106 7
107 5
108 8
109 2
110 9
111 8
112 19
113 10
114 13
115 7
116 7
117 4
118 13
119 5
120 8
121 17
122 6
123 9
124 6
125 8
126 6
127 7
128 6
129 6
130 9
131 5
132 9
133 5
134 8
135 9
136 3
137 5
138 3
139 8
140 7
141 4
142 5
143 4
144 9
145 8
146 4
147 10
148 1
149 3
150 6
151 8
152 9
153 3
154 1
155 8
156 5
157 8
158 4
159 7
160 7
161 10
162 6
163 8
164 5
165 3
166 1
167 4
168 3
169 8
170 5
171 9
172 3
173 9
174 4
175 4
176 6
177 1
178 3
179 5
180 6
181 11
182 6
183 7
184 3
185 2
186 5
187 8
188 8
189 3
190 6
191 6
192 1
193 4
194 6
195 3
196 1
197 3
198 3
199 3
200 6
201 1
202 6
203 5
204 6
205 3
206 1
207 5
208 5
209 5
210 3
211 7
212 5
213 4
214 3
215 3
216 5
217 2
219 3
220 1
221 3
222 7
223 4
224 8
225 4
226 3
227 2
228 4
229 8
230 3
231 3
232 2
233 2
234 3
235 1
236 8
237 2
238 3
240 2
241 5
242 7
243 4
244 4
245 2
246 1
247 3
248 2
249 5
250 3
251 6
252 3
253 6
254 2
255 2
256 3
257 3
258 6
259 10
260 4
261 2
262 4
263 3
264 2
265 8
266 4
267 2
268 1
269 4
270 5
271 3
272 4
273 7
274 6
275 5
276 6
277 4
278 3
279 3
280 2
281 3
282 1
283 2
284 2
285 3
286 1
287 1
288 3
289 1
290 3
291 4
292 2
293 3
294 1
295 4
296 3
297 2
298 3
299 4
300 4
301 1
302 5
303 2
304 2
305 5
306 1
307 2
308 3
309 5
310 2
311 3
312 5
313 4
314 2
315 2
316 3
317 7
318 2
319 5
320 4
321 2
322 4
323 2
324 1
325 4
326 3
327 2
328 3
329 4
330 1
331 2
332 1
333 3
334 4
335 4
336 3
337 1
338 5
339 3
340 3
341 4
342 6
343 1
344 1
345 2
346 3
347 4
348 5
349 2
350 3
351 1
352 5
353 1
354 2
355 5
356 3
357 3
358 2
359 1
360 1
361 1
362 1
363 6
364 4
366 2
367 2
368 2
369 2
370 2
371 5
372 4
373 1
374 2
375 2
376 3
377 1
378 3
379 9
380 3
381 1
382 3
383 3
384 3
385 4
386 3
387 2
388 5
389 3
391 1
392 1
393 1
394 3
395 1
396 3
397 1
398 1
399 3
400 6
401 1
402 2
403 1
404 1
405 2
406 1
407 1
408 1
409 3
410 3
411 1
412 2
413 1
414 2
415 3
416 4
417 4
418 1
419 1
420 2
421 2
422 3
423 1
424 3
425 6
426 2
427 1
428 5
429 2
430 1
431 2
432 1
433 3
434 2
435 3
436 3
437 1
438 1
439 4
440 3
441 1
442 1
443 4
444 4
445 2
446 4
447 6
448 6
449 5
450 3
451 2
452 2
453 4
454 1
455 1
456 1
458 2
459 4
460 2
461 3
462 2
463 7
464 3
465 1
467 4
469 4
470 2
471 1
472 3
473 4
475 1
476 5
477 4
478 2
479 2
480 2
481 1
482 1
483 3
484 2
485 1
486 5
487 2
488 1
489 5
490 1
491 1
492 2
493 2
494 2
495 2
496 4
497 1
499 2
500 3
501 1
502 2
503 4
504 3
505 3
506 1
507 4
509 2
510 4
511 2
512 1
513 2
514 1
515 3
516 4
518 1
519 5
520 2
521 2
522 1
523 2
524 1
525 3
527 1
529 5
530 1
531 2
532 4
533 2
534 1
535 5
536 2
537 2
538 3
540 4
541 3
542 3
543 4
544 2
545 2
546 2
547 2
548 3
549 1
550 5
551 2
552 2
553 3
554 3
555 1
556 3
557 5
558 2
559 1
560 1
562 3
563 3
564 3
565 1
568 1
569 1
570 5
571 2
573 2
574 1
575 2
576 1
577 2
578 1
579 1
580 2
582 2
583 1
584 3
586 3
587 2
589 2
590 1
591 2
592 2
593 1
594 2
595 3
596 3
597 1
598 1
599 1
600 4
601 1
602 3
603 3
604 1
607 4
608 3
609 2
610 3
611 1
612 5
613 3
614 4
615 3
617 1
618 2
619 1
620 8
621 3
622 2
623 6
625 2
626 3
627 1
628 4
629 1
631 4
634 1
635 1
636 4
637 1
638 5
639 2
640 2
642 4
643 1
644 1
645 2
646 1
647 5
648 1
649 2
650 2
651 2
652 1
653 5
655 3
656 2
657 1
658 1
659 4
661 2
663 1
664 4
666 2
667 1
668 2
669 3
670 2
671 2
672 2
673 1
674 2
675 3
677 4
678 2
679 1
680 2
681 2
682 3
683 4
684 2
685 2
686 2
687 1
688 2
690 2
692 3
694 3
695 1
696 4
697 1
698 2
699 3
700 2
701 3
702 2
703 1
704 2
705 2
706 1
707 2
709 2
710 2
711 4
713 3
714 3
715 3
717 2
718 2
719 1
720 1
721 2
722 2
724 1
725 1
726 1
727 2
728 2
731 1
734 2
735 2
736 6
737 2
738 1
739 2
741 2
742 3
743 2
744 1
745 2
746 1
747 1
748 2
749 1
750 1
751 2
752 1
754 2
755 1
756 2
757 2
759 1
760 1
761 3
762 2
763 1
764 2
765 5
766 2
767 2
768 1
769 3
770 2
771 3
773 4
774 2
777 2
778 1
779 1
780 3
782 3
784 1
785 2
786 1
787 1
788 2
790 2
791 2
792 1
793 1
794 3
795 2
796 1
797 2
798 1
799 2
800 3
802 1
803 2
804 3
805 2
806 2
809 1
810 2
811 1
813 5
815 1
818 3
821 2
822 1
824 3
825 2
827 2
828 4
829 1
830 1
832 2
834 1
836 3
837 2
838 3
839 3
840 1
841 1
843 1
844 1
845 1
846 2
848 2
849 1
851 4
853 2
855 2
856 1
859 2
860 3
862 5
863 2
865 3
866 1
867 1
869 3
870 2
871 1
872 1
873 2
874 1
875 2
877 1
878 3
880 1
881 4
882 1
883 4
884 2
885 1
886 1
887 2
888 1
889 1
891 3
893 1
894 4
896 2
898 1
900 1
901 3
903 1
904 5
906 1
907 1
908 2
909 2
911 3
912 4
913 2
914 3
915 1
917 2
918 6
919 1
920 6
921 2
922 3
923 1
924 4
926 2
929 2
930 4
931 3
932 2
933 1
934 5
935 1
938 1
939 1
940 3
941 3
943 1
944 1
945 1
946 2
948 1
949 2
950 1
951 1
952 2
953 1
954 2
955 1
956 1
957 2
960 1
961 1
963 4
964 1
967 1
968 3
969 2
972 3
973 4
974 1
975 1
976 1
977 2
978 1
979 1
980 1
981 1
984 3
985 1
986 1
990 1
991 3
993 2
994 2
995 2
996 2
997 1
998 2
999 1
1001 1
1002 1
1004 1
1005 2
1007 4
1008 1
1010 3
1011 1
1016 3
1017 1
1018 2
1019 1
1020 1
1022 2
1023 1
1025 1
1026 1
1027 1
1029 1
1030 2
1031 3
1032 1
1033 1
1034 2
1036 2
1039 3
1045 1
1047 1
1050 2
1051 1
1055 1
1056 1
1058 2
1059 1
1061 2
1062 1
1063 3
1064 1
1066 2
1067 1
1072 2
1073 1
1074 2
1077 2
1080 1
1084 3
1085 2
1086 2
1088 3
1090 1
1091 1
1092 1
1094 1
1101 3
1102 2
1104 2
1106 1
1107 1
1108 1
1109 2
1110 3
1111 1
1112 1
1113 1
1114 1
1115 1
1116 1
1117 2
1118 1
1119 1
1122 2
1123 2
1124 1
1125 4
1128 2
1129 1
1130 1
1131 1
1134 1
1136 1
1139 1
1140 1
1141 2
1142 3
1143 3
1144 3
1145 1
1146 1
1149 1
1150 1
1152 1
1153 3
1156 1
1159 3
1161 2
1164 1
1165 2
1166 1
1168 1
1169 2
1171 1
1173 1
1174 2
1176 2
1180 2
1182 2
1186 1
1187 1
1188 2
1189 2
1190 2
1193 1
1194 2
1195 1
1196 2
1197 2
1199 1
1201 3
1204 1
1206 2
1208 2
1209 2
1213 1
1215 2
1216 2
1217 1
1219 1
1221 2
1223 1
1224 1
1226 1
1227 1
1229 1
1231 1
1232 3
1233 2
1242 1
1244 1
1247 1
1248 2
1250 1
1253 2
1254 1
1255 1
1260 1
1263 1
1264 2
1265 1
1267 1
1271 2
1278 2
1279 1
1280 1
1281 2
1282 1
1284 1
1285 1
1287 4
1288 1
1290 1
1292 1
1295 1
1296 3
1297 1
1299 1
1301 1
1303 1
1304 1
1306 2
1308 1
1309 1
1311 1
1317 1
1318 2
1319 3
1320 1
1321 1
1323 1
1330 1
1333 1
1336 1
1347 1
1356 2
1358 1
1366 1
1368 1
1370 1
1371 1
1375 4
1380 1
1382 2
1388 1
1394 1
1400 1
1402 1
1403 1
1404 1
1409 1
1411 1
1415 1
1429 1
1431 1
1437 1
1440 1
1449 1
1452 1
1457 1
1460 1
1470 1
1474 3
1484 1
1485 1
1487 1
1488 2
1489 1
1498 1
