500 3000 50
0 1065878
1 36412
2 30416
3 25340
4 21585
5 18161
6 15133
7 12854
8 10742
9 9087
10 7631
11 6561
12 5553
13 4660
14 3916
15 3268
16 2895
17 2390
18 2055
19 1773
20 1461
21 1246
22 1094
23 890
24 760
25 669
26 514
27 524
28 406
29 312
30 290
31 252
32 217
33 200
34 193
35 151
36 126
37 111
38 91
39 102
40 72
41 53
42 46
43 45
44 32
45 19
46 32
47 28
48 12
49 18
50 19
51 20
52 19
53 8
54 11
55 9
56 9
57 1
58 6
59 3
60 5
61 2
62 5
63 1
64 1
65 1
66 1
67 3
68 2
70 2
71 1
73 1
79 1
82 1
83 1
84 1
101 1
103 1
