500 3000 50
0 1088015
1 30341
2 25403
3 21967
4 18536
5 15818
6 13357
7 11660
8 10024
9 8418
10 7212
11 6242
12 5251
13 4550
14 3894
15 3354
16 2970
17 2567
18 2171
19 1955
20 1573
21 1432
22 1287
23 1024
24 940
25 789
26 700
27 614
28 505
29 456
30 394
31 332
32 293
33 280
34 243
35 206
36 177
37 150
38 156
39 136
40 100
41 111
42 99
43 89
44 61
45 56
46 47
47 40
48 43
49 45
50 34
51 21
52 31
53 25
54 18
55 22
56 17
57 9
58 12
59 14
60 12
61 12
62 8
63 8
64 5
65 9
66 12
67 5
68 3
69 6
70 7
71 2
72 5
73 5
75 3
76 7
77 1
78 1
79 1
80 1
81 1
82 1
84 3
86 1
90 1
94 1
95 1
98 1
100 1
116 1
119 1
