500 3000 50
0 1136326
1 19821
2 17387
3 14730
4 12811
5 11139
6 9767
7 8325
8 7269
9 6358
10 5674
11 4892
12 4310
13 3830
14 3331
15 2969
16 2685
17 2395
18 2146
19 1875
20 1635
21 1447
22 1377
23 1271
24 1079
25 918
26 861
27 821
28 689
29 617
30 588
31 538
32 510
33 416
34 406
35 391
36 327
37 296
38 306
39 258
40 269
41 230
42 206
43 185
44 173
45 163
46 166
47 126
48 128
49 95
50 105
51 102
52 88
53 94
54 89
55 72
56 60
57 64
58 66
59 56
60 47
61 45
62 41
63 40
64 37
65 44
66 35
67 44
68 33
69 41
70 36
71 32
72 19
73 23
74 27
75 20
76 24
77 24
78 16
79 13
80 16
81 14
82 17
83 20
84 12
85 13
86 13
87 11
88 12
89 13
90 12
91 12
92 9
93 10
94 10
95 13
96 3
97 12
98 4
99 6
100 8
101 5
102 6
103 3
104 5
105 5
106 6
107 4
108 3
109 6
110 5
111 2
112 4
113 2
114 3
115 5
116 3
117 5
118 7
119 2
120 4
121 2
122 4
123 8
124 4
125 3
126 5
127 3
129 1
130 3
131 5
133 4
134 4
137 2
139 2
140 1
141 1
142 2
143 2
144 1
145 1
146 2
147 2
148 2
149 2
150 1
153 1
157 2
159 1
160 1
161 1
162 1
164 3
165 1
167 3
169 2
170 2
171 2
175 3
176 2
177 1
178 1
182 1
183 3
184 1
185 1
186 1
188 1
192 1
193 1
200 2
203 1
204 1
205 2
206 1
212 1
216 1
219 1
237 1
246 1
264 1
292 1
