500 3000 50
0 1160842
1 16860
2 14521
3 12128
4 10300
5 9059
6 7831
7 6734
8 5794
9 5107
10 4538
11 3996
12 3510
13 3148
14 2738
15 2406
16 2220
17 1955
18 1743
19 1643
20 1447
21 1307
22 1120
23 1082
24 950
25 901
26 848
27 704
28 646
29 646
30 530
31 548
32 520
33 460
34 394
35 363
36 321
37 365
38 305
39 290
40 266
41 234
42 245
43 229
44 192
45 193
46 192
47 169
48 149
49 153
50 141
51 134
52 102
53 111
54 115
55 111
56 117
57 106
58 82
59 108
60 82
61 70
62 78
63 67
64 66
65 66
66 58
67 67
68 62
69 51
70 49
71 45
72 43
73 56
74 46
75 52
76 50
77 48
78 35
79 43
80 36
81 36
82 29
83 33
84 39
85 29
86 33
87 24
88 15
89 24
90 27
91 26
92 31
93 22
94 21
95 15
96 21
97 16
98 20
99 22
100 17
101 12
102 14
103 14
104 14
105 10
106 15
107 13
108 7
109 15
110 16
111 11
112 14
113 10
114 4
115 20
116 13
117 17
118 7
119 9
120 10
121 8
122 14
123 8
124 6
125 12
126 13
127 9
128 6
129 6
130 5
131 8
132 5
133 7
134 6
135 3
136 6
137 12
138 8
139 7
140 3
141 5
142 7
143 5
144 8
145 5
146 7
147 6
148 3
149 3
150 2
151 9
152 9
153 5
154 6
155 3
156 8
157 2
158 3
159 5
160 3
161 2
162 5
163 3
164 3
165 5
166 5
167 3
168 2
169 8
170 3
171 4
172 1
173 5
174 3
175 1
176 4
177 1
178 4
179 3
180 6
182 5
183 3
184 6
185 4
186 3
187 2
188 3
189 4
190 1
191 1
192 1
193 5
195 2
196 5
197 3
198 2
199 2
200 7
201 3
202 4
203 3
204 1
205 2
206 3
207 1
208 2
209 3
210 2
211 2
212 1
214 1
215 2
216 2
218 2
219 1
221 1
222 2
224 3
225 1
226 2
228 1
229 1
230 3
231 2
233 1
235 3
236 2
237 2
238 1
239 2
240 3
241 2
242 4
243 2
247 2
248 1
250 1
251 1
254 1
258 1
259 2
260 2
261 2
262 2
263 1
267 3
269 2
281 2
282 1
286 2
289 1
290 1
291 1
292 1
295 1
296 1
298 2
300 1
301 1
302 2
304 1
305 1
309 1
310 1
312 1
313 1
315 1
321 1
327 1
335 1
349 1
350 1
355 2
357 1
358 1
359 2
369 1
374 1
388 1
389 1
392 1
397 1
407 1
408 1
421 1
434 1
451 1
481 1
553 1
