500 3000 50
0 1213517
1 15432
2 11158
3 8448
4 6388
5 5024
6 4064
7 3227
8 2698
9 2268
10 1923
11 1700
12 1461
13 1286
14 1091
15 1001
16 850
17 791
18 606
19 629
20 572
21 523
22 446
23 425
24 420
25 376
26 349
27 319
28 300
29 296
30 261
31 267
32 231
33 226
34 193
35 199
36 185
37 182
38 165
39 164
40 167
41 144
42 141
43 138
44 122
45 126
46 126
47 103
48 105
49 99
50 113
51 98
52 75
53 83
54 64
55 82
56 82
57 79
58 72
59 65
60 58
61 66
62 60
63 63
64 58
65 59
66 57
67 51
68 63
69 58
70 47
71 61
72 65
73 44
74 46
75 56
76 46
77 37
78 43
79 37
80 33
81 49
82 37
83 51
84 50
85 44
86 35
87 29
88 25
89 37
90 39
91 39
92 35
93 33
94 28
95 23
96 23
97 35
98 24
99 32
100 25
101 36
102 26
103 34
104 27
105 28
106 34
107 23
108 25
109 28
110 28
111 23
112 21
113 26
114 20
115 20
116 22
117 15
118 25
119 18
120 19
121 25
122 33
123 27
124 17
125 20
126 14
127 13
128 13
129 11
130 12
131 19
132 15
133 14
134 12
135 13
136 16
137 22
138 16
139 11
140 13
141 16
142 18
143 12
144 16
145 23
146 11
147 14
148 10
149 16
150 14
151 12
152 9
153 20
154 3
155 12
156 15
157 17
158 14
159 6
160 6
161 13
162 6
163 13
164 14
165 12
166 11
167 13
168 14
169 7
170 9
171 11
172 11
173 11
174 10
175 9
176 6
177 8
178 15
179 14
180 14
181 8
182 13
183 9
184 8
185 9
186 9
187 16
188 8
189 10
190 6
191 8
192 11
193 6
194 15
195 11
196 9
197 5
198 6
199 8
200 7
201 10
202 10
203 8
204 9
205 9
206 12
207 11
208 10
209 6
210 7
211 3
212 11
213 8
214 8
215 3
216 5
217 4
218 8
219 4
220 5
221 5
222 7
223 3
224 9
225 3
226 10
227 6
228 8
229 3
230 4
231 7
232 5
233 4
234 8
235 10
236 3
237 6
238 9
239 11
240 8
241 4
242 3
243 3
244 4
245 6
246 5
247 4
248 6
249 5
250 6
251 7
252 2
253 6
254 2
255 6
256 3
257 3
258 4
259 4
260 4
261 6
262 4
263 7
264 4
265 10
266 5
267 8
268 6
269 4
270 7
271 3
272 8
273 4
274 6
275 4
276 2
277 8
278 5
279 3
280 6
281 6
282 2
283 4
284 3
285 2
286 4
287 7
289 4
290 7
291 6
292 2
293 7
294 1
295 3
296 2
297 2
298 6
299 5
300 7
301 6
302 6
303 5
304 3
305 6
306 5
307 3
309 4
310 1
311 2
312 4
313 2
314 4
315 4
316 3
317 2
318 5
319 2
320 3
321 5
322 2
323 6
324 8
325 3
326 4
327 6
328 3
329 3
330 3
331 8
332 5
333 3
334 4
335 2
336 3
337 3
338 4
339 1
340 4
342 2
343 4
344 4
345 2
346 3
347 5
348 6
350 4
351 4
352 3
353 4
354 2
356 6
357 3
358 1
359 5
360 2
361 3
362 7
363 5
364 2
365 2
366 2
367 4
369 2
370 4
371 4
372 6
373 4
374 1
375 3
376 4
377 3
378 1
379 6
380 3
381 1
382 1
383 1
384 3
385 4
386 3
387 4
388 1
389 8
390 5
391 1
392 3
393 4
394 3
395 4
397 2
398 6
399 1
400 3
401 1
402 2
403 2
404 4
405 3
407 2
408 5
409 6
410 4
411 1
412 1
414 2
415 3
416 2
417 3
418 3
419 2
420 1
422 1
423 1
424 1
425 2
427 3
428 3
429 4
430 1
431 2
432 1
434 1
437 3
438 1
439 1
440 3
441 2
442 1
443 1
444 6
445 1
448 3
449 1
450 2
452 2
453 1
454 1
456 2
457 1
458 2
459 2
460 1
461 1
463 1
466 1
468 1
469 4
470 1
471 1
472 1
473 2
474 2
475 3
476 1
477 1
478 4
480 2
481 1
482 3
483 1
484 2
485 3
486 1
487 1
488 2
490 1
491 2
492 3
493 4
494 1
496 2
500 5
501 2
502 4
504 2
505 1
506 2
507 3
508 2
509 4
510 1
511 2
514 1
517 1
518 1
519 3
521 1
522 2
523 2
524 1
525 2
526 3
528 2
529 2
530 1
531 1
533 3
534 2
535 1
536 3
537 1
538 1
539 1
541 1
542 1
543 3
544 1
545 1
546 4
547 2
548 1
549 3
550 2
552 2
553 1
555 2
556 1
557 3
558 3
559 1
561 2
562 1
563 1
564 4
565 1
567 2
568 1
569 1
570 1
571 1
572 1
573 1
574 2
576 2
577 3
578 1
580 1
582 1
585 2
586 1
588 4
589 1
590 1
591 2
592 2
594 2
596 2
597 2
598 1
599 1
600 1
601 1
602 2
603 2
604 2
605 1
606 1
608 1
609 3
610 2
611 3
612 2
614 1
616 2
618 1
620 2
621 2
622 1
623 3
626 1
627 1
629 1
633 1
635 2
636 1
637 1
638 1
639 2
641 1
643 1
648 1
649 1
650 2
651 1
652 1
654 2
655 2
659 1
660 2
662 1
663 2
664 1
665 2
666 1
668 2
670 1
675 1
676 1
677 3
684 2
686 1
687 1
689 1
692 1
694 1
695 1
697 1
699 1
702 1
705 1
706 1
709 2
710 1
711 1
714 2
717 1
725 4
726 1
727 1
730 1
735 1
736 1
742 2
744 2
747 2
755 1
758 1
760 2
763 1
767 1
768 1
774 2
779 1
787 1
792 1
794 1
795 1
797 1
798 1
808 1
809 1
810 1
811 1
813 1
814 1
825 1
831 1
839 1
846 1
849 1
855 1
857 1
860 1
867 1
872 2
877 1
883 1
886 1
890 1
894 1
896 1
897 1
898 1
899 1
900 1
910 1
911 2
919 1
923 2
925 1
931 1
942 1
980 1
986 2
1002 1
1005 1
1068 1
1078 1
1080 1
1082 1
1102 1
1103 1
1116 1
1125 1
