500 3000 50
0 1276899
1 6217
2 2618
3 1582
4 889
5 613
6 486
7 346
8 300
9 273
10 219
11 201
12 171
13 157
14 124
15 137
16 100
17 100
18 93
19 93
20 95
21 68
22 68
23 68
24 51
25 50
26 64
27 54
28 54
29 49
30 44
31 52
32 36
33 36
34 33
35 38
36 35
37 42
38 30
39 28
40 36
41 25
42 34
43 25
44 28
45 26
46 18
47 26
48 25
49 26
50 20
51 27
52 19
53 21
54 23
55 20
56 15
57 17
58 21
59 23
60 39
61 24
62 16
63 15
64 16
65 16
66 15
67 8
68 22
69 13
70 20
71 16
72 16
73 16
74 16
75 25
76 11
77 14
78 16
79 13
80 16
81 16
82 12
83 10
84 15
85 13
86 12
87 8
88 13
89 11
90 11
91 10
92 9
93 12
94 14
95 14
96 12
97 6
98 10
99 11
100 6
101 6
102 7
103 5
104 10
105 11
106 10
107 15
108 10
109 9
110 5
111 13
112 9
113 10
114 8
115 4
116 7
117 7
118 11
119 7
120 12
121 8
122 4
123 6
124 13
125 11
126 5
127 12
128 10
129 6
130 8
131 10
132 11
133 9
134 14
135 5
136 5
137 5
138 4
139 11
140 5
141 7
142 8
143 6
144 7
145 7
146 6
147 12
148 4
149 2
150 7
151 6
152 3
153 6
154 8
155 3
156 9
157 6
158 7
159 2
160 6
161 14
162 4
163 5
164 6
165 7
166 6
167 6
168 8
169 3
170 8
171 7
172 9
173 5
174 2
175 7
176 6
177 8
178 5
179 6
180 12
181 6
182 2
183 5
184 6
185 7
186 6
187 5
188 5
189 8
190 2
191 4
192 7
193 4
194 3
195 4
196 6
197 5
198 1
199 5
200 3
201 8
202 3
203 2
204 5
205 4
206 7
207 6
208 2
209 3
210 3
211 4
212 5
213 3
214 2
215 9
216 4
217 5
218 4
219 2
220 4
221 3
222 3
223 9
224 6
225 4
226 2
227 1
228 5
229 10
230 3
231 2
232 2
233 5
234 4
235 2
236 1
237 3
238 5
239 6
240 3
241 1
242 5
243 3
244 4
245 4
246 2
247 8
248 5
249 6
250 6
251 3
252 4
253 6
255 1
256 3
257 8
258 4
259 4
260 4
261 2
262 3
263 2
264 1
265 5
266 4
267 2
268 1
269 3
270 3
271 4
272 4
273 5
274 3
275 4
276 2
277 5
278 7
279 2
280 5
281 7
282 3
283 3
284 2
285 2
286 3
287 2
288 3
289 3
290 3
291 2
292 3
293 1
294 3
295 4
296 2
297 5
298 6
299 7
300 4
301 2
302 5
303 5
304 4
305 4
306 6
307 3
308 3
309 2
310 5
311 3
313 2
314 5
315 6
316 2
317 3
318 3
319 2
320 4
321 5
322 2
323 2
324 3
325 3
326 3
327 5
328 3
329 3
331 2
332 3
333 3
334 8
335 4
336 4
337 3
338 5
339 3
340 3
341 5
342 2
343 7
344 2
345 1
346 1
347 5
348 3
349 2
350 4
351 2
352 6
353 1
354 1
355 4
357 4
360 3
361 3
362 5
363 1
364 1
365 7
366 1
367 2
368 4
369 5
370 4
371 2
372 1
373 2
374 1
375 2
377 6
378 7
379 2
380 1
381 3
382 2
383 7
384 8
385 5
386 1
387 1
388 2
389 5
390 1
391 2
392 1
393 2
394 3
395 1
396 4
398 1
399 1
400 4
401 1
402 2
403 2
404 2
405 2
407 1
408 1
410 1
411 6
413 1
414 2
415 5
416 4
417 1
418 6
419 1
420 2
421 1
422 3
424 3
425 6
426 2
427 3
428 2
429 2
430 2
431 4
432 5
433 3
434 4
435 3
436 3
437 3
438 5
439 1
440 2
441 5
442 2
443 3
444 3
445 1
446 2
447 2
448 3
449 3
450 2
451 3
452 1
453 1
454 2
455 5
456 3
457 1
458 2
459 2
460 2
461 3
462 1
463 1
464 3
465 2
466 2
467 2
468 4
470 5
471 2
472 3
473 4
474 1
475 1
476 4
478 1
479 1
480 2
481 2
482 5
483 2
484 2
485 2
486 4
487 2
488 3
489 3
490 1
492 4
493 3
494 6
495 6
497 3
498 1
499 2
500 1
501 6
502 1
503 1
504 3
505 2
506 1
507 3
508 4
511 2
512 5
513 6
514 1
516 3
517 1
518 3
519 2
520 3
522 1
523 1
524 2
525 4
526 3
527 1
528 1
529 2
530 1
531 3
532 1
533 5
534 3
536 5
537 2
538 2
539 1
540 2
541 2
542 1
543 1
544 3
545 1
547 6
548 3
549 4
550 1
551 2
552 1
553 4
554 1
556 2
558 6
559 2
560 4
561 1
564 2
565 3
567 1
568 6
569 3
570 1
571 1
572 2
573 1
574 4
575 6
576 1
577 2
578 1
579 2
581 1
582 2
583 5
585 2
586 3
587 3
588 5
589 1
590 3
591 3
592 3
593 3
594 1
595 2
596 2
597 2
598 3
599 1
600 2
601 2
602 2
603 1
604 1
605 3
606 3
607 5
608 4
609 4
610 2
611 2
612 1
613 2
615 2
616 3
617 3
618 5
619 2
620 3
621 1
622 2
623 1
624 4
625 1
626 1
628 1
629 1
630 3
631 2
632 1
633 1
634 2
635 2
637 3
640 2
641 2
642 2
643 3
644 3
645 1
646 3
647 5
648 2
649 2
650 4
651 2
652 1
653 1
654 4
655 4
657 4
658 3
659 3
660 1
661 2
662 3
664 1
665 2
666 1
667 2
668 2
670 1
671 2
672 1
673 1
674 2
675 1
677 3
679 2
680 3
681 1
682 1
683 4
684 2
685 1
686 2
687 3
688 2
690 1
691 2
692 2
693 2
694 1
695 1
696 4
697 1
698 1
699 3
700 1
701 1
704 5
705 2
706 3
707 2
709 1
710 1
711 2
712 3
713 4
714 2
716 2
717 4
719 2
720 1
721 5
722 5
723 4
724 2
725 2
726 1
727 2
728 3
729 1
733 2
734 2
735 1
737 5
738 2
739 3
740 1
741 1
742 2
745 3
746 1
749 1
750 1
751 1
752 1
754 1
756 1
757 1
760 1
761 1
762 1
763 4
764 1
765 4
766 3
767 2
769 3
772 1
773 3
774 2
776 1
778 2
779 1
782 2
784 1
786 2
787 1
788 1
790 2
791 2
792 1
794 1
795 1
796 2
797 1
798 3
799 5
800 2
801 1
802 2
803 1
805 1
806 1
808 1
809 3
810 1
811 4
812 2
814 5
815 3
816 1
817 2
818 1
819 2
820 2
823 3
825 2
826 2
827 4
829 3
830 2
831 3
832 2
833 1
834 2
837 2
838 2
840 2
841 1
843 3
844 3
845 2
846 2
847 3
848 3
850 1
851 2
852 1
853 2
854 1
856 2
859 1
860 2
863 6
864 3
865 2
866 2
867 2
868 4
870 1
871 4
872 4
873 2
874 1
875 5
876 2
877 2
878 5
879 1
882 2
883 1
884 2
885 2
886 1
887 3
889 1
890 4
891 2
892 3
893 1
894 1
896 1
898 2
899 2
900 2
901 2
902 1
903 2
906 2
908 1
909 2
910 2
911 1
912 1
913 1
914 2
915 1
916 2
917 1
918 1
920 1
921 1
922 4
924 1
925 3
926 1
927 2
928 1
929 2
930 3
932 2
933 1
934 1
935 1
936 1
937 1
939 2
940 3
941 2
943 1
944 3
946 1
947 1
948 2
949 1
950 3
951 3
952 1
953 2
957 2
958 4
959 2
960 2
961 1
963 2
964 1
966 1
967 1
968 1
969 2
970 1
971 1
972 2
976 1
977 1
978 1
979 1
981 1
982 1
985 1
988 1
989 2
990 4
991 1
992 1
994 2
995 1
996 1
997 2
998 3
999 1
1000 1
1002 1
1003 2
1007 1
1008 1
1009 1
1010 1
1011 2
1012 1
1013 3
1014 1
1019 2
1021 4
1022 2
1026 1
1029 4
1031 1
1034 1
1037 1
1039 1
1040 2
1041 3
1042 1
1043 1
1044 3
1045 1
1047 1
1048 1
1049 1
1051 3
1053 1
1054 1
1055 1
1056 2
1058 1
1059 1
1060 2
1062 2
1064 2
1065 1
1066 3
1067 2
1069 1
1070 1
1072 2
1073 1
1075 3
1076 1
1077 2
1078 1
1082 1
1084 1
1085 3
1086 1
1087 2
1088 1
1091 2
1092 1
1096 2
1097 1
1098 1
1099 2
1100 2
1102 4
1103 1
1104 1
1105 2
1107 2
1108 1
1110 1
1113 1
1115 1
1122 1
1123 2
1124 1
1125 2
1126 1
1127 1
1128 2
1132 1
1134 1
1135 1
1136 3
1137 1
1138 1
1139 1
1141 1
1142 1
1143 1
1144 2
1146 3
1147 1
1150 2
1152 1
1153 1
1154 1
1155 1
1156 1
1162 2
1164 1
1166 1
1168 3
1171 2
1173 2
1177 2
1178 1
1180 1
1181 2
1182 1
1183 1
1184 1
1186 1
1188 3
1192 1
1194 1
1196 1
1198 1
1199 1
1205 1
1210 2
1211 1
1212 1
1215 4
1216 2
1217 1
1218 1
1220 2
1223 3
1229 2
1234 3
1236 1
1237 1
1238 1
1240 1
1241 1
1242 3
1246 1
1248 1
1250 1
1251 1
1253 1
1255 2
1257 2
1259 1
1263 1
1267 1
1268 1
1271 1
1274 1
1275 1
1276 1
1279 1
1280 1
1282 1
1287 1
1289 1
1303 1
1305 1
1307 1
1310 2
1313 1
1316 1
1318 1
1319 2
1321 1
1322 1
1323 1
1324 1
1325 1
1326 1
1328 1
1334 1
1335 1
1338 1
1343 1
1344 1
1350 1
1353 1
1354 1
1356 1
1357 1
1360 1
1362 1
1366 1
1373 1
1374 1
1377 1
1391 1
1393 1
1400 2
1401 1
1402 1
1405 1
1412 1
1418 1
1421 1
1423 1
1433 1
1438 1
1454 1
1473 1
1474 1
1475 1
1477 1
1497 1
1502 2
