500 3000 50
0 1283397
1 3801
2 1553
3 841
4 537
5 403
6 314
7 239
8 192
9 172
10 155
11 115
12 107
13 95
14 105
15 89
16 66
17 60
18 63
19 61
20 61
21 46
22 45
23 36
24 33
25 30
26 32
27 42
28 40
29 32
30 29
31 35
32 19
33 32
34 44
35 35
36 26
37 29
38 26
39 39
40 24
41 25
42 11
43 26
44 18
45 21
46 18
47 18
48 17
49 21
50 17
51 11
52 18
53 15
54 12
55 18
56 17
57 14
58 10
59 17
60 15
61 11
62 8
63 13
64 9
65 13
66 12
67 7
68 15
69 11
70 11
71 11
72 8
73 9
74 12
75 14
76 9
77 13
78 8
79 12
80 11
81 11
82 10
83 13
84 5
85 11
86 12
87 5
88 13
89 6
90 10
91 6
92 9
93 8
94 11
95 9
96 8
97 10
98 9
99 6
100 6
101 10
102 11
103 7
104 9
105 11
106 3
107 10
108 8
109 7
110 4
111 6
112 3
113 5
114 6
115 12
116 11
117 7
118 5
119 11
120 13
121 10
122 3
123 7
124 5
125 10
126 5
127 7
128 7
129 6
130 1
131 6
132 6
133 4
134 3
135 10
136 11
137 6
138 10
139 3
140 1
141 4
142 4
143 6
144 5
145 2
146 7
147 6
148 4
149 7
150 2
151 6
152 9
153 5
154 6
155 9
156 4
157 10
158 5
159 4
160 5
161 3
162 6
163 1
164 8
165 5
166 1
167 5
168 1
169 8
170 3
171 6
172 5
173 6
174 4
175 3
176 7
177 6
178 4
179 6
180 5
181 4
182 5
183 7
184 7
185 8
186 3
187 3
188 6
189 1
190 7
191 4
192 5
193 6
194 2
195 6
196 1
197 5
198 6
199 3
200 4
201 2
202 2
203 5
204 2
205 3
206 1
207 3
209 5
210 2
211 3
212 1
213 4
214 2
215 6
216 4
217 5
218 8
220 3
221 3
222 3
223 4
224 4
225 8
226 3
227 1
228 2
229 3
230 4
231 2
232 5
233 7
234 2
235 9
236 1
237 5
238 6
239 7
241 3
242 2
243 4
244 4
245 3
246 4
247 4
248 2
249 6
250 3
251 8
252 1
253 1
254 4
255 3
257 1
258 1
259 5
260 3
261 2
262 11
263 2
264 1
265 3
266 4
268 6
269 2
270 2
271 4
272 2
273 5
274 1
275 4
276 1
277 1
278 2
279 1
280 3
281 2
282 1
283 5
284 1
285 5
286 2
287 2
288 3
289 3
290 6
291 2
292 4
293 2
294 4
296 5
297 5
298 4
299 1
300 4
301 3
302 6
303 3
304 4
305 6
306 1
307 1
308 6
310 2
311 5
312 1
313 3
314 5
315 1
316 2
317 4
318 3
319 1
321 4
322 2
323 6
324 1
325 3
326 3
327 5
328 1
329 3
330 3
331 2
332 3
333 3
334 2
335 1
336 2
337 4
338 2
339 3
340 2
341 5
342 2
343 1
344 2
345 4
346 2
347 2
349 2
350 6
351 6
352 4
353 2
354 2
355 3
356 4
357 1
358 2
360 2
361 2
362 4
363 1
364 6
365 5
366 3
367 4
368 1
370 3
373 1
374 2
375 2
376 1
378 1
379 2
380 3
381 3
382 2
383 1
384 3
385 2
386 2
387 2
388 3
390 3
391 5
392 1
393 2
394 2
395 1
396 2
397 2
398 2
400 1
401 1
402 3
403 5
404 2
405 1
406 2
407 2
408 2
409 2
410 1
411 3
412 4
413 2
414 4
415 5
416 7
417 3
418 2
419 8
420 3
421 1
422 2
423 2
424 3
425 2
426 3
427 5
428 2
429 1
430 1
431 4
432 3
433 2
434 4
435 2
436 1
437 2
438 2
440 2
441 4
442 2
443 1
445 2
446 2
447 1
448 1
449 2
450 3
452 1
453 5
454 1
455 2
456 2
457 1
458 4
459 2
460 2
461 3
462 1
463 2
464 2
465 2
466 1
467 3
468 2
469 3
470 3
472 3
473 1
474 2
475 2
476 2
478 1
479 1
480 2
481 2
482 3
483 1
484 6
485 3
486 3
487 3
488 1
490 2
491 7
492 1
493 3
494 4
495 3
496 1
497 1
498 2
500 5
501 4
502 3
503 5
504 1
505 4
506 1
507 1
508 5
509 4
511 3
512 3
513 3
514 2
515 4
516 2
517 2
519 2
520 1
522 2
523 5
524 2
525 1
526 2
527 2
528 1
529 1
530 3
531 2
532 3
533 2
534 3
535 3
536 2
537 4
538 3
539 1
540 5
542 4
543 1
544 1
545 3
547 2
549 1
551 2
552 3
553 2
554 1
556 2
558 1
559 1
560 2
561 2
562 2
563 4
564 6
565 1
567 2
569 2
570 4
571 3
572 5
573 2
574 3
575 2
576 2
577 1
578 1
579 4
580 1
581 2
582 1
583 4
585 1
586 2
587 4
588 1
589 1
590 3
591 4
592 4
593 3
594 2
595 3
597 2
599 3
600 2
602 3
604 1
605 1
606 2
607 4
608 4
609 3
610 3
611 1
612 5
613 2
614 2
615 3
616 3
617 1
618 1
619 4
620 3
621 1
623 2
624 4
625 3
626 1
627 3
629 2
630 1
634 1
635 2
636 2
637 2
638 1
639 3
640 3
642 1
644 2
645 2
647 2
648 2
649 2
650 3
651 3
652 2
653 4
654 2
655 1
656 5
659 3
660 3
661 2
662 3
663 1
664 4
665 1
666 1
667 2
668 2
669 5
671 3
672 6
673 2
674 2
676 5
677 4
678 3
679 1
680 1
681 3
682 2
683 2
684 1
685 2
686 3
688 1
691 3
693 1
694 3
695 1
698 2
699 2
701 2
702 1
703 3
704 1
705 3
706 1
707 1
708 1
709 2
710 2
711 3
712 1
713 1
714 1
715 2
716 2
717 3
720 1
721 1
722 2
723 2
724 3
725 3
726 3
727 1
728 1
731 2
732 1
733 1
734 3
735 2
737 1
738 2
739 2
741 1
742 1
743 2
744 3
745 3
746 1
747 2
748 4
750 1
751 5
752 1
753 4
754 1
755 1
757 1
758 1
759 1
760 2
761 2
762 3
763 3
765 2
766 4
767 1
768 4
769 1
770 3
771 2
772 4
774 3
775 2
776 1
777 2
778 1
779 1
780 3
783 1
784 2
785 2
786 1
787 2
788 1
789 1
790 2
791 1
793 2
794 1
795 1
796 3
797 4
798 1
799 1
800 4
801 2
802 1
803 3
805 1
807 2
810 3
811 2
812 2
813 1
814 1
815 1
816 2
817 3
819 4
820 2
822 2
823 2
824 2
825 2
827 1
830 3
831 1
833 1
834 1
835 1
836 1
837 2
838 1
839 1
844 1
845 1
846 2
847 3
848 1
849 1
850 4
851 1
853 2
854 2
855 2
856 4
857 2
859 3
860 1
861 1
862 2
864 2
866 1
867 1
868 2
869 4
870 1
871 1
872 2
873 1
874 1
875 2
876 1
877 2
878 1
881 1
882 2
883 2
884 3
885 3
886 2
887 1
888 2
890 1
891 4
892 2
893 2
894 1
895 2
899 2
900 2
901 1
904 3
906 2
907 2
908 3
909 3
910 2
911 2
912 1
914 4
915 1
916 3
917 3
918 1
919 3
920 1
923 2
924 2
925 2
926 2
927 1
928 3
929 2
930 2
931 1
932 1
933 1
934 1
935 4
936 1
937 1
938 3
939 1
941 1
943 1
945 3
948 1
949 1
950 1
951 1
952 4
954 1
955 2
956 1
957 3
959 2
961 2
962 1
963 1
965 1
966 1
967 4
968 1
969 2
970 1
971 3
972 2
973 2
976 1
977 4
979 3
981 3
982 1
983 2
984 1
986 1
988 3
989 2
991 1
994 2
995 4
997 1
998 1
999 1
1002 2
1003 2
1004 1
1005 1
1007 1
1008 1
1010 1
1011 2
1013 2
1014 1
1016 2
1017 3
1020 2
1021 2
1024 1
1025 3
1026 5
1028 1
1029 2
1030 1
1034 4
1036 2
1038 2
1039 2
1040 3
1041 2
1042 1
1044 2
1050 1
1051 4
1054 1
1057 2
1059 2
1060 1
1061 1
1062 1
1063 3
1064 2
1068 1
1069 1
1071 1
1072 1
1073 1
1074 1
1075 1
1076 1
1077 2
1078 1
1079 2
1083 1
1084 2
1085 1
1086 2
1087 1
1088 1
1089 1
1092 1
1093 3
1097 1
1098 2
1099 1
1100 2
1101 1
1102 2
1104 2
1105 1
1109 2
1112 1
1113 1
1114 1
1115 1
1116 2
1117 1
1119 2
1120 1
1121 2
1124 1
1127 2
1128 1
1129 2
1130 1
1132 1
1133 1
1134 2
1135 2
1137 1
1138 1
1139 2
1140 3
1142 2
1144 2
1146 1
1147 1
1151 1
1152 1
1153 1
1154 3
1155 1
1156 3
1157 1
1158 1
1159 1
1160 1
1162 3
1164 1
1165 3
1166 2
1167 1
1168 1
1171 1
1174 1
1175 3
1176 3
1177 2
1181 1
1182 2
1184 2
1186 2
1190 2
1192 1
1194 2
1200 2
1201 1
1203 2
1206 3
1208 2
1209 1
1211 1
1213 2
1216 1
1217 1
1218 1
1219 1
1220 1
1222 2
1223 1
1224 1
1225 1
1228 1
1230 2
1231 1
1233 1
1234 1
1237 2
1238 1
1239 1
1241 1
1245 2
1246 1
1247 2
1248 1
1249 1
1250 2
1253 3
1257 4
1258 1
1260 1
1262 1
1263 1
1265 1
1266 1
1268 1
1269 1
1271 3
1272 2
1274 1
1275 1
1276 2
1278 2
1279 1
1280 1
1281 1
1284 2
1285 1
1286 1
1288 1
1289 1
1291 1
1292 1
1293 1
1296 1
1299 3
1300 2
1304 1
1305 2
1307 1
1308 2
1309 1
1315 1
1317 1
1320 1
1321 1
1325 1
1327 1
1328 1
1329 1
1335 1
1337 1
1338 1
1339 1
1343 1
1344 2
1346 1
1351 1
1354 1
1355 1
1357 1
1358 1
1367 1
1370 2
1371 1
1372 2
1375 1
1376 1
1380 2
1384 1
1389 1
1391 1
1395 1
1398 1
1402 2
1404 1
1406 1
1407 2
1411 2
1414 2
1416 1
1421 1
1424 1
1427 1
1441 1
1443 1
1446 2
1450 1
1451 1
1454 2
1464 1
1465 1
1467 1
1478 1
1482 1
1485 1
1490 1
1493 1
1497 1
1504 1
1509 1
1544 1
