500 100000 10
1 304
2 199
3 139
4 116
5 136
6 95
7 95
8 93
9 77
10 71
11 71
12 70
13 63
14 52
15 49
16 42
17 42
18 44
19 52
20 55
21 50
22 59
23 33
24 37
25 38
26 31
27 34
28 36
29 51
30 39
31 42
32 34
33 30
34 41
35 38
36 28
37 33
38 30
39 27
40 23
41 30
42 25
43 29
44 26
45 22
46 35
47 32
48 35
49 31
50 29
51 33
52 29
53 27
54 35
55 34
56 24
57 24
58 26
59 26
60 30
61 29
62 19
63 30
64 27
65 27
66 26
67 26
68 33
69 19
70 29
71 20
72 26
73 23
74 32
75 24
76 20
77 32
78 26
79 25
80 27
81 23
82 27
83 26
84 20
85 24
86 20
87 18
88 23
89 21
90 26
91 25
92 18
93 29
94 36
95 22
96 28
97 25
98 18
99 21
100 27
101 26
102 23
103 28
104 17
105 31
106 29
107 30
108 24
109 29
110 28
111 16
112 22
113 23
114 20
115 18
116 29
117 31
118 26
119 12
120 19
121 23
122 18
123 23
124 17
125 24
126 29
127 19
128 20
129 23
130 23
131 20
132 21
133 26
134 21
135 23
136 22
137 14
138 20
139 23
140 21
141 14
142 26
143 8
144 24
145 15
146 22
147 24
148 21
149 19
150 22
151 18
152 23
153 15
154 18
155 22
156 24
157 21
158 20
159 17
160 14
161 19
162 22
163 23
164 10
165 23
166 18
167 23
168 19
169 19
170 28
171 14
172 22
173 15
174 17
175 9
176 10
177 16
178 25
179 12
180 33
181 16
182 18
183 30
184 18
185 23
186 20
187 17
188 22
189 16
190 21
191 16
192 21
193 16
194 26
195 23
196 20
197 21
198 19
199 18
200 15
201 16
202 23
203 21
204 21
205 12
206 17
207 17
208 11
209 16
210 21
211 22
212 22
213 14
214 17
215 23
216 24
217 16
218 21
219 20
220 18
221 20
222 25
223 19
224 26
225 28
226 16
227 21
228 18
229 20
230 21
231 17
232 25
233 17
234 13
235 31
236 20
237 13
238 16
239 23
240 20
241 21
242 16
243 25
244 24
245 18
246 17
247 15
248 24
249 20
250 16
251 16
252 12
253 19
254 25
255 19
256 19
257 17
258 20
259 29
260 20
261 15
262 21
263 20
264 16
265 15
266 20
267 21
268 23
269 20
270 13
271 25
272 20
273 12
274 17
275 23
276 15
277 32
278 29
279 23
280 16
281 20
282 22
283 21
284 22
285 10
286 18
287 14
288 22
289 28
290 21
291 23
292 31
293 27
294 26
295 18
296 16
297 18
298 10
299 20
300 28
301 30
302 20
303 24
304 16
305 23
306 28
307 19
308 12
309 19
310 24
311 33
312 17
313 20
314 18
315 21
316 15
317 25
318 21
319 20
320 14
321 23
322 30
323 26
324 32
325 19
326 22
327 23
328 23
329 23
330 28
331 23
332 16
333 20
334 18
335 19
336 24
337 15
338 25
339 20
340 19
341 16
342 20
343 24
344 18
345 19
346 13
347 22
348 28
349 26
350 19
351 20
352 16
353 17
354 24
355 23
356 18
357 26
358 20
359 14
360 24
361 32
362 26
363 19
364 21
365 21
366 14
367 14
368 22
369 15
370 21
371 23
372 22
373 16
374 16
375 21
376 32
377 20
378 16
379 12
380 19
381 18
382 33
383 14
384 17
385 23
386 16
387 13
388 14
389 17
390 23
391 19
392 18
393 19
394 16
395 27
396 8
397 18
398 16
399 24
400 15
401 20
402 21
403 22
404 25
405 22
406 18
407 24
408 18
409 24
410 19
411 16
412 18
413 29
414 25
415 26
416 20
417 18
418 19
419 15
420 19
421 11
422 18
423 15
424 30
425 27
426 17
427 22
428 15
429 19
430 18
431 27
432 19
433 20
434 14
435 16
436 19
437 17
438 18
439 17
440 22
441 18
442 23
443 20
444 18
445 27
446 28
447 13
448 25
449 9
450 20
451 19
452 18
453 25
454 25
455 17
456 17
457 20
458 15
459 23
460 18
461 16
462 15
463 22
464 14
465 17
466 22
467 25
468 24
469 21
470 16
471 23
472 20
473 13
474 15
475 20
476 25
477 16
478 17
479 22
480 23
481 18
482 18
483 16
484 25
485 13
486 19
487 20
488 20
489 20
490 18
491 16
492 16
493 16
494 15
495 16
496 26
497 23
498 11
499 19
500 20
501 14
502 20
503 14
504 16
505 15
506 22
507 20
508 21
509 21
510 19
511 13
512 19
513 20
514 18
515 20
516 16
517 16
518 19
519 25
520 17
521 19
522 17
523 19
524 16
525 17
526 20
527 22
528 19
529 17
530 20
531 23
532 21
533 16
534 20
535 27
536 15
537 21
538 19
539 17
540 31
541 17
542 19
543 19
544 18
545 26
546 14
547 25
548 21
549 17
550 16
551 21
552 26
553 18
554 17
555 11
556 10
557 19
558 21
559 15
560 19
561 18
562 21
563 29
564 19
565 17
566 28
567 20
568 18
569 18
570 20
571 13
572 10
573 22
574 20
575 21
576 19
577 26
578 19
579 20
580 13
581 22
582 15
583 13
584 23
585 18
586 21
587 21
588 19
589 22
590 16
591 22
592 16
593 17
594 24
595 15
596 18
597 25
598 18
599 20
600 21
601 20
602 20
603 21
604 16
605 4
606 16
607 23
608 17
609 16
610 17
611 16
612 19
613 15
614 21
615 19
616 17
617 22
618 12
619 21
620 17
621 23
622 28
623 20
624 20
625 13
626 30
627 17
628 15
629 21
630 21
631 14
632 19
633 21
634 22
635 19
636 15
637 24
638 21
639 21
640 15
641 15
642 18
643 22
644 19
645 16
646 20
647 18
648 23
649 17
650 20
651 12
652 9
653 26
654 18
655 24
656 16
657 15
658 9
659 20
660 13
661 24
662 18
663 22
664 25
665 25
666 23
667 23
668 19
669 18
670 22
671 19
672 16
673 22
674 23
675 20
676 21
677 14
678 19
679 27
680 26
681 17
682 22
683 13
684 15
685 17
686 23
687 14
688 12
689 13
690 16
691 17
692 16
693 15
694 19
695 19
696 21
697 20
698 24
699 20
700 21
701 18
702 23
703 16
704 15
705 22
706 15
707 20
708 12
709 15
710 19
711 18
712 14
713 14
714 21
715 10
716 18
717 21
718 16
719 12
720 18
721 21
722 21
723 26
724 24
725 19
726 14
727 28
728 12
729 20
730 19
731 17
732 20
733 15
734 25
735 20
736 19
737 22
738 17
739 23
740 20
741 16
742 20
743 19
744 11
745 24
746 9
747 16
748 25
749 15
750 21
751 19
752 19
753 8
754 16
755 19
756 14
757 30
758 21
759 20
760 18
761 26
762 18
763 22
764 13
765 20
766 21
767 17
768 21
769 20
770 19
771 18
772 18
773 21
774 24
775 21
776 24
777 16
778 28
779 24
780 35
781 21
782 20
783 15
784 26
785 27
786 20
787 8
788 23
789 21
790 22
791 19
792 9
793 21
794 18
795 17
796 18
797 23
798 20
799 15
800 23
801 19
802 32
803 18
804 25
805 26
806 15
807 19
808 19
809 23
810 16
811 16
812 23
813 18
814 24
815 20
816 13
817 19
818 22
819 17
820 18
821 15
822 21
823 15
824 19
825 23
826 21
827 14
828 22
829 22
830 19
831 16
832 24
833 18
834 19
835 14
836 14
837 21
838 19
839 17
840 30
841 22
842 21
843 24
844 14
845 19
846 19
847 16
848 20
849 20
850 22
851 19
852 18
853 28
854 15
855 11
856 20
857 15
858 23
859 21
860 25
861 17
862 13
863 29
864 18
865 15
866 18
867 9
868 15
869 21
870 25
871 18
872 20
873 19
874 25
875 22
876 16
877 22
878 20
879 17
880 21
881 20
882 16
883 28
884 22
885 18
886 17
887 22
888 18
889 18
890 24
891 17
892 14
893 21
894 19
895 20
896 24
897 17
898 23
899 24
900 30
901 15
902 23
903 28
904 23
905 27
906 16
907 22
908 17
909 24
910 19
911 20
912 24
913 18
914 26
915 26
916 19
917 17
918 24
919 14
920 28
921 15
922 19
923 12
924 19
925 25
926 22
927 14
928 20
929 14
930 17
931 24
932 34
933 31
934 16
935 24
936 23
937 15
938 20
939 24
940 21
941 21
942 17
943 20
944 18
945 21
946 23
947 17
948 23
949 28
950 24
951 24
952 16
953 21
954 19
955 19
956 28
957 29
958 31
959 25
960 24
961 28
962 28
963 19
964 18
965 31
966 27
967 16
968 23
969 23
970 22
971 19
972 29
973 23
974 30
975 22
976 20
977 20
978 26
979 25
980 26
981 21
982 23
983 18
984 17
985 25
986 32
987 17
988 24
989 22
990 20
991 14
992 19
993 28
994 23
995 19
996 19
997 28
998 21
999 21
1000 27
1001 19
1002 16
1003 27
1004 19
1005 22
1006 19
1007 17
1008 19
1009 16
1010 26
1011 23
1012 20
1013 19
1014 27
1015 20
1016 28
1017 22
1018 23
1019 20
1020 24
1021 18
1022 11
1023 23
1024 33
1025 21
1026 22
1027 22
1028 21
1029 25
1030 28
1031 18
1032 22
1033 21
1034 33
1035 16
1036 19
1037 23
1038 17
1039 27
1040 23
1041 30
1042 28
1043 31
1044 26
1045 28
1046 22
1047 28
1048 15
1049 26
1050 23
1051 24
1052 30
1053 8
1054 24
1055 13
1056 26
1057 22
1058 29
1059 29
1060 29
1061 10
1062 22
1063 23
1064 19
1065 32
1066 25
1067 22
1068 17
1069 27
1070 20
1071 16
1072 21
1073 21
1074 20
1075 31
1076 24
1077 19
1078 28
1079 20
1080 17
1081 26
1082 14
1083 26
1084 26
1085 24
1086 23
1087 18
1088 22
1089 28
1090 28
1091 27
1092 25
1093 34
1094 18
1095 20
1096 26
1097 24
1098 24
1099 18
1100 24
1101 11
1102 22
1103 33
1104 16
1105 23
1106 21
1107 30
1108 32
1109 31
1110 27
1111 24
1112 26
1113 27
1114 26
1115 28
1116 32
1117 35
1118 24
1119 28
1120 23
1121 19
1122 17
1123 28
1124 17
1125 23
1126 24
1127 24
1128 25
1129 26
1130 29
1131 23
1132 34
1133 26
1134 33
1135 24
1136 26
1137 33
1138 27
1139 27
1140 22
1141 32
1142 34
1143 34
1144 20
1145 19
1146 23
1147 28
1148 25
1149 24
1150 28
1151 19
1152 27
1153 21
1154 19
1155 26
1156 26
1157 25
1158 22
1159 17
1160 28
1161 32
1162 25
1163 22
1164 31
1165 24
1166 29
1167 29
1168 23
1169 39
1170 34
1171 29
1172 18
1173 21
1174 36
1175 28
1176 25
1177 33
1178 31
1179 34
1180 31
1181 29
1182 36
1183 21
1184 21
1185 21
1186 37
1187 29
1188 25
1189 29
1190 26
1191 22
1192 28
1193 25
1194 21
1195 38
1196 29
1197 38
1198 27
1199 25
1200 35
1201 16
1202 22
1203 34
1204 26
1205 26
1206 24
1207 35
1208 36
1209 34
1210 25
1211 31
1212 24
1213 26
1214 24
1215 32
1216 29
1217 26
1218 24
1219 27
1220 27
1221 26
1222 27
1223 28
1224 25
1225 30
1226 28
1227 29
1228 35
1229 23
1230 27
1231 23
1232 23
1233 28
1234 31
1235 34
1236 29
1237 29
1238 35
1239 29
1240 37
1241 35
1242 30
1243 26
1244 32
1245 30
1246 33
1247 35
1248 32
1249 33
1250 31
1251 33
1252 43
1253 35
1254 37
1255 29
1256 29
1257 37
1258 29
1259 35
1260 25
1261 27
1262 33
1263 38
1264 29
1265 25
1266 41
1267 34
1268 43
1269 26
1270 33
1271 37
1272 35
1273 22
1274 28
1275 20
1276 38
1277 25
1278 30
1279 25
1280 33
1281 31
1282 23
1283 29
1284 26
1285 35
1286 28
1287 37
1288 36
1289 31
1290 32
1291 30
1292 27
1293 38
1294 32
1295 35
1296 37
1297 32
1298 31
1299 37
1300 20
1301 39
1302 28
1303 29
1304 28
1305 43
1306 36
1307 31
1308 38
1309 28
1310 27
1311 37
1312 27
1313 34
1314 44
1315 27
1316 33
1317 37
1318 34
1319 37
1320 37
1321 23
1322 43
1323 42
1324 34
1325 33
1326 28
1327 32
1328 26
1329 33
1330 31
1331 37
1332 29
1333 30
1334 23
1335 25
1336 38
1337 30
1338 25
1339 37
1340 21
1341 29
1342 30
1343 36
1344 44
1345 25
1346 33
1347 38
1348 31
1349 29
1350 22
1351 36
1352 42
1353 40
1354 29
1355 42
1356 34
1357 37
1358 25
1359 33
1360 33
1361 32
1362 36
1363 25
1364 32
1365 31
1366 32
1367 40
1368 43
1369 22
1370 37
1371 27
1372 39
1373 34
1374 42
1375 29
1376 39
1377 35
1378 32
1379 37
1380 33
1381 36
1382 33
1383 46
1384 34
1385 48
1386 37
1387 35
1388 23
1389 26
1390 35
1391 42
1392 27
1393 32
1394 26
1395 27
1396 37
1397 24
1398 37
1399 45
1400 36
1401 35
1402 40
1403 36
1404 28
1405 31
1406 43
1407 34
1408 31
1409 24
1410 36
1411 39
1412 43
1413 23
1414 34
1415 39
1416 44
1417 35
1418 27
1419 33
1420 36
1421 25
1422 32
1423 44
1424 35
1425 47
1426 31
1427 44
1428 42
1429 33
1430 40
1431 37
1432 28
1433 38
1434 47
1435 25
1436 30
1437 29
1438 43
1439 32
1440 40
1441 32
1442 32
1443 32
1444 31
1445 26
1446 34
1447 33
1448 42
1449 48
1450 37
1451 32
1452 34
1453 48
1454 34
1455 36
1456 30
1457 28
1458 32
1459 39
1460 37
1461 37
1462 37
1463 41
1464 41
1465 33
1466 43
1467 29
1468 43
1469 39
1470 39
1471 35
1472 29
1473 39
1474 33
1475 41
1476 30
1477 47
1478 28
1479 43
1480 41
1481 37
1482 45
1483 48
1484 47
1485 28
1486 38
1487 33
1488 27
1489 36
1490 30
1491 39
1492 38
1493 40
1494 25
1495 47
1496 40
1497 22
1498 32
1499 37
1500 33
1501 35
1502 24
1503 34
1504 28
1505 34
1506 33
1507 44
1508 27
1509 37
1510 42
1511 39
1512 38
1513 33
1514 28
1515 25
1516 23
1517 42
1518 36
1519 33
1520 43
1521 34
1522 37
1523 29
1524 32
1525 37
1526 31
1527 48
1528 39
1529 33
1530 44
1531 35
1532 33
1533 31
1534 34
1535 35
1536 32
1537 29
1538 36
1539 36
1540 29
1541 43
1542 37
1543 42
1544 39
1545 35
1546 48
1547 36
1548 44
1549 37
1550 33
1551 47
1552 37
1553 30
1554 44
1555 31
1556 45
1557 37
1558 30
1559 38
1560 34
1561 45
1562 31
1563 33
1564 33
1565 32
1566 32
1567 27
1568 42
1569 35
1570 37
1571 38
1572 33
1573 41
1574 32
1575 42
1576 34
1577 42
1578 37
1579 37
1580 34
1581 21
1582 41
1583 27
1584 33
1585 33
1586 38
1587 37
1588 28
1589 32
1590 32
1591 47
1592 35
1593 35
1594 25
1595 34
1596 28
1597 37
1598 29
1599 33
1600 31
1601 48
1602 40
1603 36
1604 25
1605 34
1606 25
1607 35
1608 35
1609 34
1610 44
1611 30
1612 33
1613 39
1614 33
1615 21
1616 31
1617 45
1618 23
1619 26
1620 26
1621 30
1622 23
1623 37
1624 35
1625 32
1626 35
1627 28
1628 26
1629 31
1630 37
1631 29
1632 29
1633 27
1634 40
1635 32
1636 41
1637 45
1638 32
1639 39
1640 33
1641 32
1642 30
1643 33
1644 34
1645 30
1646 42
1647 26
1648 31
1649 27
1650 31
1651 32
1652 25
1653 24
1654 42
1655 18
1656 30
1657 36
1658 32
1659 37
1660 42
1661 24
1662 29
1663 30
1664 31
1665 30
1666 33
1667 34
1668 33
1669 36
1670 22
1671 29
1672 34
1673 34
1674 32
1675 31
1676 35
1677 28
1678 24
1679 23
1680 21
1681 29
1682 22
1683 36
1684 28
1685 32
1686 31
1687 28
1688 30
1689 27
1690 26
1691 33
1692 19
1693 24
1694 38
1695 26
1696 25
1697 24
1698 33
1699 28
1700 34
1701 33
1702 22
1703 36
1704 27
1705 25
1706 21
1707 18
1708 22
1709 30
1710 22
1711 25
1712 21
1713 23
1714 27
1715 34
1716 33
1717 21
1718 31
1719 31
1720 28
1721 25
1722 36
1723 35
1724 28
1725 24
1726 24
1727 26
1728 26
1729 14
1730 22
1731 33
1732 16
1733 30
1734 25
1735 24
1736 22
1737 29
1738 34
1739 26
1740 20
1741 24
1742 25
1743 27
1744 21
1745 16
1746 15
1747 31
1748 28
1749 25
1750 21
1751 24
1752 29
1753 31
1754 28
1755 26
1756 16
1757 23
1758 21
1759 22
1760 29
1761 26
1762 21
1763 23
1764 23
1765 28
1766 24
1767 20
1768 25
1769 21
1770 18
1771 19
1772 21
1773 28
1774 16
1775 27
1776 17
1777 17
1778 22
1779 21
1780 25
1781 24
1782 24
1783 26
1784 33
1785 24
1786 23
1787 21
1788 18
1789 14
1790 26
1791 19
1792 28
1793 20
1794 18
1795 18
1796 19
1797 21
1798 23
1799 17
1800 28
1801 23
1802 21
1803 25
1804 22
1805 24
1806 18
1807 11
1808 19
1809 20
1810 15
1811 17
1812 14
1813 15
1814 17
1815 17
1816 29
1817 25
1818 16
1819 16
1820 19
1821 20
1822 19
1823 18
1824 19
1825 23
1826 17
1827 16
1828 27
1829 20
1830 22
1831 12
1832 18
1833 10
1834 16
1835 17
1836 9
1837 23
1838 26
1839 22
1840 20
1841 19
1842 20
1843 17
1844 13
1845 16
1846 20
1847 18
1848 11
1849 14
1850 21
1851 24
1852 13
1853 22
1854 17
1855 18
1856 21
1857 16
1858 12
1859 12
1860 17
1861 16
1862 16
1863 12
1864 21
1865 14
1866 18
1867 9
1868 14
1869 16
1870 18
1871 13
1872 19
1873 18
1874 11
1875 18
1876 14
1877 15
1878 11
1879 20
1880 16
1881 16
1882 15
1883 18
1884 13
1885 16
1886 8
1887 16
1888 14
1889 12
1890 15
1891 16
1892 6
1893 15
1894 16
1895 16
1896 10
1897 9
1898 22
1899 9
1900 14
1901 12
1902 15
1903 8
1904 15
1905 11
1906 8
1907 11
1908 12
1909 15
1910 12
1911 9
1912 10
1913 11
1914 14
1915 9
1916 10
1917 13
1918 8
1919 10
1920 12
1921 10
1922 8
1923 15
1924 14
1925 11
1926 16
1927 14
1928 9
1929 14
1930 9
1931 8
1932 8
1933 12
1934 10
1935 7
1936 10
1937 15
1938 3
1939 11
1940 10
1941 9
1942 12
1943 15
1944 6
1945 5
1946 11
1947 10
1948 14
1949 10
1950 10
1951 20
1952 13
1953 6
1954 7
1955 10
1956 9
1957 6
1958 12
1959 12
1960 7
1961 11
1962 6
1963 7
1964 8
1965 6
1966 11
1967 9
1968 10
1969 3
1970 6
1971 3
1972 7
1973 14
1974 5
1975 6
1976 6
1977 7
1978 13
1979 3
1980 12
1981 8
1982 8
1983 7
1984 8
1985 6
1986 6
1987 13
1988 4
1989 2
1990 8
1991 5
1992 7
1993 5
1994 7
1995 7
1996 11
1997 5
1998 5
1999 4
2000 6
2001 6
2002 4
2003 3
2004 9
2005 4
2006 2
2007 5
2008 6
2009 4
2010 12
2011 4
2012 4
2013 6
2014 4
2015 3
2016 6
2017 6
2018 5
2019 7
2020 7
2021 1
2022 8
2023 6
2024 5
2025 9
2026 8
2027 9
2028 4
2029 2
2030 7
2031 3
2033 2
2034 3
2035 7
2036 6
2037 3
2038 4
2039 4
2040 5
2041 8
2042 3
2043 4
2044 7
2045 4
2046 5
2047 6
2048 5
2049 4
2050 4
2051 6
2052 5
2053 4
2054 5
2055 7
2056 6
2057 6
2058 7
2059 2
2060 3
2061 6
2062 5
2063 1
2064 2
2065 5
2066 3
2067 4
2068 5
2069 2
2070 4
2071 3
2072 4
2073 2
2074 6
2075 2
2076 5
2077 7
2078 4
2079 4
2081 2
2082 3
2083 2
2084 5
2085 2
2086 3
2087 4
2088 2
2089 5
2090 3
2091 1
2092 2
2093 6
2094 4
2095 6
2096 2
2097 2
2098 1
2099 4
2101 3
2102 1
2103 4
2104 1
2106 1
2107 2
2108 3
2109 5
2110 1
2111 1
2112 2
2113 2
2114 2
2115 4
2117 1
2118 2
2119 2
2120 1
2121 1
2122 3
2123 3
2124 1
2125 3
2126 2
2128 1
2129 3
2130 3
2131 4
2132 4
2134 3
2135 4
2136 1
2137 1
2138 1
2141 5
2142 2
2143 2
2144 1
2145 2
2146 5
2147 2
2148 5
2150 1
2151 2
2152 3
2155 1
2156 1
2159 1
2160 1
2161 1
2162 1
2163 1
2164 2
2165 2
2167 1
2168 2
2170 2
2171 1
2172 2
2173 1
2174 2
2175 2
2177 1
2182 2
2183 1
2185 1
2186 1
2187 3
2188 1
2189 1
2190 1
2195 1
2196 3
2197 2
2200 1
2201 1
2202 1
2206 1
2207 1
2208 1
2210 1
2212 1
2215 1
2217 1
2218 1
2220 2
2221 1
2223 1
2224 2
2225 1
2226 2
2232 1
2234 1
2239 1
2242 1
2246 1
2247 1
2249 1
2252 2
2257 1
2258 1
2262 1
2265 2
2267 1
2275 1
2282 1
2289 1
2300 2
2304 1
2307 1
2312 2
2317 1
2318 1
2321 1
2335 1
2338 1
2344 1
2347 1
2354 1
2378 1
