500 100000 5
1 4444
2 3016
3 2335
4 2051
5 1817
6 1563
7 1482
8 1463
9 1279
10 1268
11 1081
12 1099
13 1147
14 1082
15 1038
16 1005
17 970
18 947
19 910
20 956
21 976
22 917
23 926
24 907
25 873
26 866
27 852
28 879
29 910
30 863
31 848
32 856
33 878
34 893
35 813
36 850
37 820
38 937
39 826
40 866
41 809
42 840
43 893
44 837
45 844
46 873
47 850
48 899
49 863
50 820
51 815
52 841
53 770
54 854
55 894
56 829
57 838
58 845
59 817
60 856
61 808
62 880
63 823
64 838
65 815
66 872
67 835
68 892
69 858
70 869
71 859
72 902
73 852
74 914
75 878
76 962
77 899
78 921
79 910
80 895
81 847
82 873
83 947
84 906
85 881
86 931
87 940
88 850
89 927
90 961
91 934
92 908
93 960
94 951
95 949
96 927
97 924
98 936
99 937
100 978
101 949
102 1017
103 987
104 908
105 1037
106 979
107 984
108 1005
109 999
110 999
111 1020
112 1029
113 965
114 988
115 1056
116 1023
117 1063
118 1118
119 1094
120 1039
121 1178
122 1083
123 1080
124 1054
125 1143
126 1093
127 1126
128 1154
129 1174
130 1178
131 1166
132 1152
133 1203
134 1103
135 1229
136 1234
137 1260
138 1245
139 1251
140 1231
141 1309
142 1316
143 1259
144 1317
145 1289
146 1338
147 1330
148 1317
149 1426
150 1364
151 1389
152 1424
153 1430
154 1493
155 1480
156 1472
157 1519
158 1481
159 1502
160 1552
161 1561
162 1435
163 1550
164 1603
165 1687
166 1568
167 1623
168 1633
169 1656
170 1641
171 1723
172 1748
173 1781
174 1631
175 1719
176 1812
177 1792
178 1753
179 1730
180 1712
181 1709
182 1723
183 1824
184 1691
185 1792
186 1773
187 1806
188 1779
189 1897
190 1920
191 1858
192 1727
193 1786
194 1920
195 1919
196 1879
197 1910
198 1828
199 1863
200 1863
201 1974
202 1876
203 1922
204 1789
205 1828
206 1838
207 1883
208 1855
209 1890
210 1883
211 1784
212 1880
213 1778
214 1766
215 1826
216 1802
217 1741
218 1704
219 1729
220 1607
221 1684
222 1649
223 1511
224 1628
225 1571
226 1530
227 1508
228 1517
229 1475
230 1573
231 1466
232 1465
233 1442
234 1312
235 1399
236 1350
237 1348
238 1283
239 1256
240 1213
241 1263
242 1105
243 1166
244 1187
245 1118
246 1091
247 1066
248 998
249 995
250 949
251 911
252 923
253 902
254 905
255 851
256 806
257 795
258 777
259 738
260 709
261 717
262 646
263 646
264 608
265 622
266 545
267 521
268 503
269 506
270 501
271 495
272 453
273 439
274 426
275 396
276 368
277 348
278 373
279 343
280 305
281 314
282 265
283 274
284 268
285 219
286 211
287 239
288 232
289 203
290 200
291 204
292 169
293 133
294 157
295 136
296 128
297 136
298 113
299 110
300 96
301 90
302 101
303 104
304 83
305 63
306 65
307 62
308 60
309 57
310 49
311 39
312 41
313 38
314 44
315 37
316 37
317 21
318 17
319 25
320 15
321 20
322 28
323 14
324 15
325 21
326 14
327 11
328 11
329 10
330 13
331 18
332 5
333 5
334 4
335 5
336 4
337 4
338 4
339 5
340 2
341 4
342 3
343 4
345 2
346 2
347 2
349 3
350 1
351 1
352 2
353 1
354 1
360 1
364 1
365 1
