500 100000 20
1 32
2 17
3 13
4 7
5 13
6 4
7 5
8 5
9 5
10 6
11 2
12 4
13 7
14 7
15 5
16 4
17 6
18 8
19 6
20 5
21 5
22 3
23 3
24 1
25 2
26 4
27 6
28 1
29 5
30 3
31 3
33 3
34 4
35 3
36 1
37 2
38 2
39 4
40 5
41 2
42 1
43 2
44 1
45 2
46 2
47 2
48 3
49 2
50 3
51 2
52 1
53 1
54 4
56 2
57 1
58 2
59 2
60 1
61 4
62 1
63 3
64 4
66 2
69 3
70 2
71 4
72 2
73 1
74 2
75 1
77 1
78 2
80 2
82 1
84 1
86 1
88 2
89 3
90 1
91 1
92 2
93 1
96 2
97 2
99 1
100 1
102 1
103 3
107 2
108 2
109 2
110 3
111 1
113 1
115 1
116 1
117 3
118 1
119 1
121 1
122 1
123 1
124 2
126 2
127 1
128 2
129 1
130 3
131 2
132 2
133 2
134 3
135 3
136 1
137 3
138 2
139 2
140 1
141 1
142 1
143 1
144 1
145 2
149 1
150 4
151 2
152 3
153 2
154 4
156 1
158 2
159 1
160 2
163 1
164 1
166 1
167 1
169 1
171 2
172 1
174 1
176 1
177 2
178 2
179 2
180 2
182 1
183 1
184 2
185 2
187 1
188 2
189 1
190 1
191 2
193 1
194 1
195 1
196 1
197 1
198 1
199 1
200 2
201 3
203 1
205 4
207 1
208 1
211 2
212 1
213 1
214 1
215 3
217 1
218 1
219 1
220 2
221 1
222 1
223 2
228 2
229 1
230 1
231 2
234 1
237 2
238 1
239 2
240 1
242 1
243 3
244 1
245 1
249 2
255 1
256 1
258 2
262 1
264 1
267 1
268 2
269 1
271 2
273 1
277 2
278 1
282 1
284 1
285 2
290 4
292 1
293 1
294 2
295 1
296 2
298 1
300 1
301 3
302 2
304 1
309 2
311 2
313 3
314 1
315 3
316 2
317 3
320 1
321 1
322 1
330 1
332 1
334 3
335 1
337 2
339 2
340 2
342 1
343 1
344 2
347 2
348 1
349 1
350 1
351 1
353 2
357 1
358 2
359 1
361 1
364 2
366 2
367 1
371 2
373 1
375 1
377 3
379 1
380 2
382 1
385 2
386 1
389 1
390 1
392 1
395 1
397 1
398 2
401 1
402 1
405 1
406 1
412 1
413 2
414 1
415 1
416 1
417 3
418 1
419 2
421 2
422 1
423 1
426 1
427 1
428 1
429 1
432 2
433 2
434 1
436 2
437 4
438 1
439 1
440 1
442 1
443 1
446 1
447 1
448 2
449 1
451 2
455 1
458 1
459 2
461 1
463 1
464 1
466 1
468 1
471 1
472 1
475 1
477 1
478 1
479 1
480 1
482 2
483 1
484 1
485 3
489 1
490 1
491 1
492 2
494 1
495 1
499 2
502 2
503 1
504 4
505 1
506 1
507 1
509 1
511 2
513 2
515 2
516 1
517 1
518 1
520 2
521 1
523 2
529 1
530 1
535 1
537 1
538 1
539 1
541 1
545 2
548 1
549 2
554 1
555 1
556 1
558 1
559 1
565 1
566 1
569 1
573 2
574 1
575 1
576 1
578 1
579 1
582 2
588 2
592 3
596 1
598 1
600 1
601 4
603 1
605 1
606 1
607 1
609 1
610 1
611 1
612 2
614 2
616 2
618 1
620 1
622 2
625 1
629 2
631 1
633 1
635 1
636 1
637 1
638 2
639 1
643 1
644 1
645 2
648 1
649 1
653 1
655 1
660 1
661 1
663 1
667 1
668 1
670 1
677 1
680 1
682 1
686 1
688 1
690 2
691 1
694 1
695 1
696 1
698 2
700 1
701 1
704 1
706 2
708 1
709 2
710 2
711 1
716 1
718 1
719 1
723 1
724 1
726 1
727 1
728 1
733 2
734 2
735 1
737 1
740 1
741 1
742 1
744 1
750 1
752 1
753 1
754 1
757 1
758 1
761 2
762 1
769 1
770 3
771 2
772 1
775 2
777 1
779 1
781 1
782 1
792 2
794 3
796 2
798 1
802 1
803 2
804 1
807 2
809 2
810 1
811 1
812 2
813 3
814 1
815 1
817 1
821 1
823 1
825 1
828 1
829 1
830 1
831 1
832 1
835 2
836 1
837 1
841 1
842 1
843 1
844 1
846 1
848 3
849 2
850 1
854 2
855 3
858 1
860 1
861 2
865 1
866 1
869 1
870 2
871 3
872 2
874 1
877 1
879 1
881 2
882 1
884 1
885 1
890 1
891 1
892 2
893 1
894 1
898 2
900 2
901 1
904 2
905 1
906 1
907 1
909 1
911 1
912 1
913 1
915 1
918 1
921 1
922 1
923 2
925 1
926 1
929 1
932 1
934 1
935 1
937 2
938 1
940 1
942 3
943 2
944 2
945 1
947 1
951 1
953 1
956 2
957 1
958 1
959 2
961 1
963 1
964 1
965 3
966 1
969 1
972 1
973 1
976 1
984 1
985 1
987 1
989 1
991 1
998 1
999 1
1000 1
1002 1
1006 1
1007 3
1011 1
1013 2
1014 1
1018 1
1020 1
1026 1
1031 1
1032 1
1034 1
1035 1
1039 1
1040 1
1041 1
1043 1
1044 1
1045 1
1046 1
1047 1
1049 1
1051 1
1053 1
1054 2
1061 1
1062 1
1064 2
1066 1
1068 2
1070 1
1071 1
1074 1
1080 3
1083 1
1085 2
1087 2
1088 1
1089 1
1091 1
1092 2
1097 1
1098 1
1099 1
1101 2
1104 2
1107 2
1109 2
1114 2
1116 1
1117 2
1118 1
1120 1
1121 3
1124 3
1127 1
1132 1
1134 1
1135 1
1138 1
1139 1
1141 1
1143 1
1144 1
1145 2
1146 2
1149 2
1152 3
1153 1
1154 1
1155 2
1156 1
1158 2
1164 2
1167 1
1168 1
1170 1
1172 2
1174 2
1179 1
1181 2
1184 1
1186 1
1188 1
1189 1
1190 1
1194 3
1196 2
1199 1
1201 1
1207 1
1215 1
1216 1
1218 1
1220 1
1223 1
1227 1
1230 2
1232 1
1234 1
1236 1
1237 5
1242 1
1244 1
1247 1
1250 1
1255 1
1256 1
1259 1
1260 1
1263 1
1266 1
1267 1
1268 2
1269 1
1271 3
1273 1
1274 2
1276 1
1277 1
1279 1
1281 1
1282 3
1283 1
1284 1
1288 3
1292 1
1293 1
1295 1
1298 2
1299 2
1302 1
1303 1
1304 1
1310 2
1316 1
1317 1
1319 1
1321 1
1324 1
1325 3
1326 2
1330 3
1333 2
1334 1
1335 1
1336 1
1337 1
1338 1
1339 1
1341 1
1342 1
1343 1
1344 1
1347 2
1349 1
1355 1
1359 1
1361 1
1362 1
1363 1
1365 1
1366 1
1367 1
1372 1
1374 1
1377 1
1380 1
1381 1
1387 1
1388 1
1391 2
1393 1
1394 2
1395 3
1397 1
1399 1
1403 1
1404 1
1406 2
1410 1
1411 1
1415 2
1417 1
1420 1
1421 1
1422 2
1423 1
1425 1
1427 1
1431 2
1433 2
1435 1
1437 1
1442 1
1445 1
1446 1
1450 1
1454 1
1455 3
1456 2
1457 1
1462 1
1463 1
1464 1
1466 1
1470 1
1472 1
1473 2
1474 3
1475 1
1477 1
1480 1
1483 1
1484 1
1485 1
1487 2
1488 1
1489 2
1491 2
1493 1
1494 1
1496 2
1501 1
1503 1
1504 2
1507 2
1508 1
1512 1
1514 1
1516 2
1517 1
1521 2
1525 1
1529 1
1530 2
1531 1
1533 1
1534 2
1536 2
1537 1
1538 1
1540 1
1543 1
1545 1
1546 1
1549 1
1551 1
1553 1
1564 1
1566 1
1567 1
1568 2
1570 1
1572 1
1574 1
1575 1
1577 2
1578 3
1580 2
1581 1
1582 1
1583 1
1585 1
1586 1
1588 1
1589 2
1591 2
1594 1
1595 3
1600 1
1603 1
1604 1
1605 1
1610 1
1612 1
1615 2
1621 1
1623 1
1626 1
1628 3
1629 1
1630 1
1633 1
1635 1
1636 1
1640 1
1644 2
1646 1
1649 2
1652 2
1653 1
1656 1
1659 1
1661 1
1662 1
1664 3
1665 1
1667 1
1668 2
1671 1
1672 1
1673 1
1674 2
1675 2
1676 2
1677 1
1679 5
1681 2
1684 1
1685 2
1687 1
1688 2
1691 1
1693 2
1695 1
1700 3
1702 1
1704 2
1707 1
1708 1
1712 1
1713 2
1715 1
1717 1
1719 1
1721 3
1722 2
1723 1
1727 1
1728 2
1729 1
1732 1
1734 1
1739 3
1743 1
1744 1
1748 1
1749 1
1750 1
1753 1
1759 2
1765 1
1767 1
1768 2
1772 1
1777 1
1781 1
1786 1
1788 1
1791 1
1792 1
1794 2
1795 2
1800 1
1804 1
1805 1
1807 1
1810 1
1812 1
1813 2
1815 1
1817 1
1820 1
1832 2
1835 1
1836 1
1840 1
1841 1
1843 1
1845 2
1847 1
1851 1
1854 1
1855 1
1860 2
1862 1
1864 1
1869 1
1879 1
1880 1
1881 2
1883 4
1885 1
1887 1
1889 1
1892 1
1897 1
1902 1
1904 1
1908 1
1909 1
1912 1
1917 2
1920 1
1924 1
1926 1
1933 1
1934 2
1937 1
1939 2
1942 1
1951 1
1952 1
1958 1
1961 1
1962 1
1963 1
1967 1
1968 2
1969 1
1971 1
1973 1
1974 3
1976 1
1978 1
1983 1
1984 1
1985 2
1986 1
1987 1
1988 1
1995 1
1996 1
1997 1
1998 1
1999 1
2002 1
2003 2
2006 1
2007 1
2010 2
2018 2
2022 1
2025 1
2026 1
2027 1
2028 1
2029 1
2030 1
2031 1
2033 1
2035 1
2037 1
2047 2
2048 1
2050 2
2054 2
2056 2
2060 1
2065 1
2067 1
2070 2
2071 1
2074 1
2077 1
2080 1
2082 2
2083 1
2084 2
2087 1
2090 1
2092 1
2094 1
2095 3
2096 1
2102 1
2105 1
2106 1
2108 2
2110 3
2116 1
2118 1
2121 2
2123 1
2126 1
2134 1
2137 2
2138 1
2147 1
2148 1
2150 1
2151 1
2152 2
2153 1
2154 1
2155 1
2159 1
2160 1
2161 1
2162 2
2164 1
2167 1
2169 1
2177 1
2178 2
2179 1
2181 1
2182 1
2183 1
2185 1
2186 1
2193 2
2194 1
2200 2
2201 2
2203 1
2205 1
2206 1
2212 1
2213 1
2217 1
2218 1
2222 1
2224 1
2225 2
2228 1
2229 1
2234 2
2235 1
2236 1
2239 1
2244 1
2247 3
2252 1
2254 1
2258 1
2261 1
2262 2
2264 1
2265 1
2267 2
2270 1
2274 2
2276 1
2278 1
2279 1
2283 1
2285 2
2289 1
2294 1
2298 1
2300 1
2301 1
2302 1
2307 1
2308 1
2312 1
2314 1
2318 1
2320 1
2321 1
2322 1
2326 2
2327 1
2330 1
2331 1
2339 1
2340 1
2349 2
2350 1
2353 1
2354 3
2357 1
2359 1
2360 1
2364 1
2367 1
2369 1
2375 1
2378 1
2379 1
2380 1
2381 2
2382 1
2383 1
2384 1
2385 1
2387 1
2391 1
2392 2
2396 2
2397 1
2398 2
2399 1
2401 1
2404 1
2405 1
2411 1
2412 1
2415 1
2417 1
2418 1
2420 2
2421 3
2422 1
2424 1
2425 1
2428 1
2434 3
2438 1
2440 1
2443 1
2449 2
2451 2
2452 1
2457 1
2469 1
2473 1
2474 1
2481 1
2482 1
2493 1
2494 1
2498 2
2503 1
2505 1
2509 1
2510 2
2511 1
2512 2
2514 1
2519 1
2523 1
2525 1
2530 1
2536 1
2537 1
2545 1
2548 1
2549 1
2550 1
2553 1
2554 1
2556 1
2559 1
2560 1
2563 2
2569 2
2578 1
2584 2
2588 1
2589 1
2591 2
2599 2
2600 1
2601 1
2610 2
2619 2
2627 2
2629 1
2631 1
2634 1
2636 1
2637 1
2641 1
2642 2
2644 1
2648 1
2649 2
2658 2
2659 1
2666 1
2667 2
2668 1
2674 1
2681 1
2685 1
2688 1
2690 1
2693 1
2697 1
2698 1
2701 5
2704 1
2706 1
2709 2
2712 1
2716 1
2719 1
2721 1
2723 1
2724 1
2728 1
2730 1
2732 1
2735 2
2737 3
2746 1
2750 1
2751 1
2753 1
2754 1
2758 1
2760 2
2763 1
2764 1
2766 1
2768 1
2769 1
2770 1
2771 3
2773 1
2774 1
2776 1
2779 1
2781 1
2787 2
2791 2
2794 1
2795 1
2798 1
2801 2
2803 1
2804 1
2805 2
2807 2
2809 1
2815 1
2818 1
2820 1
2821 1
2822 1
2825 1
2827 1
2837 1
2840 1
2842 1
2843 1
2846 1
2853 1
2856 2
2858 2
2861 1
2862 1
2863 1
2868 1
2869 2
2873 1
2880 1
2887 2
2894 1
2900 1
2905 1
2906 1
2907 1
2910 1
2911 1
2912 1
2913 1
2915 1
2919 2
2922 1
2928 1
2929 1
2930 1
2931 1
2934 1
2936 1
2940 2
2941 2
2943 2
2944 1
2946 2
2949 1
2951 3
2952 1
2953 1
2954 2
2959 1
2963 1
2964 1
2965 2
2966 1
2967 1
2968 1
2969 1
2970 1
2972 1
2973 1
2976 1
2978 1
2982 1
2989 1
2995 1
2996 2
2997 2
3000 2
3004 1
3006 1
3008 2
3010 2
3013 1
3015 1
3020 2
3024 1
3027 1
3028 1
3029 2
3034 1
3036 1
3041 1
3042 1
3044 2
3045 1
3049 1
3051 1
3052 1
3054 1
3056 1
3059 1
3060 1
3062 1
3064 1
3065 2
3066 1
3072 1
3075 1
3077 2
3078 1
3079 1
3084 1
3091 1
3092 1
3094 1
3095 3
3099 1
3100 1
3102 1
3103 2
3104 2
3107 1
3108 1
3110 1
3113 1
3114 3
3115 2
3116 1
3119 1
3127 1
3128 1
3129 1
3131 1
3133 1
3134 1
3138 1
3139 1
3142 2
3143 1
3144 1
3148 1
3149 1
3156 1
3157 1
3158 1
3159 1
3160 1
3168 1
3174 1
3178 1
3182 1
3185 2
3188 1
3192 1
3193 1
3195 1
3198 1
3200 1
3202 1
3203 1
3213 1
3214 1
3216 1
3217 2
3221 1
3223 1
3225 1
3226 1
3232 2
3233 1
3235 2
3239 1
3241 1
3242 1
3243 1
3251 1
3252 1
3255 1
3258 1
3263 2
3266 1
3267 2
3268 1
3273 1
3274 1
3276 2
3280 1
3281 1
3283 1
3284 1
3286 1
3288 1
3289 1
3299 1
3303 1
3306 1
3309 1
3311 1
3314 1
3318 1
3319 1
3322 2
3324 1
3327 2
3328 1
3330 1
3331 1
3334 1
3337 1
3344 1
3352 1
3359 1
3360 2
3361 1
3364 2
3368 2
3369 1
3370 1
3372 1
3376 1
3377 2
3381 1
3384 1
3385 1
3387 2
3388 1
3392 2
3397 1
3401 1
3406 1
3409 1
3414 1
3415 2
3416 1
3418 1
3419 1
3420 2
3422 1
3423 1
3426 1
3427 1
3428 2
3430 1
3435 2
3436 1
3437 1
3438 1
3440 1
3441 2
3442 1
3443 1
3448 1
3452 1
3453 1
3458 1
3466 2
3468 2
3470 1
3472 1
3478 1
3481 1
3482 1
3483 1
3484 1
3486 1
3489 2
3492 2
3494 1
3495 1
3496 1
3497 1
3499 1
3503 1
3518 1
3519 1
3521 1
3522 1
3523 1
3525 2
3526 1
3528 1
3529 1
3533 1
3539 1
3541 1
3544 1
3546 1
3547 1
3553 1
3554 1
3556 1
3560 2
3564 1
3566 1
3568 1
3569 3
3571 2
3572 2
3577 2
3579 1
3581 1
3583 2
3589 1
3593 1
3594 2
3596 3
3601 1
3602 1
3603 3
3604 1
3606 1
3607 2
3608 2
3612 3
3619 1
3621 2
3624 1
3625 1
3627 1
3629 2
3631 1
3632 1
3635 1
3636 1
3637 1
3638 4
3639 1
3643 1
3645 1
3646 1
3651 1
3652 1
3653 1
3654 1
3656 1
3658 1
3659 1
3662 1
3666 1
3668 1
3672 1
3673 1
3674 1
3680 1
3681 1
3685 1
3699 2
3707 1
3710 1
3711 1
3713 1
3714 1
3723 1
3724 1
3725 1
3726 1
3731 1
3732 1
3742 1
3743 1
3746 1
3747 1
3753 1
3754 1
3756 1
3761 1
3765 2
3768 1
3770 1
3772 1
3775 1
3776 1
3777 1
3784 1
3791 1
3796 1
3797 1
3799 1
3801 1
3803 1
3805 1
3811 1
3814 1
3822 1
3824 1
3826 2
3829 1
3831 1
3838 2
3840 1
3842 1
3845 1
3849 1
3853 1
3855 2
3856 1
3858 1
3860 1
3862 1
3866 1
3868 1
3869 1
3874 2
3881 1
3888 1
3889 2
3891 1
3895 1
3897 2
3900 1
3901 1
3903 1
3905 1
3908 1
3910 1
3911 1
3914 3
3916 2
3919 1
3920 2
3921 1
3927 1
3928 1
3929 1
3930 1
3931 1
3934 1
3936 1
3937 1
3938 1
3939 1
3942 1
3944 2
3945 1
3948 1
3949 1
3952 1
3953 1
3959 1
3963 2
3964 1
3974 1
3977 3
3981 3
3982 2
3984 1
3985 1
3986 1
3989 1
3994 1
3996 1
3997 2
3998 1
4003 1
4005 1
4012 1
4014 1
4017 1
4018 2
4020 2
4022 2
4024 1
4030 1
4036 1
4038 1
4044 2
4046 1
4048 1
4049 1
4050 1
4052 1
4057 1
4058 3
4060 1
4063 1
4065 1
4066 1
4070 1
4072 1
4076 1
4080 2
4081 2
4083 1
4087 2
4088 1
4091 1
4094 2
4095 1
4096 1
4097 1
4102 2
4104 1
4111 1
4112 1
4113 1
4114 1
4121 1
4123 2
4124 1
4126 2
4128 1
4136 1
4139 2
4142 1
4143 1
4144 1
4148 1
4152 1
4153 1
4155 1
4156 1
4159 1
4161 1
4164 2
4166 2
4167 1
4168 1
4171 1
4172 1
4174 1
4176 1
4177 1
4179 1
4181 1
4182 1
4185 1
4186 2
4188 1
4189 2
4190 1
4193 1
4195 1
4200 2
4203 2
4204 1
4207 1
4208 2
4216 1
4217 1
4219 1
4222 1
4226 1
4228 1
4229 1
4230 1
4234 1
4240 1
4242 1
4243 1
4245 2
4248 1
4249 1
4250 1
4251 1
4256 1
4258 1
4259 1
4260 1
4261 1
4262 1
4264 1
4266 1
4268 1
4269 1
4272 1
4276 1
4278 1
4280 1
4283 1
4285 1
4288 1
4290 1
4291 1
4292 1
4294 1
4299 1
4300 1
4305 1
4307 2
4308 1
4309 1
4313 1
4314 1
4316 1
4332 2
4333 1
4334 1
4341 1
4345 1
4349 1
4350 1
4353 1
4354 1
4359 1
4361 2
4362 1
4365 2
4368 1
4376 1
4377 1
4392 1
4395 1
4400 1
4401 1
4402 2
4412 1
4413 1
4416 1
4419 1
4421 1
4428 2
4429 2
4435 2
4436 1
4439 1
4441 1
4442 1
4443 2
4444 1
4445 1
4448 2
4453 1
4456 1
4458 1
4459 1
4460 1
4461 2
4465 1
4468 1
4469 1
4475 1
4477 1
4478 1
4479 1
4481 1
4482 1
4484 1
4486 1
4490 1
4495 1
4500 2
4504 2
4508 1
4515 1
4520 1
4523 1
4525 1
4531 1
4535 1
4539 1
4546 1
4552 1
4554 1
4556 2
4557 1
4558 3
4559 1
4563 1
4570 1
4571 1
4572 1
4574 1
4576 1
4577 1
4581 1
4586 1
4589 2
4591 1
4596 2
4598 1
4603 2
4604 1
4608 2
4612 1
4613 1
4623 1
4625 1
4629 1
4633 1
4638 1
4641 1
4655 2
4656 1
4657 1
4658 1
4662 1
4663 2
4664 2
4667 2
4668 2
4673 1
4674 1
4676 1
4677 1
4679 1
4680 2
4685 1
4686 1
4690 1
4693 1
4700 1
4703 1
4708 1
4715 1
4717 1
4719 2
4720 2
4727 1
4731 1
4732 1
4741 1
4744 1
4746 2
4748 1
4750 1
4752 1
4753 1
4755 1
4761 2
4762 1
4763 1
4768 1
4769 2
4772 1
4773 1
4774 1
4778 1
4779 1
4785 1
4787 1
4788 1
4789 3
4795 1
4796 1
4803 1
4807 1
4809 2
4815 2
4818 1
4820 3
4823 2
4824 2
4826 1
4827 1
4829 1
4837 1
4843 1
4845 3
4849 2
4850 1
4851 1
4856 3
4858 1
4860 1
4864 1
4865 1
4866 1
4870 1
4879 2
4880 1
4885 1
4886 1
4888 1
4889 1
4891 1
4892 2
4894 1
4896 1
4897 1
4900 1
4903 2
4905 1
4907 1
4908 1
4913 1
4916 1
4918 1
4919 1
4925 1
4935 1
4936 1
4941 1
4942 1
4947 1
4950 1
4951 1
4953 1
4954 1
4955 1
4956 2
4958 1
4960 1
4963 2
4968 1
4970 1
4973 1
4974 1
4981 1
4982 1
4985 1
4986 1
4989 1
4997 1
5002 1
5004 1
5005 1
5006 1
5013 1
5016 1
5024 1
5040 1
5042 1
5043 1
5047 1
5051 1
5053 1
5055 1
5059 1
5062 1
5066 1
5068 1
5071 1
5074 1
5077 1
5085 1
5086 1
5087 1
5090 2
5100 1
5102 1
5106 1
5108 1
5111 1
5112 2
5118 1
5119 1
5128 2
5129 2
5130 3
5133 1
5136 1
5138 2
5140 1
5145 1
5146 1
5148 1
5151 1
5153 1
5154 1
5165 1
5167 1
5168 1
5171 1
5172 1
5177 1
5180 1
5182 1
5187 1
5189 1
5192 1
5193 1
5200 2
5206 1
5207 1
5208 1
5209 1
5210 1
5211 1
5213 2
5214 1
5215 2
5218 1
5220 1
5223 1
5224 1
5225 1
5226 1
5233 1
5235 1
5237 2
5239 1
5241 1
5245 1
5246 1
5247 1
5248 1
5251 1
5260 1
5262 1
5267 1
5276 1
5277 1
5278 2
5286 1
5288 1
5289 1
5290 1
5291 2
5294 2
5295 1
5299 1
5300 2
5302 1
5303 1
5304 1
5312 1
5317 2
5318 1
5323 2
5326 2
5327 1
5329 2
5330 1
5331 1
5338 1
5340 1
5341 1
5348 1
5349 1
5361 1
5365 1
5367 1
5370 1
5371 1
5374 2
5377 2
5378 1
5383 1
5393 1
5394 1
5395 1
5397 1
5405 1
5407 1
5416 1
5417 2
5419 2
5421 1
5424 1
5426 2
5429 1
5431 2
5433 1
5434 1
5438 1
5447 1
5448 1
5450 1
5452 1
5453 1
5454 1
5455 1
5456 1
5458 1
5459 1
5460 1
5461 1
5476 1
5479 1
5484 2
5488 1
5491 2
5493 2
5494 1
5496 2
5497 1
5499 1
5500 1
5506 1
5511 1
5512 1
5516 1
5522 1
5527 1
5543 2
5548 2
5559 2
5563 2
5564 1
5567 1
5569 2
5570 1
5574 1
5576 2
5579 1
5580 1
5584 1
5585 2
5588 1
5589 1
5592 1
5600 1
5603 1
5609 1
5612 1
5618 1
5620 1
5625 1
5628 1
5629 1
5630 1
5631 1
5633 1
5634 1
5639 1
5640 1
5641 1
5645 1
5646 2
5649 1
5652 1
5653 2
5654 3
5655 1
5660 1
5661 1
5663 1
5665 1
5666 2
5674 1
5677 1
5684 2
5685 1
5690 1
5691 1
5692 1
5695 1
5698 1
5702 2
5704 1
5705 1
5709 1
5710 1
5714 2
5721 1
5725 2
5726 1
5727 1
5730 1
5733 1
5735 2
5738 1
5745 1
5754 1
5757 1
5758 1
5761 1
5762 1
5763 1
5764 1
5770 1
5773 1
5775 1
5776 1
5780 1
5781 1
5783 1
5785 1
5787 2
5788 1
5789 2
5790 2
5794 1
5795 1
5798 2
5800 1
5806 1
5808 1
5811 1
5816 1
5819 1
5820 2
5822 1
5823 1
5829 1
5834 1
5837 1
5839 1
5841 1
5846 1
5847 1
5848 2
5849 2
5854 1
5855 2
5857 1
5858 1
5860 1
5863 1
5876 1
5891 1
5898 1
5899 1
5903 1
5906 1
5910 1
5911 1
5913 2
5914 1
5915 1
5921 1
5927 1
5929 1
5941 1
5942 1
5943 1
5946 2
5947 1
5948 1
5949 1
5951 2
5954 1
5960 1
5962 1
5963 2
5965 1
5967 1
5970 1
5974 1
5975 1
5976 1
5988 1
5992 1
6000 1
6003 1
6006 1
6008 2
6012 2
6019 1
6022 2
6024 1
6025 1
6032 1
6035 2
6037 2
6042 1
6044 1
6045 1
6047 1
6048 1
6053 1
6054 1
6057 1
6058 1
6063 1
6068 2
6070 1
6073 1
6077 1
6078 1
6085 1
6087 1
6094 1
6095 2
6098 1
6099 1
6106 1
6107 1
6109 1
6112 1
6113 1
6114 1
6121 1
6123 1
6126 1
6127 1
6128 1
6129 1
6132 1
6136 1
6140 2
6141 1
6143 1
6144 1
6145 2
6146 1
6148 1
6149 1
6151 2
6155 1
6157 1
6159 1
6160 1
6162 2
6168 1
6172 4
6174 1
6175 1
6178 3
6180 1
6181 1
6182 2
6190 1
6193 1
6196 1
6203 1
6205 1
6208 1
6210 1
6211 1
6212 1
6218 1
6220 1
6221 2
6225 1
6235 1
6239 3
6243 1
6246 2
6248 2
6252 2
6255 1
6257 1
6259 1
6260 1
6261 1
6272 2
6273 1
6276 1
6278 1
6283 1
6284 2
6286 2
6290 1
6305 1
6306 1
6307 2
6314 1
6317 1
6319 1
6323 1
6328 1
6332 1
6335 1
6336 1
6340 1
6341 1
6342 2
6343 1
6345 1
6346 1
6348 1
6355 1
6358 2
6374 1
6375 1
6384 1
6385 1
6386 1
6390 2
6394 2
6395 1
6398 1
6400 1
6403 1
6405 1
6407 1
6410 1
6419 1
6420 1
6421 1
6425 1
6429 1
6433 2
6436 1
6437 2
6439 1
6440 1
6441 1
6442 1
6446 1
6447 1
6450 1
6457 2
6459 1
6461 1
6462 1
6463 3
6464 1
6466 1
6468 1
6469 1
6471 1
6474 1
6476 1
6482 2
6486 1
6490 1
6491 1
6493 2
6500 1
6509 3
6516 1
6517 1
6519 2
6522 1
6527 1
6528 1
6529 1
6532 1
6538 1
6539 1
6540 1
6542 1
6546 1
6558 1
6559 1
6560 1
6564 1
6568 1
6570 1
6574 1
6576 2
6577 1
6581 1
6584 1
6586 1
6590 1
6594 1
6596 2
6597 1
6598 1
6602 1
6604 1
6605 1
6610 1
6613 1
6614 1
6616 1
6618 1
6619 2
6621 1
6632 1
6635 1
6636 1
6637 1
6643 1
6645 2
6648 1
6649 1
6653 1
6656 1
6658 1
6659 1
6663 1
6664 1
6666 1
6667 1
6670 1
6672 1
6678 1
6681 1
6682 1
6683 4
6687 1
6688 1
6689 1
6690 1
6691 1
6692 1
6693 1
6699 1
6704 1
6705 1
6707 1
6709 1
6711 1
6716 1
6717 1
6719 1
6720 1
6725 1
6737 1
6738 2
6739 1
6740 2
6741 2
6744 1
6746 1
6748 1
6750 1
6751 1
6752 1
6758 1
6760 1
6768 2
6770 1
6784 1
6785 1
6787 1
6789 1
6793 1
6794 1
6802 2
6804 2
6807 1
6816 1
6819 1
6820 1
6823 1
6824 1
6826 1
6832 1
6833 1
6834 2
6842 1
6849 2
6851 2
6852 1
6854 1
6861 1
6866 1
6870 3
6871 1
6873 1
6874 2
6875 1
6880 1
6882 2
6883 2
6886 1
6888 1
6896 1
6897 2
6899 1
6901 1
6902 1
6903 1
6907 1
6908 1
6913 1
6919 1
6920 2
6922 1
6925 1
6926 1
6927 1
6933 1
6935 1
6938 1
6939 1
6940 1
6942 1
6950 1
6952 1
6954 1
6955 2
6957 1
6959 1
6963 2
6966 1
6967 1
6974 1
6986 3
6987 2
6990 1
7002 1
7006 2
7009 1
7013 1
7020 1
7021 1
7022 1
7026 2
7027 1
7028 1
7029 1
7031 2
7036 2
7037 1
7039 1
7041 2
7042 1
7043 1
7044 1
7047 1
7051 1
7055 1
7060 1
7061 1
7064 1
7065 2
7071 1
7077 1
7079 1
7080 1
7090 1
7092 1
7093 1
7095 3
7103 2
7106 1
7107 1
7110 2
7112 1
7113 1
7114 2
7116 1
7117 1
7121 2
7123 1
7124 1
7125 1
7126 1
7132 1
7133 2
7134 1
7135 1
7138 2
7142 1
7151 1
7152 1
7156 1
7159 1
7162 2
7165 1
7166 1
7172 1
7174 1
7176 1
7178 1
7182 1
7190 1
7197 1
7210 1
7211 1
7216 1
7217 1
7220 2
7221 1
7222 1
7224 1
7225 1
7226 1
7227 1
7228 2
7231 1
7241 1
7245 2
7247 1
7252 1
7255 1
7260 2
7264 2
7267 1
7274 1
7276 3
7279 1
7282 1
7283 2
7284 1
7288 1
7291 1
7292 1
7293 1
7295 1
7296 2
7300 1
7307 1
7308 1
7309 2
7310 2
7312 1
7313 2
7314 1
7316 1
7318 1
7319 1
7321 1
7325 1
7326 1
7329 2
7334 1
7336 1
7338 1
7339 2
7340 1
7341 1
7344 1
7345 2
7346 1
7352 2
7356 1
7361 1
7369 2
7370 1
7371 1
7378 1
7380 1
7386 1
7393 1
7396 1
7397 1
7399 1
7400 1
7402 1
7403 1
7404 1
7409 1
7413 1
7414 2
7417 1
7418 2
7420 1
7425 1
7426 1
7430 1
7433 1
7438 1
7442 1
7449 3
7452 1
7453 1
7454 1
7455 1
7456 2
7464 1
7466 3
7467 1
7468 1
7471 1
7473 1
7476 2
7480 1
7482 1
7485 1
7493 1
7501 1
7502 1
7504 1
7507 1
7508 1
7512 1
7517 1
7521 1
7528 1
7529 3
7532 1
7538 1
7539 1
7540 1
7541 1
7542 1
7543 1
7547 1
7552 1
7554 2
7556 1
7557 2
7559 1
7560 1
7566 2
7568 1
7569 1
7571 1
7574 1
7580 1
7584 1
7590 1
7593 2
7595 2
7596 1
7597 1
7598 1
7601 1
7603 1
7610 2
7612 1
7613 1
7617 2
7620 1
7622 1
7626 1
7630 1
7637 1
7644 1
7645 1
7657 1
7658 2
7659 1
7660 1
7661 2
7666 1
7667 1
7669 2
7672 1
7677 1
7681 1
7692 2
7693 1
7697 1
7698 1
7700 1
7703 1
7706 1
7712 1
7713 1
7720 1
7722 1
7725 1
7728 2
7733 1
7737 1
7740 2
7751 1
7760 2
7767 1
7773 1
7775 1
7777 2
7778 2
7779 1
7781 1
7787 2
7788 1
7789 1
7791 1
7792 1
7796 1
7801 1
7805 1
7808 2
7812 4
7817 1
7818 1
7820 2
7822 1
7823 1
7828 1
7829 1
7835 1
7836 1
7839 2
7843 1
7844 1
7848 1
7851 1
7853 2
7856 1
7858 1
7860 2
7862 1
7866 2
7870 1
7874 2
7875 1
7876 2
7877 1
7878 1
7883 1
7887 2
7893 1
7895 1
7897 1
7900 1
7905 1
7906 1
7907 1
7909 1
7911 2
7912 1
7913 2
7916 1
7917 1
7919 1
7923 1
7925 1
7928 2
7930 1
7932 1
7942 1
7943 1
7948 3
7953 1
7956 2
7957 1
7961 1
7964 1
7967 1
7968 1
7970 1
7976 1
7980 1
7982 1
7984 2
7987 2
7992 1
7995 1
7999 1
8001 1
8003 1
8004 1
8006 2
8014 3
8026 2
8029 1
8030 1
8031 1
8032 1
8044 1
8045 2
8047 1
8050 1
8052 1
8053 1
8054 1
8059 2
8062 1
8064 1
8065 1
8066 2
8067 1
8072 1
8074 1
8075 1
8080 1
8082 1
8087 1
8088 1
8089 1
8090 2
8091 3
8092 1
8093 1
8097 1
8099 1
8100 1
8101 1
8104 1
8106 1
8107 1
8109 1
8110 1
8111 2
8115 1
8118 1
8119 1
8123 1
8126 1
8127 2
8128 1
8129 2
8130 1
8131 1
8135 1
8137 1
8138 1
8140 2
8142 2
8143 1
8144 2
8147 2
8148 1
8152 1
8155 2
8160 1
8161 1
8162 1
8167 1
8168 1
8169 1
8175 1
8178 1
8180 1
8181 1
8182 2
8186 1
8188 2
8192 1
8197 2
8203 1
8210 1
8213 1
8215 1
8219 1
8220 1
8224 1
8228 1
8230 1
8232 1
8233 1
8234 2
8240 1
8244 1
8245 2
8250 1
8257 1
8258 1
8259 1
8261 2
8266 2
8267 1
8275 1
8277 1
8281 1
8282 1
8285 1
8286 1
8290 2
8291 1
8292 1
8293 1
8294 1
8300 1
8305 2
8308 3
8312 2
8313 1
8315 1
8316 1
8318 1
8319 1
8338 1
8341 1
8351 1
8353 1
8354 1
8355 1
8356 1
8357 1
8358 1
8360 1
8363 1
8368 1
8372 1
8374 1
8375 1
8377 1
8378 1
8379 1
8380 1
8384 2
8385 2
8390 1
8391 1
8392 1
8393 1
8394 1
8395 2
8400 1
8407 1
8408 1
8411 1
8412 1
8417 1
8418 1
8420 1
8421 1
8423 1
8431 1
8437 1
8438 2
8442 2
8444 1
8451 2
8454 1
8461 1
8466 1
8467 2
8468 1
8472 2
8473 2
8478 1
8481 1
8482 1
8484 2
8485 1
8489 1
8491 1
8494 1
8496 1
8497 1
8500 1
8504 1
8506 2
8508 2
8509 2
8512 1
8518 1
8520 1
8522 4
8524 1
8525 1
8526 1
8527 1
8528 1
8529 1
8532 1
8536 1
8539 1
8540 1
8541 1
8543 1
8546 1
8547 1
8549 1
8550 1
8556 2
8560 1
8563 1
8567 1
8568 1
8574 1
8577 2
8578 1
8579 1
8581 1
8584 1
8585 1
8587 1
8589 1
8590 1
8595 1
8598 2
8603 1
8604 1
8609 1
8610 1
8613 1
8615 1
8619 1
8632 1
8635 1
8638 1
8645 1
8646 1
8647 1
8648 2
8656 1
8661 1
8663 1
8670 1
8675 1
8679 1
8682 1
8683 1
8686 1
8688 2
8693 1
8706 2
8708 1
8711 2
8714 2
8716 1
8717 1
8721 1
8723 1
8724 1
8726 2
8731 1
8733 1
8738 1
8743 3
8751 1
8757 2
8767 1
8770 2
8780 1
8788 2
8789 1
8790 1
8796 1
8802 1
8804 1
8805 1
8807 1
8810 1
8811 2
8812 2
8814 1
8816 2
8817 1
8819 1
8825 1
8836 1
8838 1
8842 1
8843 1
8845 2
8847 1
8850 2
8851 1
8852 1
8854 1
8855 2
8857 1
8858 1
8859 2
8867 4
8868 1
8872 1
8874 1
8875 2
8877 1
8878 1
8880 1
8881 3
8882 1
8886 2
8896 2
8898 1
8899 2
8902 2
8905 1
8906 2
8911 1
8914 1
8915 1
8919 1
8922 1
8924 1
8925 1
8926 1
8928 1
8929 1
8931 1
8932 1
8934 1
8935 1
8939 1
8940 1
8944 1
8945 1
8947 1
8949 2
8950 1
8953 1
8957 2
8958 1
8962 2
8965 3
8966 1
8968 1
8971 2
8974 2
8975 4
8980 1
8982 2
8984 1
8986 2
8988 2
8989 1
8994 1
8995 1
8996 2
8998 1
9000 2
9002 1
9003 1
9008 1
9016 3
9019 3
9020 1
9021 2
9022 1
9023 1
9028 1
9029 1
9030 1
9031 1
9032 1
9034 1
9038 1
9046 1
9051 1
9052 1
9056 1
9059 1
9060 1
9062 1
9063 1
9068 3
9069 1
9073 1
9075 1
9076 1
9080 3
9084 1
9086 2
9087 1
9090 1
9093 1
9094 1
9097 1
9101 1
9103 2
9111 1
9113 1
9115 2
9116 1
9119 1
9122 1
9125 2
9128 1
9132 1
9135 1
9137 2
9142 2
9146 1
9147 1
9150 1
9151 1
9153 1
9154 1
9155 3
9157 1
9162 1
9163 1
9164 1
9166 2
9168 2
9171 1
9172 1
9173 1
9174 1
9175 1
9177 2
9178 1
9182 1
9183 1
9184 2
9185 1
9186 1
9187 1
9194 2
9196 1
9201 1
9203 1
9206 1
9207 1
9210 1
9211 1
9213 1
9214 1
9215 2
9220 1
9226 1
9228 2
9230 1
9231 1
9232 1
9235 1
9237 1
9238 1
9239 1
9242 1
9244 2
9245 1
9250 1
9251 1
9252 1
9257 1
9266 1
9267 1
9268 1
9269 1
9271 2
9272 3
9275 3
9278 2
9281 2
9290 1
9293 3
9296 2
9297 2
9298 1
9299 1
9302 1
9303 1
9304 1
9305 1
9308 2
9309 1
9310 2
9313 1
9321 2
9327 1
9330 1
9332 1
9333 1
9336 1
9337 1
9342 1
9343 1
9344 1
9345 2
9347 2
9351 1
9352 1
9355 1
9358 1
9359 1
9360 1
9366 1
9370 2
9372 2
9382 2
9384 1
9387 3
9390 2
9396 1
9398 1
9399 1
9400 2
9406 3
9407 1
9410 1
9411 1
9414 1
9418 1
9421 1
9423 1
9426 1
9428 1
9431 1
9433 1
9435 1
9437 1
9439 1
9445 1
9447 1
9453 2
9456 1
9457 1
9458 2
9459 2
9460 1
9462 1
9465 1
9470 2
9471 1
9472 1
9481 2
9482 1
9483 2
9485 1
9486 1
9491 1
9494 1
9495 1
9497 1
9499 2
9501 1
9504 1
9505 1
9507 2
9509 1
9511 1
9512 1
9514 3
9517 1
9518 1
9522 1
9523 1
9524 1
9525 1
9531 1
9534 2
9540 1
9541 2
9542 2
9547 1
9548 1
9550 1
9558 1
9559 1
9561 1
9564 1
9567 1
9569 1
9571 2
9572 1
9574 1
9577 1
9579 1
9580 1
9581 1
9582 1
9583 1
9584 1
9586 1
9587 1
9588 1
9590 1
9592 1
9596 1
9597 1
9598 1
9599 1
9601 1
9604 1
9607 1
9608 1
9610 2
9612 2
9620 1
9622 1
9625 1
9626 1
9627 1
9630 1
9631 1
9638 2
9639 1
9640 2
9641 2
9642 1
9645 1
9648 2
9649 1
9664 1
9666 1
9667 1
9675 1
9679 1
9682 1
9684 1
9685 1
9686 1
9687 1
9694 2
9696 1
9697 1
9703 2
9704 4
9705 2
9706 1
9707 1
9710 1
9714 1
9715 1
9719 1
9720 3
9721 1
9722 1
9723 1
9724 1
9726 1
9728 1
9730 1
9731 1
9732 2
9733 1
9734 1
9736 1
9740 2
9746 1
9747 1
9748 2
9749 1
9750 1
9753 3
9755 1
9756 1
9759 1
9761 1
9762 1
9763 1
9764 2
9765 1
9767 1
9769 1
9770 2
9771 1
9772 3
9775 1
9783 2
9784 1
9787 1
9788 1
9791 1
9793 1
9794 1
9795 1
9796 1
9797 1
9798 1
9799 1
9800 2
9805 1
9808 1
9818 1
9820 1
9821 1
9822 1
9823 1
9825 1
9829 1
9832 1
9838 2
9839 1
9843 1
9846 1
9848 1
9849 1
9850 2
9852 2
9854 1
9857 2
9858 1
9859 1
9860 1
9861 1
9862 1
9863 1
9865 1
9866 2
9867 1
9873 1
9874 1
9877 1
9879 1
9881 1
9883 2
9885 1
9886 1
9888 1
9889 1
9890 1
9894 1
9895 1
9897 1
9898 2
9903 1
9905 1
9906 1
9907 1
9912 2
9913 2
9914 1
9922 1
9924 1
9926 1
9929 1
9930 1
9931 1
9932 1
9933 1
9934 2
9935 1
9936 1
9937 1
9948 2
9954 1
9955 1
9956 3
9965 2
9966 1
9968 2
9970 1
9973 1
9977 1
9979 1
9980 1
9982 1
9986 1
9987 1
9990 1
9991 1
9993 2
9998 1
10004 1
10005 1
10007 2
10008 1
10010 1
10011 2
10014 1
10018 1
10019 1
10023 2
10024 1
10025 2
10028 1
10031 1
10033 1
10034 1
10037 1
10039 1
10041 1
10043 1
10044 1
10045 1
10046 1
10048 1
10050 1
10051 1
10052 2
10055 1
10057 2
10058 1
10062 1
10064 1
10065 3
10066 1
10068 1
10069 1
10076 1
10083 3
10084 1
10087 1
10088 2
10089 1
10090 1
10091 3
10095 1
10098 1
10100 1
10101 4
10104 1
10108 1
10110 1
10112 1
10115 2
10118 1
10122 1
10126 2
10128 1
10133 1
10136 1
10139 1
10140 1
10143 1
10146 1
10151 2
10154 1
10157 1
10159 1
10160 1
10161 2
10163 2
10166 1
10169 2
10171 1
10178 2
10181 1
10182 1
10184 1
10187 1
10189 1
10195 1
10197 2
10198 2
10199 1
10201 1
10206 1
10210 1
10211 1
10214 1
10215 2
10217 1
10218 1
10219 1
10220 1
10221 2
10223 1
10225 1
10228 1
10232 1
10233 1
10234 1
10235 1
10236 1
10237 1
10238 1
10243 1
10244 1
10245 1
10247 1
10248 1
10250 1
10252 1
10253 2
10257 1
10258 1
10261 1
10262 2
10263 1
10265 1
10269 1
10270 1
10272 2
10273 1
10274 1
10275 1
10277 1
10278 1
10282 1
10285 1
10289 1
10291 1
10292 1
10293 1
10294 2
10297 1
10298 2
10299 1
10300 1
10301 1
10304 1
10306 2
10307 2
10309 2
10311 1
10312 1
10316 1
10317 2
10319 2
10326 1
10327 1
10330 2
10331 1
10332 1
10333 1
10337 1
10338 2
10344 1
10345 2
10346 1
10348 2
10350 1
10352 1
10357 1
10360 1
10363 1
10366 2
10368 1
10371 1
10373 1
10374 1
10377 4
10382 1
10384 1
10386 1
10387 1
10392 2
10395 2
10398 1
10400 1
10401 1
10408 1
10410 2
10414 1
10422 2
10424 2
10426 1
10427 1
10428 4
10430 1
10432 2
10434 1
10439 2
10441 1
10442 1
10444 1
10447 1
10449 1
10451 1
10458 1
10461 1
10463 1
10466 1
10468 1
10471 2
10487 1
10488 1
10489 1
10495 1
10496 1
10497 1
10500 2
10501 1
10502 1
10503 1
10505 2
10506 1
10512 1
10513 2
10514 2
10515 2
10518 1
10520 1
10521 1
10524 1
10526 1
10528 2
10529 1
10531 1
10533 1
10534 1
10538 1
10540 1
10541 1
10542 1
10545 1
10547 1
10548 2
10549 1
10550 2
10552 1
10553 1
10555 1
10558 1
10560 1
10561 1
10564 4
10565 1
10566 1
10568 2
10569 1
10571 1
10573 1
10577 1
10582 4
10585 1
10587 1
10590 2
10591 3
10593 1
10594 1
10596 2
10601 1
10602 2
10606 1
10608 1
10609 1
10612 1
10613 1
10617 2
10619 1
10622 1
10623 1
10624 2
10625 1
10627 3
10633 1
10634 1
10639 2
10640 2
10641 1
10642 1
10646 1
10649 2
10650 1
10652 1
10653 1
10654 2
10655 1
10657 1
10659 1
10660 1
10661 1
10663 1
10671 1
10672 1
10673 1
10674 1
10678 2
10680 1
10682 1
10686 1
10687 1
10689 2
10691 1
10692 2
10693 1
10699 1
10701 2
10702 1
10703 1
10705 1
10706 2
10708 1
10709 1
10711 1
10712 1
10714 1
10720 1
10721 1
10722 2
10723 2
10724 1
10726 2
10727 1
10729 1
10736 1
10739 2
10741 1
10742 2
10743 2
10745 1
10747 1
10751 2
10752 1
10754 1
10755 1
10756 1
10757 1
10759 1
10763 1
10767 2
10768 1
10769 2
10771 2
10772 1
10775 2
10776 1
10782 1
10784 2
10785 1
10786 1
10788 3
10790 1
10796 1
10799 2
10800 1
10801 1
10802 1
10806 1
10809 1
10810 1
10811 1
10813 1
10815 1
10817 1
10820 1
10822 2
10823 1
10824 1
10826 1
10829 3
10832 1
10833 1
10836 2
10837 1
10840 1
10842 2
10844 1
10846 2
10847 2
10849 2
10852 1
10854 1
10855 1
10856 3
10857 1
10858 1
10864 1
10867 1
10868 1
10870 1
10872 2
10873 1
10874 1
10875 1
10877 1
10879 1
10881 1
10885 1
10889 1
10892 1
10897 1
10905 1
10907 1
10909 2
10910 2
10911 1
10912 1
10913 1
10915 2
10918 2
10920 1
10922 1
10926 1
10929 1
10931 1
10932 3
10936 3
10937 3
10941 3
10942 1
10943 2
10948 2
10950 1
10955 1
10957 1
10959 3
10961 2
10964 1
10967 1
10968 2
10969 2
10975 1
10976 2
10979 1
10980 2
10981 1
10983 1
10984 1
10986 1
10987 1
10989 1
10990 3
10992 1
10996 1
10997 1
10998 1
10999 1
11000 1
11001 1
11002 1
11004 1
11007 1
11010 2
11014 3
11018 1
11020 1
11022 1
11023 1
11025 2
11026 1
11027 1
11031 3
11034 4
11036 1
11037 2
11038 1
11040 2
11042 1
11043 1
11045 1
11049 1
11051 1
11052 2
11055 2
11056 1
11057 1
11060 1
11063 1
11066 1
11067 1
11068 2
11072 1
11077 1
11079 1
11081 1
11084 1
11086 1
11089 1
11091 1
11094 3
11095 1
11096 3
11101 2
11104 1
11105 1
11107 1
11109 1
11110 2
11112 2
11120 1
11121 1
11122 2
11124 1
11127 1
11128 2
11132 1
11133 1
11134 1
11136 1
11137 2
11140 2
11141 2
11143 3
11148 1
11149 1
11150 2
11151 1
11152 1
11153 1
11154 2
11155 2
11158 1
11161 3
11162 1
11164 1
11165 1
11168 2
11171 2
11174 1
11175 1
11177 1
11182 1
11187 1
11188 2
11194 1
11197 1
11198 1
11201 1
11202 1
11204 1
11207 1
11208 1
11212 1
11216 1
11218 1
11219 3
11221 1
11223 1
11225 2
11228 1
11230 1
11231 1
11232 1
11239 1
11240 3
11242 1
11243 1
11244 2
11247 1
11248 1
11251 1
11252 1
11253 1
11256 1
11258 1
11261 2
11262 1
11264 3
11265 1
11266 1
11268 2
11269 2
11272 1
11274 1
11276 1
11282 2
11283 1
11284 1
11286 1
11287 1
11295 2
11298 1
11299 1
11302 1
11303 1
11305 2
11307 1
11308 1
11309 1
11310 2
11312 1
11314 1
11315 1
11317 1
11318 1
11319 1
11320 2
11322 1
11323 1
11327 1
11329 1
11331 1
11333 1
11335 1
11338 1
11340 1
11342 1
11344 1
11345 2
11346 1
11347 2
11349 1
11351 1
11352 2
11357 2
11358 2
11360 2
11362 2
11363 3
11364 1
11366 1
11372 1
11373 1
11377 1
11378 1
11381 1
11382 1
11383 4
11384 1
11386 2
11387 1
11388 1
11392 1
11393 1
11395 1
11396 1
11399 1
11400 1
11401 1
11402 2
11404 1
11413 3
11416 1
11417 1
11418 2
11421 2
11422 2
11424 1
11425 1
11427 1
11428 2
11429 1
11430 1
11433 2
11434 1
11435 1
11436 1
11438 2
11441 1
11442 1
11443 1
11446 2
11452 1
11455 1
11457 1
11462 3
11465 2
11466 1
11472 2
11473 1
11474 2
11475 1
11476 1
11477 3
11478 1
11479 1
11481 1
11482 2
11483 3
11488 2
11489 1
11490 1
11491 1
11494 1
11499 1
11501 2
11504 1
11509 1
11512 1
11513 1
11514 1
11515 2
11517 1
11520 1
11521 1
11525 3
11531 1
11532 1
11533 1
11536 2
11537 1
11538 1
11540 2
11542 1
11544 1
11545 3
11552 2
11553 1
11554 2
11555 1
11557 1
11558 2
11563 3
11564 1
11565 1
11566 2
11567 1
11570 1
11576 2
11577 1
11579 1
11580 1
11582 2
11583 1
11584 1
11585 1
11586 2
11588 1
11589 1
11590 1
11594 1
11595 2
11597 3
11598 1
11599 1
11601 1
11605 2
11606 2
11608 2
11609 2
11611 1
11612 1
11615 1
11616 2
11617 3
11618 2
11620 1
11621 1
11622 1
11624 1
11625 1
11627 2
11632 2
11633 1
11634 1
11635 2
11636 1
11637 1
11638 1
11640 1
11643 2
11645 1
11646 2
11647 2
11654 1
11655 3
11656 1
11659 1
11661 1
11666 2
11667 1
11668 1
11669 1
11672 3
11673 1
11674 1
11675 2
11682 1
11685 3
11686 1
11687 1
11688 1
11690 2
11696 1
11697 2
11700 2
11703 1
11705 1
11706 1
11708 1
11712 2
11714 3
11715 1
11717 2
11718 3
11720 2
11721 1
11722 2
11724 1
11727 1
11728 1
11729 1
11732 2
11733 1
11735 4
11737 1
11738 1
11745 1
11746 1
11751 1
11752 1
11753 1
11757 1
11761 1
11763 1
11767 2
11769 1
11772 1
11773 2
11774 1
11775 1
11777 3
11778 2
11779 2
11783 1
11785 1
11786 2
11787 1
11788 1
11789 3
11790 2
11793 1
11795 1
11796 2
11801 1
11802 1
11805 1
11806 1
11809 1
11812 2
11813 2
11814 1
11815 1
11817 1
11818 1
11819 1
11820 3
11821 2
11822 1
11824 1
11826 1
11829 1
11830 1
11832 1
11834 2
11836 1
11837 1
11838 2
11839 1
11842 2
11843 1
11844 2
11846 1
11848 1
11851 1
11857 2
11861 1
11862 1
11869 1
11873 2
11874 1
11877 1
11878 1
11879 1
11886 1
11887 2
11889 1
11891 1
11893 1
11894 1
11896 1
11897 1
11898 1
11899 1
11900 1
11902 1
11905 1
11906 1
11907 1
11908 3
11910 1
11912 1
11917 1
11918 1
11919 2
11922 2
11926 1
11929 1
11931 1
11933 1
11937 1
11938 2
11943 1
11946 1
11949 1
11951 1
11952 1
11953 1
11954 1
11955 2
11958 1
11964 1
11965 1
11966 2
11968 1
11973 1
11976 1
11980 1
11985 1
11986 1
11988 1
11991 1
11993 1
11994 1
11996 2
11997 2
12000 2
12002 2
12003 1
12006 1
12007 1
12008 1
12011 1
12012 2
12014 2
12015 3
12017 2
12018 1
12020 1
12023 3
12024 2
12027 1
12028 1
12029 1
12030 1
12033 1
12034 2
12037 1
12038 1
12041 1
12043 1
12044 3
12047 2
12048 2
12049 1
12052 1
12055 1
12056 1
12057 1
12058 1
12060 1
12062 1
12064 1
12065 1
12072 3
12075 1
12079 1
12080 2
12081 2
12086 1
12088 1
12091 1
12095 2
12097 1
12100 1
12101 1
12102 1
12107 1
12108 1
12112 2
12113 1
12114 1
12117 1
12118 1
12120 1
12121 1
12126 1
12130 1
12131 1
12135 2
12138 2
12139 1
12140 1
12146 1
12154 2
12158 2
12159 2
12162 1
12163 2
12165 1
12166 1
12167 1
12169 1
12170 2
12172 1
12179 2
12180 1
12181 1
12182 1
12191 1
12196 1
12197 1
12198 2
12201 1
12202 2
12203 1
12204 1
12206 1
12207 1
12208 1
12209 1
12210 1
12211 1
12212 1
12213 1
12214 1
12217 1
12218 2
12221 1
12225 1
12229 1
12230 1
12232 1
12235 1
12236 1
12240 2
12241 2
12243 2
12247 1
12249 1
12250 1
12251 1
12254 1
12255 1
12257 1
12262 1
12263 1
12264 1
12267 1
12269 3
12270 1
12271 1
12272 1
12274 1
12275 1
12276 1
12277 1
12279 1
12283 1
12286 1
12287 1
12291 1
12294 1
12296 1
12297 2
12300 1
12301 2
12304 1
12306 1
12309 1
12312 3
12314 1
12316 1
12317 1
12319 1
12320 1
12321 1
12325 2
12327 1
12328 3
12329 1
12331 1
12333 2
12337 2
12339 1
12341 1
12344 1
12346 3
12349 1
12351 2
12353 2
12355 1
12360 1
12364 1
12366 2
12368 1
12370 1
12374 2
12375 2
12376 1
12377 1
12379 1
12380 2
12385 1
12386 1
12393 1
12394 1
12395 1
12396 2
12397 2
12399 1
12401 1
12404 1
12408 1
12412 1
12414 1
12422 1
12423 1
12429 1
12430 2
12434 1
12435 1
12436 1
12437 1
12442 1
12447 1
12451 1
12456 1
12458 1
12461 2
12464 1
12467 1
12468 1
12469 1
12473 1
12476 1
12478 3
12480 2
12487 1
12492 1
12495 2
12498 1
12499 1
12500 1
12502 2
12505 1
12507 1
12508 1
12509 2
12511 1
12513 1
12515 1
12516 1
12518 1
12520 2
12522 1
12526 1
12528 1
12529 1
12532 1
12533 1
12534 2
12536 1
12537 1
12538 2
12539 2
12540 1
12542 1
12544 1
12547 2
12549 1
12550 1
12551 2
12553 1
12564 1
12568 1
12570 1
12571 1
12575 1
12576 1
12577 4
12590 2
12592 2
12596 1
12598 1
12600 2
12603 1
12604 1
12607 1
12609 3
12612 1
12617 2
12620 1
12622 2
12623 3
12624 1
12625 1
12627 1
12628 2
12629 1
12630 2
12631 1
12633 2
12644 1
12645 1
12646 1
12647 1
12648 1
12651 2
12654 1
12657 1
12658 2
12659 1
12661 2
12662 1
12665 3
12667 2
12670 1
12673 1
12677 1
12679 1
12680 1
12681 4
12695 2
12696 1
12698 1
12700 1
12703 1
12705 2
12707 1
12710 1
12717 1
12718 1
12724 1
12729 2
12730 1
12733 1
12737 1
12744 1
12745 3
12746 1
12748 1
12749 1
12750 2
12752 1
12753 1
12757 1
12759 1
12764 1
12768 1
12773 1
12777 2
12778 2
12779 1
12782 1
12789 1
12790 1
12795 1
12798 3
12799 1
12801 1
12807 1
12811 1
12812 1
12816 1
12817 1
12823 1
12824 1
12828 1
12831 1
12833 1
12835 1
12838 1
12839 2
12842 1
12846 1
12847 1
12849 1
12851 1
12858 1
12859 1
12861 1
12862 1
12871 1
12877 1
12878 1
12881 1
12884 2
12886 2
12887 1
12889 1
12891 1
12894 3
12898 1
12905 1
12906 1
12907 1
12910 2
12916 1
12922 1
12924 1
12925 1
12927 1
12928 2
12929 1
12930 2
12932 1
12942 1
12946 2
12950 1
12952 1
12957 1
12959 2
12962 1
12964 3
12965 1
12967 1
12972 1
12974 2
12976 1
12979 1
12986 2
12989 1
12994 1
12999 1
13002 2
13003 1
13007 1
13012 1
13016 1
13018 1
13019 1
13020 1
13021 2
13022 1
13024 1
13030 2
13033 1
13038 1
13042 1
13044 2
13046 1
13047 1
13048 1
13049 1
13050 1
13053 1
13054 1
13055 1
13059 1
13062 1
13064 1
13065 2
13070 1
13072 1
13073 1
13080 1
13083 1
13084 1
13085 1
13088 1
13090 1
13096 2
13097 2
13099 1
13103 1
13104 2
13113 1
13114 1
13115 1
13119 1
13126 1
13128 1
13141 1
13142 1
13143 1
13149 1
13150 1
13152 1
13153 1
13156 1
13159 1
13160 1
13162 1
13165 1
13166 1
13167 1
13172 1
13173 1
13174 2
13179 1
13186 1
13187 1
13188 1
13190 2
13193 1
13196 1
13198 1
13200 1
13201 1
13203 1
13206 1
13214 1
13217 1
13219 1
13224 1
13225 2
13228 2
13229 2
13230 1
13233 1
13239 1
13242 3
13250 1
13251 1
13254 1
13255 1
13261 1
13262 1
13263 1
13265 1
13268 1
13269 1
13270 1
13272 2
13273 1
13275 1
13281 1
13282 1
13287 1
13288 1
13291 1
13295 1
13296 1
13297 1
13300 1
13303 1
13306 1
13307 2
13308 1
13315 1
13318 1
13320 3
13321 1
13323 1
13324 1
13325 1
13329 1
13331 1
13337 1
13339 1
13340 2
13346 1
13350 1
13354 2
13356 1
13358 1
13359 1
13360 1
13363 1
13365 1
13367 1
13369 1
13375 1
13377 1
13378 1
13384 1
13386 1
13391 1
13395 1
13396 2
13398 1
13407 2
13408 1
13410 2
13412 2
13418 1
13420 2
13422 1
13424 1
13429 1
13430 1
13434 1
13436 1
13438 1
13441 1
13443 1
13444 1
13445 1
13450 1
13461 1
13463 1
13465 1
13469 1
13473 1
13477 1
13481 1
13482 1
13486 3
13489 2
13499 1
13500 1
13502 1
13505 1
13515 1
13516 1
13518 2
13520 1
13524 1
13525 2
13526 2
13529 1
13531 1
13532 1
13535 2
13538 1
13541 1
13543 1
13545 1
13549 1
13552 1
13563 2
13566 1
13570 1
13571 1
13574 1
13581 1
13582 1
13586 1
13587 1
13597 1
13601 1
13604 2
13607 1
13608 1
13613 2
13615 1
13618 1
13620 2
13624 1
13629 1
13631 2
13632 1
13641 1
13642 1
13648 1
13656 2
13660 1
13662 2
13666 1
13667 1
13670 1
13671 1
13675 1
13677 1
13679 1
13681 2
13682 1
13686 1
13687 1
13689 1
13692 1
13705 1
13707 1
13715 1
13720 1
13729 2
13734 1
13735 1
13756 1
13757 2
13767 2
13769 1
13777 1
13789 1
13796 1
13798 1
13801 2
13804 1
13808 1
13811 1
13812 2
13813 1
13815 1
13816 1
13825 1
13829 1
13831 1
13832 1
13833 1
13834 1
13839 2
13843 1
13844 1
13855 1
13862 1
13867 1
13869 1
13870 1
13871 1
13882 1
13885 1
13888 1
13890 1
13891 1
13902 2
13909 2
13910 1
13913 1
13916 1
13918 1
13922 1
13929 1
13930 1
13932 1
13935 1
13941 2
13943 1
13945 1
13956 1
13972 1
13974 1
13988 1
13991 1
13994 1
13995 1
13996 1
13997 1
14011 1
14012 1
14013 1
14016 2
14021 1
14023 1
14037 1
14040 1
14042 2
14043 1
14049 2
14058 1
14059 1
14064 1
14065 1
14071 1
14077 1
14079 2
14080 1
14083 1
14084 1
14087 2
14088 1
14091 1
14094 1
14095 1
14096 1
14098 1
14101 1
14113 1
14116 1
14117 1
14118 1
14127 1
14137 2
14149 1
14176 1
14182 1
14190 1
14191 1
14194 1
14200 1
14201 1
14208 1
14213 3
14214 1
14217 1
14218 1
14221 2
14230 1
14232 2
14243 1
14251 2
14254 1
14263 1
14264 1
14268 1
14278 1
14285 1
14298 1
14299 1
14304 1
14315 1
14328 1
14344 1
14345 1
14351 1
14353 1
14358 1
14371 1
14376 1
14386 1
14393 1
14399 1
14401 1
14425 1
14426 1
14429 1
14431 1
14440 1
14442 1
14449 1
14467 1
14472 1
14474 1
14497 1
14525 1
14531 1
14540 1
14541 1
14542 1
14543 1
14548 1
14558 1
14571 1
14575 1
14583 1
14601 1
14604 1
14610 1
14628 1
14635 1
14640 1
14659 1
14664 1
14677 1
14699 1
14712 1
14717 1
14718 1
14734 1
14740 1
14745 1
14749 1
14751 1
14754 1
14757 1
14800 1
14814 1
14818 1
14832 1
14856 1
14860 1
14876 1
14880 1
14901 1
14902 1
14926 1
14951 1
14961 1
14963 1
14967 1
14989 1
15019 1
15020 1
15045 1
15055 1
15064 1
15070 1
15085 1
15112 1
15127 1
15152 1
15159 1
15162 1
15164 1
15196 1
15247 1
15254 1
15274 1
15317 1
15346 1
15397 1
15412 1
15424 1
15429 1
15452 1
15506 1
15526 1
15527 1
15548 1
15561 1
15598 1
15605 1
15608 1
15639 1
15697 1
15711 1
15745 1
15813 1
15879 1
15887 1
15909 1
15940 1
15966 1
16306 1
16315 1
16839 1
17282 1
