500 100000 15
1 969
2 648
3 476
4 386
5 342
6 300
7 230
8 208
9 199
10 202
11 177
12 210
13 184
14 154
15 105
16 149
17 146
18 134
19 106
20 122
21 114
22 117
23 105
24 92
25 95
26 106
27 101
28 121
29 88
30 90
31 97
32 98
33 92
34 81
35 82
36 84
37 81
38 86
39 77
40 79
41 85
42 78
43 64
44 83
45 70
46 85
47 80
48 57
49 65
50 76
51 67
52 75
53 63
54 55
55 65
56 73
57 61
58 59
59 67
60 57
61 62
62 55
63 68
64 62
65 51
66 61
67 63
68 62
69 56
70 53
71 56
72 62
73 50
74 44
75 66
76 70
77 50
78 46
79 52
80 52
81 51
82 43
83 58
84 54
85 50
86 62
87 56
88 50
89 67
90 56
91 64
92 51
93 52
94 62
95 55
96 57
97 43
98 55
99 49
100 52
101 55
102 61
103 45
104 50
105 57
106 47
107 62
108 55
109 59
110 63
111 47
112 58
113 54
114 49
115 51
116 52
117 44
118 55
119 60
120 59
121 57
122 54
123 49
124 49
125 57
126 47
127 28
128 50
129 44
130 52
131 38
132 52
133 57
134 64
135 45
136 62
137 38
138 35
139 42
140 43
141 55
142 52
143 55
144 45
145 50
146 58
147 51
148 43
149 38
150 40
151 58
152 47
153 47
154 52
155 51
156 37
157 47
158 39
159 62
160 47
161 48
162 35
163 64
164 55
165 41
166 61
167 48
168 50
169 43
170 36
171 44
172 61
173 55
174 50
175 40
176 46
177 50
178 39
179 28
180 45
181 58
182 53
183 54
184 62
185 46
186 58
187 40
188 36
189 40
190 49
191 49
192 43
193 48
194 41
195 50
196 41
197 54
198 42
199 54
200 57
201 53
202 43
203 52
204 57
205 51
206 58
207 55
208 50
209 60
210 42
211 41
212 48
213 38
214 58
215 57
216 44
217 49
218 38
219 35
220 41
221 43
222 55
223 44
224 25
225 51
226 41
227 62
228 42
229 51
230 44
231 49
232 49
233 52
234 52
235 50
236 46
237 35
238 43
239 54
240 57
241 51
242 49
243 52
244 45
245 45
246 57
247 31
248 48
249 50
250 39
251 63
252 47
253 54
254 46
255 53
256 44
257 43
258 55
259 64
260 37
261 51
262 53
263 50
264 60
265 48
266 39
267 58
268 48
269 57
270 43
271 40
272 54
273 46
274 43
275 41
276 47
277 44
278 44
279 47
280 53
281 57
282 56
283 43
284 54
285 44
286 61
287 69
288 52
289 61
290 55
291 55
292 52
293 46
294 50
295 53
296 53
297 62
298 55
299 51
300 56
301 65
302 52
303 57
304 56
305 53
306 62
307 46
308 48
309 37
310 61
311 60
312 51
313 70
314 44
315 60
316 57
317 61
318 64
319 62
320 53
321 69
322 49
323 51
324 77
325 53
326 51
327 59
328 48
329 63
330 69
331 54
332 63
333 65
334 46
335 57
336 46
337 47
338 64
339 62
340 75
341 66
342 61
343 55
344 60
345 63
346 66
347 59
348 59
349 58
350 66
351 76
352 76
353 75
354 57
355 66
356 60
357 61
358 72
359 58
360 65
361 62
362 58
363 86
364 68
365 76
366 70
367 56
368 67
369 75
370 73
371 63
372 69
373 85
374 66
375 68
376 77
377 66
378 65
379 77
380 94
381 74
382 68
383 59
384 74
385 78
386 91
387 66
388 81
389 74
390 59
391 90
392 73
393 84
394 73
395 66
396 75
397 90
398 74
399 87
400 79
401 78
402 83
403 86
404 80
405 79
406 85
407 75
408 77
409 69
410 67
411 66
412 85
413 98
414 80
415 85
416 74
417 76
418 103
419 80
420 84
421 71
422 93
423 101
424 99
425 86
426 80
427 92
428 87
429 102
430 82
431 107
432 105
433 88
434 84
435 94
436 91
437 99
438 111
439 90
440 94
441 88
442 90
443 82
444 104
445 114
446 105
447 105
448 85
449 103
450 116
451 108
452 115
453 119
454 107
455 96
456 114
457 109
458 136
459 101
460 116
461 88
462 119
463 111
464 129
465 119
466 103
467 123
468 123
469 105
470 102
471 106
472 114
473 110
474 130
475 131
476 113
477 107
478 113
479 128
480 124
481 125
482 132
483 132
484 121
485 139
486 127
487 138
488 116
489 111
490 120
491 118
492 142
493 130
494 133
495 124
496 119
497 160
498 139
499 127
500 134
501 134
502 152
503 114
504 122
505 143
506 143
507 139
508 145
509 131
510 139
511 144
512 132
513 127
514 135
515 156
516 130
517 144
518 161
519 161
520 130
521 147
522 149
523 173
524 134
525 150
526 166
527 146
528 165
529 146
530 140
531 148
532 165
533 161
534 176
535 162
536 161
537 181
538 170
539 158
540 150
541 163
542 172
543 159
544 183
545 174
546 187
547 162
548 176
549 181
550 157
551 168
552 176
553 157
554 178
555 170
556 167
557 165
558 178
559 193
560 154
561 184
562 181
563 186
564 170
565 196
566 183
567 198
568 176
569 185
570 191
571 184
572 207
573 193
574 188
575 195
576 210
577 185
578 167
579 202
580 213
581 217
582 219
583 214
584 220
585 208
586 192
587 218
588 204
589 200
590 203
591 192
592 179
593 218
594 180
595 212
596 209
597 211
598 190
599 197
600 205
601 218
602 176
603 215
604 229
605 214
606 201
607 230
608 208
609 207
610 224
611 209
612 219
613 223
614 212
615 215
616 207
617 219
618 206
619 210
620 221
621 236
622 232
623 214
624 194
625 241
626 237
627 197
628 240
629 178
630 235
631 214
632 217
633 219
634 201
635 217
636 193
637 214
638 215
639 209
640 226
641 229
642 215
643 235
644 212
645 232
646 235
647 211
648 240
649 244
650 199
651 220
652 200
653 214
654 216
655 211
656 209
657 199
658 214
659 202
660 206
661 217
662 246
663 216
664 208
665 213
666 226
667 207
668 242
669 232
670 203
671 210
672 211
673 200
674 193
675 221
676 219
677 238
678 222
679 199
680 225
681 214
682 214
683 207
684 227
685 188
686 212
687 203
688 215
689 197
690 201
691 236
692 189
693 237
694 186
695 219
696 190
697 191
698 205
699 212
700 217
701 191
702 221
703 182
704 212
705 182
706 213
707 212
708 188
709 200
710 207
711 194
712 180
713 211
714 202
715 215
716 180
717 212
718 185
719 181
720 197
721 191
722 177
723 164
724 191
725 186
726 189
727 167
728 166
729 163
730 178
731 162
732 190
733 183
734 163
735 198
736 199
737 184
738 163
739 183
740 150
741 183
742 154
743 158
744 173
745 153
746 138
747 163
748 159
749 150
750 158
751 171
752 157
753 169
754 167
755 159
756 163
757 145
758 151
759 151
760 147
761 155
762 142
763 156
764 141
765 153
766 132
767 140
768 141
769 141
770 151
771 135
772 168
773 113
774 136
775 133
776 122
777 153
778 133
779 130
780 129
781 124
782 108
783 125
784 144
785 114
786 119
787 126
788 117
789 111
790 116
791 122
792 127
793 107
794 113
795 110
796 95
797 103
798 101
799 118
800 98
801 111
802 113
803 103
804 93
805 107
806 87
807 82
808 79
809 83
810 91
811 88
812 81
813 87
814 83
815 95
816 79
817 89
818 79
819 74
820 67
821 81
822 75
823 90
824 79
825 71
826 73
827 75
828 72
829 69
830 83
831 68
832 81
833 94
834 64
835 87
836 62
837 77
838 63
839 59
840 62
841 64
842 58
843 45
844 63
845 58
846 53
847 49
848 63
849 50
850 40
851 55
852 57
853 44
854 45
855 43
856 48
857 57
858 54
859 42
860 56
861 35
862 55
863 48
864 31
865 32
866 45
867 39
868 31
869 39
870 42
871 38
872 41
873 24
874 29
875 25
876 39
877 27
878 40
879 42
880 34
881 31
882 27
883 25
884 21
885 21
886 24
887 22
888 35
889 27
890 35
891 28
892 29
893 31
894 19
895 24
896 26
897 20
898 12
899 21
900 28
901 14
902 20
903 13
904 19
905 21
906 11
907 18
908 14
909 7
910 15
911 21
912 21
913 16
914 10
915 14
916 10
917 17
918 8
919 13
920 17
921 11
922 1
923 15
924 11
925 4
926 13
927 13
928 18
929 15
930 11
931 10
932 10
933 9
934 8
935 9
936 12
937 17
938 12
939 5
940 7
941 6
942 6
943 9
944 6
945 3
946 4
947 5
948 3
949 3
950 6
951 7
952 4
953 9
954 7
955 4
956 2
957 5
958 4
959 5
960 2
961 7
962 2
963 6
964 7
965 5
967 3
968 2
969 2
970 4
971 3
972 3
973 5
974 6
975 2
976 3
977 3
978 2
979 2
980 3
981 2
982 4
983 4
984 2
985 1
986 1
988 3
989 2
990 4
991 1
994 4
995 1
996 1
997 3
998 4
999 3
1001 1
1002 2
1003 2
1004 2
1006 2
1010 5
1012 3
1013 1
1014 2
1016 3
1017 2
1018 1
1020 1
1023 2
1025 1
1027 1
1028 2
1030 1
1038 1
1045 1
1051 1
1060 1
1070 1
1083 1
