500 100000 5
1 4307
2 2980
3 2436
4 1961
5 1739
6 1599
7 1533
8 1386
9 1289
10 1262
11 1190
12 1155
13 1104
14 1081
15 1031
16 969
17 999
18 976
19 966
20 906
21 940
22 868
23 851
24 872
25 853
26 913
27 904
28 819
29 920
30 831
31 857
32 807
33 814
34 881
35 807
36 854
37 875
38 808
39 815
40 802
41 833
42 888
43 863
44 814
45 815
46 856
47 796
48 781
49 867
50 828
51 814
52 842
53 830
54 861
55 887
56 795
57 841
58 809
59 839
60 872
61 886
62 859
63 833
64 864
65 873
66 883
67 867
68 946
69 875
70 870
71 915
72 902
73 909
74 887
75 924
76 895
77 898
78 864
79 919
80 902
81 861
82 891
83 874
84 889
85 916
86 890
87 853
88 988
89 911
90 878
91 928
92 893
93 954
94 947
95 909
96 993
97 944
98 1000
99 945
100 978
101 971
102 990
103 939
104 930
105 1025
106 964
107 1009
108 1006
109 964
110 1007
111 1054
112 1012
113 1076
114 1057
115 1033
116 1029
117 1060
118 1035
119 1055
120 1139
121 1117
122 1105
123 1140
124 1134
125 1127
126 1178
127 1123
128 1208
129 1166
130 1242
131 1160
132 1192
133 1178
134 1207
135 1285
136 1240
137 1200
138 1256
139 1257
140 1223
141 1247
142 1281
143 1297
144 1383
145 1297
146 1294
147 1335
148 1266
149 1379
150 1403
151 1455
152 1455
153 1419
154 1459
155 1456
156 1494
157 1475
158 1446
159 1522
160 1583
161 1604
162 1585
163 1611
164 1600
165 1521
166 1541
167 1655
168 1590
169 1655
170 1692
171 1646
172 1621
173 1702
174 1720
175 1683
176 1681
177 1713
178 1744
179 1788
180 1702
181 1841
182 1813
183 1787
184 1777
185 1990
186 1784
187 1783
188 1868
189 1861
190 1809
191 1748
192 1788
193 1827
194 1848
195 1973
196 1897
197 1838
198 1787
199 1804
200 1807
201 1923
202 1926
203 1919
204 1906
205 1772
206 1817
207 1788
208 1787
209 1838
210 1850
211 1830
212 1829
213 1746
214 1761
215 1831
216 1716
217 1698
218 1685
219 1656
220 1728
221 1692
222 1668
223 1640
224 1600
225 1523
226 1608
227 1549
228 1558
229 1499
230 1479
231 1386
232 1436
233 1435
234 1380
235 1410
236 1296
237 1335
238 1371
239 1323
240 1295
241 1212
242 1195
243 1199
244 1134
245 1136
246 1075
247 1049
248 1035
249 1074
250 1002
251 945
252 921
253 854
254 917
255 871
256 855
257 773
258 732
259 743
260 725
261 672
262 673
263 636
264 616
265 655
266 593
267 515
268 554
269 483
270 495
271 507
272 471
273 388
274 425
275 398
276 391
277 376
278 323
279 303
280 297
281 296
282 264
283 240
284 231
285 244
286 224
287 194
288 185
289 217
290 200
291 147
292 146
293 150
294 136
295 159
296 152
297 116
298 109
299 109
300 98
301 95
302 84
303 71
304 97
305 64
306 70
307 57
308 68
309 48
310 46
311 37
312 44
313 58
314 36
315 36
316 25
317 29
318 18
319 28
320 21
321 24
322 28
323 19
324 16
325 10
326 9
327 15
328 7
329 7
330 6
331 7
332 5
333 4
334 6
335 6
336 2
337 6
338 5
339 3
340 1
341 3
342 1
343 4
344 4
345 1
346 1
347 3
348 1
349 1
351 1
353 1
355 1
359 1
360 1
361 1
371 1
