500 100000 6
1 2238
2 1438
3 1086
4 882
5 790
6 624
7 639
8 539
9 541
10 500
11 430
12 432
13 426
14 400
15 375
16 363
17 368
18 328
19 338
20 287
21 302
22 324
23 286
24 291
25 281
26 253
27 250
28 259
29 223
30 274
31 258
32 244
33 230
34 236
35 223
36 199
37 235
38 192
39 221
40 229
41 240
42 198
43 239
44 216
45 217
46 210
47 195
48 186
49 211
50 213
51 178
52 186
53 172
54 221
55 207
56 199
57 181
58 205
59 203
60 188
61 223
62 180
63 179
64 179
65 187
66 176
67 190
68 189
69 189
70 212
71 188
72 190
73 183
74 206
75 196
76 171
77 199
78 186
79 191
80 194
81 184
82 179
83 173
84 191
85 211
86 188
87 169
88 202
89 178
90 195
91 188
92 171
93 169
94 174
95 173
96 180
97 198
98 188
99 192
100 196
101 165
102 197
103 185
104 201
105 164
106 165
107 172
108 185
109 176
110 181
111 186
112 183
113 191
114 171
115 175
116 160
117 160
118 204
119 196
120 168
121 162
122 169
123 215
124 187
125 174
126 181
127 179
128 188
129 187
130 188
131 203
132 208
133 190
134 201
135 170
136 190
137 185
138 197
139 203
140 203
141 192
142 173
143 184
144 162
145 212
146 199
147 202
148 203
149 210
150 219
151 218
152 202
153 189
154 216
155 224
156 217
157 193
158 222
159 199
160 217
161 227
162 211
163 214
164 222
165 223
166 211
167 240
168 217
169 236
170 230
171 205
172 223
173 229
174 246
175 221
176 244
177 231
178 231
179 223
180 235
181 274
182 230
183 250
184 242
185 232
186 251
187 241
188 255
189 271
190 250
191 273
192 269
193 268
194 290
195 262
196 258
197 244
198 244
199 251
200 293
201 281
202 269
203 277
204 282
205 293
206 290
207 294
208 293
209 287
210 270
211 256
212 324
213 323
214 305
215 301
216 329
217 323
218 336
219 331
220 323
221 329
222 349
223 335
224 344
225 322
226 319
227 346
228 355
229 350
230 355
231 352
232 372
233 361
234 352
235 345
236 380
237 406
238 406
239 388
240 373
241 389
242 426
243 418
244 388
245 424
246 426
247 431
248 462
249 411
250 444
251 384
252 423
253 406
254 429
255 472
256 468
257 480
258 476
259 441
260 461
261 498
262 488
263 524
264 480
265 518
266 487
267 484
268 536
269 495
270 544
271 523
272 505
273 553
274 572
275 540
276 552
277 527
278 553
279 551
280 595
281 533
282 556
283 583
284 561
285 594
286 534
287 585
288 611
289 575
290 605
291 591
292 579
293 615
294 637
295 620
296 640
297 623
298 621
299 687
300 634
301 658
302 673
303 669
304 682
305 623
306 676
307 635
308 701
309 693
310 673
311 680
312 679
313 679
314 747
315 766
316 734
317 686
318 753
319 693
320 737
321 731
322 668
323 720
324 742
325 703
326 741
327 753
328 713
329 788
330 704
331 776
332 752
333 783
334 752
335 751
336 755
337 720
338 699
339 725
340 780
341 722
342 776
343 736
344 738
345 700
346 744
347 733
348 765
349 785
350 736
351 760
352 766
353 783
354 732
355 711
356 732
357 728
358 784
359 704
360 745
361 685
362 699
363 728
364 681
365 778
366 669
367 721
368 703
369 713
370 687
371 707
372 690
373 665
374 687
375 693
376 678
377 665
378 664
379 673
380 700
381 648
382 627
383 702
384 632
385 587
386 640
387 605
388 609
389 629
390 579
391 614
392 596
393 582
394 574
395 544
396 549
397 563
398 551
399 525
400 551
401 520
402 496
403 495
404 512
405 504
406 508
407 460
408 450
409 477
410 431
411 422
412 446
413 428
414 413
415 400
416 407
417 407
418 394
419 426
420 403
421 399
422 410
423 348
424 361
425 354
426 369
427 329
428 346
429 276
430 297
431 342
432 306
433 271
434 302
435 285
436 287
437 261
438 272
439 278
440 247
441 257
442 242
443 248
444 223
445 231
446 244
447 216
448 178
449 206
450 200
451 173
452 180
453 167
454 182
455 181
456 168
457 179
458 179
459 161
460 158
461 166
462 133
463 136
464 135
465 122
466 134
467 118
468 129
469 140
470 116
471 92
472 99
473 99
474 79
475 78
476 95
477 80
478 78
479 82
480 83
481 71
482 75
483 65
484 71
485 74
486 58
487 66
488 60
489 43
490 49
491 53
492 51
493 50
494 41
495 35
496 37
497 40
498 38
499 35
500 41
501 37
502 37
503 35
504 46
505 24
506 28
507 20
508 22
509 19
510 23
511 21
512 13
513 14
514 15
515 20
516 24
517 12
518 16
519 13
520 17
521 7
522 12
523 13
524 12
525 12
526 13
527 10
528 12
529 7
530 10
531 3
532 7
533 9
534 6
535 3
536 6
537 4
538 4
539 5
540 4
541 7
542 5
543 4
544 3
545 2
546 4
547 7
548 4
549 2
550 4
552 2
553 2
554 1
556 1
557 1
559 1
561 1
562 3
563 1
564 1
566 1
567 1
571 1
573 1
575 2
580 1
590 1
