500 1000000 5
1 12
2 20
3 36
4 32
5 54
6 84
7 73
8 79
9 89
10 96
11 94
12 101
13 97
14 104
15 94
16 101
17 109
18 116
19 107
20 113
21 115
22 117
23 124
24 117
25 110
26 119
27 104
28 111
29 114
30 114
31 101
32 120
33 114
34 98
35 107
36 126
37 98
38 126
39 102
40 108
41 110
42 90
43 100
44 92
45 115
46 109
47 109
48 104
49 98
50 97
51 92
52 107
53 101
54 95
55 92
56 97
57 91
58 91
59 95
60 86
61 101
62 107
63 107
64 82
65 120
66 91
67 82
68 99
69 78
70 91
71 88
72 111
73 95
74 90
75 94
76 94
77 84
78 86
79 89
80 109
81 87
82 98
83 76
84 85
85 76
86 84
87 89
88 95
89 99
90 93
91 86
92 78
93 85
94 73
95 80
96 82
97 62
98 97
99 74
100 79
101 69
102 62
103 79
104 82
105 67
106 73
107 71
108 80
109 72
110 77
111 59
112 63
113 68
114 73
115 60
116 91
117 57
118 81
119 60
120 68
121 72
122 79
123 71
124 79
125 70
126 64
127 84
128 69
129 80
130 59
131 56
132 72
133 74
134 74
135 71
136 55
137 66
138 76
139 66
140 65
141 61
142 77
143 75
144 61
145 78
146 60
147 51
148 66
149 63
150 52
151 56
152 67
153 74
154 56
155 62
156 77
157 68
158 66
159 60
160 65
161 61
162 62
163 49
164 61
165 63
166 70
167 70
168 69
169 55
170 68
171 74
172 63
173 63
174 69
175 58
176 56
177 68
178 68
179 67
180 66
181 66
182 62
183 66
184 80
185 64
186 85
187 62
188 61
189 65
190 71
191 75
192 55
193 59
194 66
195 68
196 51
197 57
198 51
199 54
200 67
201 61
202 57
203 55
204 49
205 55
206 66
207 47
208 40
209 59
210 47
211 58
212 65
213 55
214 47
215 67
216 69
217 59
218 67
219 57
220 59
221 58
222 49
223 55
224 53
225 63
226 39
227 61
228 49
229 54
230 64
231 40
232 42
233 53
234 63
235 68
236 67
237 51
238 47
239 49
240 42
241 56
242 53
243 57
244 52
245 76
246 59
247 72
248 54
249 69
250 62
251 51
252 55
253 64
254 63
255 64
256 57
257 47
258 63
259 57
260 83
261 54
262 46
263 61
264 62
265 48
266 47
267 53
268 53
269 53
270 54
271 62
272 57
273 51
274 53
275 56
276 56
277 63
278 64
279 59
280 55
281 62
282 52
283 54
284 64
285 63
286 70
287 55
288 58
289 65
290 54
291 45
292 51
293 62
294 52
295 61
296 49
297 51
298 73
299 58
300 44
301 61
302 51
303 47
304 54
305 58
306 58
307 61
308 73
309 43
310 57
311 58
312 59
313 60
314 64
315 56
316 48
317 47
318 60
319 48
320 65
321 50
322 57
323 45
324 54
325 47
326 53
327 44
328 52
329 63
330 58
331 67
332 54
333 46
334 48
335 58
336 51
337 52
338 46
339 57
340 50
341 47
342 79
343 56
344 56
345 62
346 52
347 56
348 55
349 41
350 51
351 44
352 60
353 62
354 72
355 47
356 52
357 45
358 49
359 49
360 64
361 40
362 51
363 73
364 42
365 50
366 60
367 44
368 44
369 45
370 50
371 47
372 56
373 50
374 54
375 52
376 52
377 45
378 59
379 46
380 57
381 47
382 41
383 52
384 45
385 57
386 53
387 54
388 48
389 53
390 60
391 44
392 61
393 51
394 53
395 58
396 50
397 53
398 52
399 41
400 51
401 52
402 46
403 56
404 50
405 49
406 59
407 57
408 46
409 53
410 51
411 52
412 36
413 51
414 54
415 50
416 51
417 40
418 53
419 44
420 59
421 42
422 59
423 57
424 55
425 66
426 50
427 49
428 55
429 45
430 47
431 44
432 45
433 47
434 50
435 57
436 52
437 59
438 58
439 46
440 61
441 46
442 39
443 59
444 78
445 53
446 47
447 49
448 43
449 55
450 54
451 62
452 53
453 48
454 52
455 50
456 56
457 66
458 53
459 45
460 52
461 62
462 50
463 52
464 58
465 45
466 54
467 57
468 53
469 50
470 52
471 57
472 43
473 59
474 60
475 59
476 57
477 43
478 55
479 49
480 63
481 62
482 47
483 40
484 48
485 39
486 48
487 27
488 55
489 53
490 58
491 58
492 55
493 47
494 50
495 56
496 45
497 40
498 58
499 53
500 41
501 55
502 45
503 44
504 49
505 55
506 49
507 53
508 46
509 46
510 56
511 67
512 55
513 63
514 45
515 80
516 64
517 53
518 47
519 47
520 56
521 48
522 49
523 68
524 65
525 64
526 50
527 60
528 56
529 53
530 48
531 47
532 54
533 33
534 52
535 51
536 37
537 49
538 57
539 40
540 51
541 55
542 49
543 60
544 55
545 58
546 58
547 62
548 69
549 54
550 43
551 52
552 51
553 66
554 58
555 55
556 57
557 54
558 43
559 50
560 54
561 45
562 53
563 57
564 60
565 52
566 49
567 53
568 56
569 64
570 43
571 65
572 44
573 46
574 41
575 53
576 60
577 46
578 50
579 47
580 44
581 50
582 49
583 54
584 64
585 65
586 53
587 57
588 49
589 54
590 48
591 50
592 49
593 49
594 61
595 42
596 50
597 45
598 59
599 60
600 57
601 54
602 49
603 51
604 60
605 44
606 61
607 66
608 61
609 69
610 49
611 58
612 52
613 52
614 46
615 51
616 69
617 56
618 46
619 53
620 59
621 53
622 43
623 53
624 52
625 65
626 56
627 56
628 46
629 46
630 56
631 55
632 65
633 64
634 61
635 37
636 50
637 51
638 48
639 52
640 64
641 62
642 71
643 53
644 53
645 49
646 53
647 48
648 50
649 59
650 54
651 57
652 46
653 60
654 53
655 52
656 63
657 46
658 52
659 58
660 62
661 49
662 52
663 51
664 56
665 52
666 64
667 52
668 57
669 51
670 61
671 54
672 52
673 68
674 58
675 64
676 51
677 62
678 51
679 43
680 56
681 52
682 63
683 54
684 55
685 50
686 64
687 63
688 62
689 72
690 47
691 64
692 63
693 48
694 55
695 56
696 53
697 61
698 56
699 49
700 52
701 58
702 45
703 76
704 50
705 52
706 55
707 57
708 54
709 47
710 52
711 53
712 66
713 53
714 77
715 65
716 54
717 51
718 56
719 52
720 57
721 52
722 60
723 54
724 66
725 57
726 71
727 59
728 66
729 45
730 51
731 48
732 72
733 50
734 54
735 56
736 57
737 47
738 58
739 68
740 56
741 62
742 62
743 60
744 56
745 57
746 58
747 63
748 51
749 64
750 64
751 60
752 63
753 71
754 51
755 61
756 49
757 60
758 68
759 67
760 43
761 67
762 49
763 69
764 49
765 46
766 80
767 72
768 66
769 75
770 61
771 68
772 53
773 61
774 65
775 70
776 58
777 56
778 62
779 62
780 61
781 53
782 50
783 61
784 66
785 64
786 48
787 49
788 54
789 56
790 67
791 64
792 65
793 54
794 70
795 69
796 60
797 48
798 56
799 53
800 73
801 66
802 68
803 61
804 52
805 83
806 58
807 61
808 62
809 61
810 59
811 66
812 54
813 59
814 62
815 60
816 50
817 59
818 77
819 51
820 59
821 68
822 59
823 68
824 58
825 72
826 50
827 42
828 62
829 72
830 70
831 58
832 71
833 62
834 75
835 56
836 70
837 59
838 69
839 60
840 63
841 61
842 57
843 73
844 68
845 72
846 59
847 69
848 75
849 50
850 77
851 60
852 71
853 56
854 54
855 60
856 73
857 69
858 66
859 81
860 71
861 70
862 72
863 76
864 76
865 58
866 57
867 54
868 81
869 68
870 70
871 68
872 66
873 58
874 70
875 63
876 63
877 52
878 75
879 79
880 66
881 68
882 57
883 76
884 64
885 48
886 57
887 70
888 76
889 64
890 53
891 66
892 62
893 67
894 62
895 63
896 57
897 59
898 70
899 74
900 72
901 58
902 63
903 69
904 93
905 62
906 53
907 69
908 71
909 92
910 71
911 64
912 84
913 64
914 59
915 80
916 67
917 59
918 77
919 58
920 70
921 75
922 90
923 57
924 72
925 73
926 76
927 56
928 77
929 89
930 72
931 77
932 79
933 69
934 91
935 67
936 69
937 60
938 85
939 62
940 85
941 85
942 75
943 54
944 66
945 75
946 73
947 74
948 63
949 75
950 77
951 87
952 71
953 80
954 76
955 80
956 69
957 88
958 73
959 75
960 82
961 81
962 74
963 61
964 73
965 83
966 75
967 72
968 72
969 62
970 72
971 73
972 73
973 84
974 71
975 70
976 76
977 80
978 86
979 74
980 79
981 84
982 83
983 78
984 71
985 91
986 70
987 74
988 69
989 86
990 83
991 72
992 77
993 68
994 65
995 82
996 82
997 86
998 80
999 82
1000 87
1001 57
1002 97
1003 94
1004 74
1005 75
1006 71
1007 70
1008 80
1009 62
1010 85
1011 85
1012 55
1013 86
1014 72
1015 77
1016 78
1017 92
1018 67
1019 81
1020 87
1021 83
1022 67
1023 62
1024 79
1025 90
1026 88
1027 65
1028 76
1029 86
1030 78
1031 68
1032 84
1033 77
1034 80
1035 92
1036 78
1037 82
1038 77
1039 90
1040 79
1041 78
1042 69
1043 94
1044 74
1045 86
1046 93
1047 69
1048 71
1049 73
1050 100
1051 94
1052 90
1053 92
1054 74
1055 89
1056 73
1057 82
1058 94
1059 83
1060 77
1061 92
1062 89
1063 97
1064 93
1065 95
1066 79
1067 83
1068 85
1069 77
1070 68
1071 91
1072 93
1073 77
1074 102
1075 99
1076 72
1077 87
1078 89
1079 82
1080 92
1081 82
1082 94
1083 86
1084 87
1085 103
1086 90
1087 93
1088 90
1089 85
1090 86
1091 98
1092 77
1093 87
1094 74
1095 98
1096 105
1097 92
1098 79
1099 97
1100 92
1101 98
1102 79
1103 91
1104 92
1105 88
1106 101
1107 84
1108 68
1109 95
1110 92
1111 100
1112 85
1113 95
1114 89
1115 77
1116 90
1117 99
1118 100
1119 95
1120 84
1121 99
1122 101
1123 77
1124 104
1125 67
1126 99
1127 91
1128 98
1129 85
1130 114
1131 87
1132 95
1133 100
1134 101
1135 101
1136 90
1137 99
1138 102
1139 107
1140 99
1141 99
1142 98
1143 108
1144 90
1145 107
1146 94
1147 83
1148 96
1149 93
1150 93
1151 89
1152 100
1153 95
1154 92
1155 104
1156 100
1157 97
1158 109
1159 89
1160 121
1161 95
1162 110
1163 109
1164 101
1165 112
1166 102
1167 115
1168 129
1169 104
1170 97
1171 96
1172 94
1173 108
1174 119
1175 95
1176 108
1177 90
1178 93
1179 117
1180 94
1181 102
1182 109
1183 102
1184 126
1185 105
1186 97
1187 118
1188 103
1189 93
1190 118
1191 123
1192 112
1193 106
1194 112
1195 95
1196 104
1197 109
1198 127
1199 117
1200 90
1201 114
1202 94
1203 95
1204 120
1205 120
1206 136
1207 90
1208 128
1209 108
1210 115
1211 116
1212 118
1213 98
1214 128
1215 135
1216 109
1217 132
1218 111
1219 97
1220 122
1221 118
1222 126
1223 117
1224 100
1225 149
1226 118
1227 102
1228 106
1229 108
1230 119
1231 121
1232 96
1233 112
1234 112
1235 118
1236 108
1237 120
1238 123
1239 134
1240 123
1241 109
1242 117
1243 137
1244 143
1245 143
1246 119
1247 124
1248 125
1249 110
1250 134
1251 126
1252 132
1253 148
1254 134
1255 140
1256 117
1257 118
1258 140
1259 121
1260 122
1261 127
1262 117
1263 146
1264 147
1265 124
1266 118
1267 160
1268 131
1269 150
1270 120
1271 140
1272 132
1273 135
1274 119
1275 120
1276 131
1277 135
1278 130
1279 111
1280 129
1281 127
1282 140
1283 131
1284 122
1285 125
1286 136
1287 122
1288 127
1289 123
1290 129
1291 126
1292 126
1293 140
1294 130
1295 137
1296 134
1297 142
1298 155
1299 145
1300 136
1301 159
1302 141
1303 154
1304 147
1305 151
1306 130
1307 116
1308 140
1309 125
1310 147
1311 157
1312 133
1313 127
1314 127
1315 133
1316 133
1317 150
1318 132
1319 143
1320 141
1321 146
1322 132
1323 133
1324 153
1325 144
1326 152
1327 136
1328 149
1329 145
1330 150
1331 134
1332 130
1333 147
1334 151
1335 144
1336 163
1337 138
1338 138
1339 156
1340 151
1341 140
1342 160
1343 166
1344 128
1345 144
1346 145
1347 169
1348 157
1349 140
1350 161
1351 153
1352 148
1353 148
1354 150
1355 137
1356 153
1357 163
1358 189
1359 159
1360 164
1361 167
1362 161
1363 143
1364 155
1365 154
1366 153
1367 138
1368 149
1369 148
1370 147
1371 158
1372 161
1373 155
1374 146
1375 168
1376 175
1377 153
1378 172
1379 194
1380 148
1381 184
1382 186
1383 160
1384 141
1385 164
1386 157
1387 193
1388 167
1389 164
1390 162
1391 164
1392 159
1393 174
1394 188
1395 178
1396 193
1397 165
1398 161
1399 168
1400 186
1401 193
1402 160
1403 158
1404 158
1405 152
1406 182
1407 175
1408 187
1409 190
1410 169
1411 151
1412 186
1413 183
1414 175
1415 193
1416 169
1417 189
1418 182
1419 193
1420 184
1421 176
1422 156
1423 190
1424 167
1425 185
1426 173
1427 152
1428 190
1429 177
1430 173
1431 181
1432 165
1433 196
1434 192
1435 149
1436 189
1437 172
1438 189
1439 176
1440 183
1441 162
1442 192
1443 189
1444 194
1445 191
1446 195
1447 206
1448 169
1449 157
1450 209
1451 189
1452 205
1453 204
1454 154
1455 186
1456 204
1457 186
1458 196
1459 210
1460 174
1461 184
1462 184
1463 183
1464 217
1465 181
1466 175
1467 216
1468 220
1469 187
1470 161
1471 204
1472 210
1473 218
1474 210
1475 201
1476 197
1477 200
1478 192
1479 198
1480 203
1481 196
1482 192
1483 214
1484 213
1485 219
1486 191
1487 213
1488 198
1489 226
1490 227
1491 208
1492 219
1493 219
1494 218
1495 198
1496 204
1497 211
1498 221
1499 206
1500 217
1501 200
1502 175
1503 209
1504 225
1505 218
1506 225
1507 232
1508 218
1509 224
1510 193
1511 225
1512 253
1513 226
1514 233
1515 241
1516 197
1517 222
1518 216
1519 188
1520 229
1521 212
1522 214
1523 213
1524 203
1525 201
1526 228
1527 225
1528 248
1529 231
1530 233
1531 192
1532 216
1533 242
1534 230
1535 209
1536 232
1537 229
1538 204
1539 212
1540 214
1541 232
1542 212
1543 265
1544 231
1545 229
1546 225
1547 241
1548 196
1549 223
1550 229
1551 226
1552 211
1553 248
1554 269
1555 219
1556 220
1557 227
1558 258
1559 230
1560 232
1561 228
1562 228
1563 237
1564 255
1565 247
1566 218
1567 232
1568 218
1569 238
1570 256
1571 253
1572 206
1573 225
1574 230
1575 212
1576 251
1577 254
1578 255
1579 262
1580 269
1581 229
1582 266
1583 224
1584 228
1585 296
1586 269
1587 224
1588 264
1589 228
1590 229
1591 266
1592 244
1593 245
1594 246
1595 239
1596 235
1597 237
1598 274
1599 263
1600 257
1601 245
1602 229
1603 220
1604 256
1605 227
1606 225
1607 241
1608 269
1609 240
1610 262
1611 252
1612 237
1613 285
1614 254
1615 270
1616 243
1617 256
1618 269
1619 269
1620 255
1621 269
1622 264
1623 245
1624 274
1625 245
1626 270
1627 250
1628 285
1629 258
1630 294
1631 285
1632 255
1633 279
1634 267
1635 248
1636 228
1637 277
1638 278
1639 246
1640 245
1641 277
1642 240
1643 232
1644 245
1645 279
1646 233
1647 267
1648 234
1649 300
1650 243
1651 257
1652 253
1653 255
1654 271
1655 254
1656 278
1657 274
1658 294
1659 279
1660 277
1661 265
1662 276
1663 265
1664 295
1665 317
1666 291
1667 257
1668 266
1669 258
1670 277
1671 272
1672 277
1673 278
1674 275
1675 298
1676 289
1677 285
1678 239
1679 284
1680 290
1681 271
1682 294
1683 329
1684 281
1685 306
1686 278
1687 298
1688 268
1689 263
1690 297
1691 301
1692 287
1693 266
1694 321
1695 291
1696 290
1697 279
1698 250
1699 267
1700 277
1701 291
1702 264
1703 293
1704 301
1705 315
1706 281
1707 313
1708 268
1709 273
1710 286
1711 283
1712 288
1713 305
1714 281
1715 279
1716 314
1717 279
1718 312
1719 288
1720 280
1721 284
1722 281
1723 302
1724 300
1725 281
1726 272
1727 266
1728 281
1729 298
1730 266
1731 292
1732 293
1733 298
1734 304
1735 259
1736 304
1737 309
1738 283
1739 303
1740 308
1741 327
1742 284
1743 290
1744 312
1745 294
1746 302
1747 277
1748 332
1749 294
1750 309
1751 309
1752 320
1753 303
1754 309
1755 328
1756 288
1757 291
1758 291
1759 310
1760 309
1761 285
1762 295
1763 317
1764 321
1765 323
1766 299
1767 329
1768 288
1769 302
1770 298
1771 293
1772 283
1773 276
1774 305
1775 287
1776 328
1777 268
1778 306
1779 302
1780 322
1781 304
1782 311
1783 294
1784 280
1785 299
1786 302
1787 279
1788 299
1789 286
1790 311
1791 318
1792 308
1793 303
1794 309
1795 319
1796 257
1797 286
1798 299
1799 293
1800 291
1801 289
1802 277
1803 250
1804 335
1805 277
1806 292
1807 265
1808 305
1809 297
1810 318
1811 282
1812 303
1813 294
1814 298
1815 279
1816 302
1817 295
1818 309
1819 335
1820 291
1821 281
1822 309
1823 294
1824 306
1825 278
1826 290
1827 286
1828 275
1829 309
1830 294
1831 282
1832 308
1833 284
1834 286
1835 306
1836 312
1837 266
1838 276
1839 256
1840 290
1841 307
1842 303
1843 319
1844 284
1845 297
1846 248
1847 314
1848 257
1849 310
1850 289
1851 290
1852 291
1853 300
1854 321
1855 298
1856 304
1857 312
1858 297
1859 301
1860 294
1861 304
1862 285
1863 271
1864 302
1865 289
1866 329
1867 306
1868 282
1869 297
1870 279
1871 312
1872 317
1873 291
1874 316
1875 303
1876 283
1877 300
1878 269
1879 318
1880 287
1881 291
1882 305
1883 300
1884 306
1885 277
1886 283
1887 307
1888 305
1889 268
1890 287
1891 308
1892 282
1893 304
1894 285
1895 280
1896 321
1897 285
1898 299
1899 270
1900 285
1901 279
1902 311
1903 265
1904 286
1905 272
1906 295
1907 281
1908 269
1909 280
1910 306
1911 294
1912 281
1913 269
1914 312
1915 288
1916 291
1917 290
1918 306
1919 288
1920 277
1921 265
1922 284
1923 272
1924 279
1925 319
1926 301
1927 288
1928 255
1929 289
1930 288
1931 292
1932 309
1933 269
1934 287
1935 272
1936 273
1937 274
1938 319
1939 281
1940 283
1941 259
1942 268
1943 283
1944 279
1945 293
1946 268
1947 285
1948 278
1949 295
1950 287
1951 258
1952 297
1953 282
1954 289
1955 287
1956 265
1957 261
1958 266
1959 255
1960 253
1961 272
1962 296
1963 249
1964 273
1965 251
1966 291
1967 259
1968 260
1969 252
1970 305
1971 265
1972 266
1973 264
1974 284
1975 282
1976 265
1977 261
1978 280
1979 259
1980 262
1981 247
1982 246
1983 255
1984 249
1985 265
1986 228
1987 257
1988 266
1989 263
1990 259
1991 266
1992 262
1993 274
1994 245
1995 238
1996 268
1997 255
1998 237
1999 276
2000 271
2001 289
2002 253
2003 246
2004 258
2005 237
2006 263
2007 254
2008 255
2009 246
2010 247
2011 273
2012 240
2013 245
2014 248
2015 263
2016 246
2017 261
2018 242
2019 244
2020 279
2021 219
2022 250
2023 247
2024 259
2025 266
2026 242
2027 248
2028 237
2029 246
2030 246
2031 269
2032 224
2033 252
2034 260
2035 243
2036 225
2037 222
2038 246
2039 220
2040 237
2041 260
2042 248
2043 206
2044 242
2045 239
2046 213
2047 230
2048 250
2049 239
2050 242
2051 251
2052 188
2053 220
2054 221
2055 262
2056 225
2057 241
2058 212
2059 232
2060 227
2061 250
2062 217
2063 221
2064 227
2065 235
2066 221
2067 221
2068 211
2069 248
2070 215
2071 223
2072 224
2073 187
2074 197
2075 195
2076 189
2077 232
2078 222
2079 231
2080 212
2081 221
2082 205
2083 230
2084 210
2085 235
2086 229
2087 204
2088 212
2089 224
2090 219
2091 188
2092 227
2093 234
2094 191
2095 219
2096 202
2097 224
2098 218
2099 194
2100 200
2101 176
2102 205
2103 222
2104 204
2105 210
2106 190
2107 186
2108 176
2109 217
2110 178
2111 191
2112 193
2113 193
2114 221
2115 211
2116 193
2117 199
2118 213
2119 207
2120 173
2121 182
2122 183
2123 176
2124 165
2125 173
2126 207
2127 184
2128 173
2129 200
2130 214
2131 196
2132 200
2133 188
2134 178
2135 184
2136 178
2137 187
2138 176
2139 187
2140 154
2141 186
2142 177
2143 188
2144 166
2145 189
2146 195
2147 174
2148 170
2149 199
2150 172
2151 209
2152 177
2153 159
2154 165
2155 173
2156 156
2157 165
2158 162
2159 157
2160 177
2161 147
2162 193
2163 189
2164 172
2165 173
2166 176
2167 180
2168 185
2169 169
2170 155
2171 164
2172 178
2173 142
2174 147
2175 172
2176 171
2177 164
2178 151
2179 182
2180 178
2181 140
2182 146
2183 157
2184 131
2185 168
2186 167
2187 133
2188 146
2189 156
2190 166
2191 170
2192 151
2193 153
2194 151
2195 157
2196 156
2197 147
2198 139
2199 133
2200 147
2201 163
2202 156
2203 137
2204 149
2205 162
2206 149
2207 140
2208 171
2209 131
2210 147
2211 158
2212 143
2213 146
2214 164
2215 129
2216 119
2217 144
2218 124
2219 135
2220 123
2221 136
2222 138
2223 132
2224 124
2225 137
2226 110
2227 144
2228 134
2229 158
2230 130
2231 147
2232 108
2233 128
2234 115
2235 134
2236 131
2237 123
2238 123
2239 114
2240 135
2241 122
2242 111
2243 121
2244 121
2245 120
2246 126
2247 138
2248 117
2249 136
2250 122
2251 140
2252 117
2253 111
2254 133
2255 128
2256 124
2257 130
2258 125
2259 128
2260 129
2261 114
2262 112
2263 107
2264 114
2265 113
2266 95
2267 116
2268 89
2269 100
2270 89
2271 111
2272 93
2273 106
2274 115
2275 94
2276 92
2277 132
2278 104
2279 93
2280 112
2281 94
2282 98
2283 100
2284 94
2285 112
2286 106
2287 98
2288 115
2289 132
2290 82
2291 113
2292 92
2293 102
2294 127
2295 101
2296 100
2297 125
2298 112
2299 96
2300 105
2301 83
2302 101
2303 92
2304 98
2305 66
2306 103
2307 89
2308 90
2309 104
2310 97
2311 94
2312 115
2313 89
2314 82
2315 77
2316 85
2317 80
2318 82
2319 82
2320 75
2321 80
2322 89
2323 79
2324 71
2325 93
2326 63
2327 71
2328 79
2329 76
2330 71
2331 70
2332 86
2333 63
2334 93
2335 79
2336 68
2337 71
2338 77
2339 71
2340 77
2341 66
2342 79
2343 71
2344 65
2345 77
2346 77
2347 79
2348 74
2349 62
2350 62
2351 71
2352 76
2353 79
2354 70
2355 73
2356 61
2357 66
2358 75
2359 69
2360 51
2361 80
2362 57
2363 57
2364 71
2365 61
2366 65
2367 56
2368 63
2369 67
2370 62
2371 54
2372 57
2373 73
2374 61
2375 59
2376 61
2377 57
2378 72
2379 69
2380 61
2381 52
2382 62
2383 63
2384 53
2385 44
2386 54
2387 52
2388 54
2389 62
2390 48
2391 59
2392 51
2393 55
2394 58
2395 50
2396 50
2397 47
2398 62
2399 41
2400 54
2401 43
2402 57
2403 43
2404 58
2405 44
2406 49
2407 47
2408 47
2409 49
2410 51
2411 53
2412 61
2413 52
2414 50
2415 42
2416 52
2417 47
2418 39
2419 54
2420 50
2421 45
2422 39
2423 45
2424 36
2425 44
2426 49
2427 51
2428 47
2429 43
2430 42
2431 50
2432 44
2433 38
2434 62
2435 36
2436 48
2437 51
2438 45
2439 37
2440 34
2441 37
2442 40
2443 39
2444 40
2445 31
2446 45
2447 42
2448 38
2449 46
2450 29
2451 30
2452 40
2453 37
2454 40
2455 30
2456 42
2457 43
2458 23
2459 46
2460 43
2461 23
2462 41
2463 34
2464 45
2465 32
2466 35
2467 27
2468 39
2469 27
2470 31
2471 24
2472 28
2473 24
2474 33
2475 27
2476 22
2477 20
2478 26
2479 32
2480 36
2481 26
2482 28
2483 31
2484 33
2485 32
2486 29
2487 34
2488 27
2489 19
2490 26
2491 22
2492 20
2493 25
2494 31
2495 25
2496 30
2497 25
2498 26
2499 23
2500 32
2501 35
2502 24
2503 25
2504 20
2505 26
2506 28
2507 29
2508 22
2509 28
2510 20
2511 30
2512 22
2513 18
2514 27
2515 20
2516 25
2517 23
2518 21
2519 19
2520 25
2521 26
2522 18
2523 21
2524 27
2525 39
2526 31
2527 19
2528 21
2529 18
2530 13
2531 18
2532 16
2533 18
2534 13
2535 22
2536 28
2537 23
2538 16
2539 15
2540 26
2541 23
2542 14
2543 22
2544 19
2545 20
2546 19
2547 12
2548 9
2549 12
2550 19
2551 19
2552 13
2553 11
2554 20
2555 13
2556 9
2557 14
2558 20
2559 20
2560 14
2561 8
2562 14
2563 13
2564 15
2565 10
2566 9
2567 16
2568 24
2569 12
2570 10
2571 13
2572 19
2573 22
2574 18
2575 9
2576 13
2577 19
2578 14
2579 12
2580 16
2581 17
2582 10
2583 9
2584 10
2585 16
2586 8
2587 11
2588 10
2589 13
2590 12
2591 9
2592 17
2593 8
2594 12
2595 15
2596 12
2597 18
2598 8
2599 11
2600 14
2601 9
2602 14
2603 6
2604 11
2605 10
2606 10
2607 9
2608 8
2609 8
2610 6
2611 12
2612 11
2613 9
2614 5
2615 4
2616 12
2617 11
2618 6
2619 8
2620 5
2621 9
2622 10
2623 6
2624 7
2625 6
2626 8
2627 5
2628 12
2629 7
2630 12
2631 9
2632 13
2633 7
2634 9
2635 5
2636 5
2637 7
2638 5
2639 8
2640 8
2641 4
2642 9
2643 6
2644 6
2645 9
2646 7
2647 7
2648 8
2649 15
2650 4
2651 3
2652 5
2653 8
2654 4
2655 5
2656 6
2657 6
2658 5
2659 7
2660 2
2661 4
2662 4
2663 8
2664 6
2665 5
2666 5
2667 5
2668 4
2669 4
2670 4
2671 7
2672 6
2673 7
2674 5
2675 6
2676 8
2677 3
2678 5
2679 6
2680 4
2681 3
2682 2
2683 2
2684 3
2685 1
2686 1
2687 2
2688 1
2689 5
2690 3
2691 4
2692 3
2693 6
2694 6
2695 2
2696 4
2697 2
2698 5
2699 4
2701 1
2702 3
2703 2
2704 1
2705 1
2706 2
2707 4
2708 3
2709 3
2710 3
2711 9
2712 4
2713 3
2714 3
2715 4
2716 4
2719 3
2720 4
2721 1
2722 2
2723 1
2724 5
2725 5
2726 2
2728 3
2729 3
2730 4
2731 1
2732 5
2733 3
2735 4
2736 3
2737 3
2738 2
2739 1
2740 1
2741 3
2742 1
2743 1
2744 3
2745 3
2746 3
2747 2
2748 2
2749 5
2750 2
2752 3
2753 3
2754 4
2755 3
2756 1
2757 1
2758 3
2760 2
2761 1
2762 4
2763 2
2765 2
2766 1
2767 1
2768 2
2769 3
2771 3
2772 1
2773 1
2776 1
2777 2
2778 2
2779 2
2780 2
2781 2
2783 2
2784 3
2785 1
2788 1
2790 2
2792 2
2793 2
2794 1
2795 2
2796 1
2797 2
2798 1
2799 1
2803 2
2806 2
2807 1
2810 1
2811 3
2813 2
2814 1
2821 1
2822 1
2825 2
2826 1
2827 1
2830 1
2831 1
2832 1
2833 1
2834 3
2836 1
2837 2
2839 1
2841 1
2842 1
2843 2
2844 1
2846 2
2847 1
2850 1
2864 2
2867 1
2868 1
2869 1
2870 3
2871 1
2873 1
2874 1
2877 1
2881 1
2883 1
2895 1
2903 1
2904 1
2905 2
2908 1
2912 2
2918 2
2920 1
2921 1
2922 1
2936 1
2960 1
2970 1
3003 1
3030 1
