500 100000 4
1 9153
2 6410
3 5093
4 4522
5 3905
6 3635
7 3382
8 3088
9 2986
10 2882
11 2743
12 2630
13 2535
14 2505
15 2411
16 2351
17 2355
18 2261
19 2317
20 2303
21 2272
22 2269
23 2249
24 2242
25 2316
26 2178
27 2202
28 2226
29 2155
30 2180
31 2262
32 2282
33 2207
34 2296
35 2304
36 2313
37 2300
38 2317
39 2294
40 2431
41 2384
42 2339
43 2537
44 2460
45 2562
46 2573
47 2594
48 2580
49 2702
50 2731
51 2765
52 2824
53 2960
54 2919
55 3071
56 3042
57 3064
58 3043
59 3258
60 3418
61 3417
62 3554
63 3550
64 3649
65 3617
66 3803
67 3894
68 3948
69 4053
70 4187
71 4312
72 4295
73 4383
74 4638
75 4612
76 4657
77 4874
78 4829
79 4944
80 5257
81 5370
82 5463
83 5484
84 5531
85 5796
86 5640
87 5867
88 6089
89 6083
90 6266
91 6173
92 6331
93 6292
94 6421
95 6623
96 6658
97 6692
98 6737
99 6903
100 6695
101 6709
102 6847
103 6827
104 6712
105 6687
106 6798
107 6767
108 6643
109 6700
110 6650
111 6443
112 6475
113 6313
114 6157
115 6361
116 6028
117 5947
118 5763
119 5754
120 5683
121 5434
122 5301
123 5189
124 4858
125 4750
126 4652
127 4306
128 4295
129 4129
130 3921
131 3723
132 3617
133 3342
134 3304
135 3011
136 2869
137 2794
138 2652
139 2532
140 2352
141 2135
142 2072
143 1867
144 1830
145 1681
146 1427
147 1468
148 1273
149 1217
150 1064
151 988
152 925
153 800
154 824
155 685
156 613
157 588
158 512
159 460
160 414
161 401
162 308
163 288
164 267
165 219
166 217
167 192
168 142
169 159
170 127
171 111
172 104
173 71
174 77
175 53
176 55
177 49
178 42
179 41
180 23
181 25
182 19
183 20
184 22
185 13
186 16
187 12
188 10
189 8
190 4
191 7
192 7
193 5
194 6
195 1
197 1
198 3
200 1
201 2
204 1
206 2
