500 100000 10
1 259
2 160
3 128
4 133
5 89
6 78
7 65
8 74
9 68
10 72
11 54
12 59
13 61
14 49
15 38
16 52
17 38
18 45
19 41
20 27
21 36
22 36
23 30
24 29
25 35
26 31
27 40
28 33
29 31
30 26
31 27
32 21
33 30
34 20
35 21
36 24
37 23
38 19
39 22
40 18
41 19
42 24
43 14
44 23
45 23
46 27
47 20
48 15
49 16
50 22
51 15
52 19
53 14
54 13
55 21
56 25
57 24
58 15
59 24
60 20
61 17
62 12
63 19
64 11
65 15
66 18
67 21
68 16
69 22
70 17
71 21
72 25
73 20
74 12
75 9
76 16
77 11
78 14
79 14
80 12
81 17
82 15
83 11
84 15
85 21
86 22
87 11
88 13
89 8
90 15
91 13
92 14
93 13
94 16
95 13
96 8
97 12
98 16
99 12
100 12
101 19
102 13
103 7
104 12
105 15
106 9
107 10
108 13
109 10
110 13
111 10
112 11
113 14
114 17
115 18
116 11
117 8
118 11
119 8
120 12
121 13
122 9
123 4
124 16
125 11
126 12
127 17
128 17
129 6
130 10
131 16
132 10
133 8
134 10
135 18
136 9
137 10
138 16
139 22
140 10
141 12
142 3
143 5
144 8
145 9
146 14
147 10
148 10
149 10
150 18
151 9
152 17
153 7
154 14
155 8
156 5
157 10
158 4
159 11
160 10
161 14
162 14
163 12
164 11
165 13
166 14
167 11
168 15
169 16
170 9
171 6
172 11
173 5
174 9
175 8
176 15
177 7
178 7
179 16
180 11
181 12
182 10
183 12
184 9
185 7
186 17
187 12
188 15
189 10
190 18
191 7
192 16
193 6
194 15
195 16
196 12
197 13
198 6
199 6
200 14
201 17
202 13
203 13
204 13
205 7
206 9
207 8
208 11
209 9
210 8
211 11
212 6
213 12
214 10
215 16
216 11
217 7
218 7
219 6
220 10
221 5
222 9
223 13
224 9
225 10
226 11
227 15
228 9
229 15
230 8
231 10
232 6
233 9
234 10
235 7
236 11
237 11
238 6
239 11
240 6
241 12
242 11
243 5
244 10
245 7
246 10
247 13
248 14
249 11
250 12
251 5
252 5
253 8
254 10
255 7
256 8
257 11
258 7
259 6
260 10
261 15
262 10
263 14
264 6
265 7
266 7
267 6
268 11
269 11
270 4
271 7
272 8
273 10
274 10
275 6
276 6
277 3
278 12
279 6
280 14
281 14
282 8
283 5
284 5
285 7
286 3
287 8
288 9
289 5
290 6
291 9
292 9
293 12
294 5
295 9
296 13
297 12
298 10
299 12
300 8
301 11
302 10
303 15
304 9
305 10
306 9
307 11
308 4
309 7
310 7
311 11
312 8
313 5
314 15
315 8
316 5
317 8
318 11
319 8
320 4
321 8
322 8
323 8
324 9
325 8
326 8
327 10
328 10
329 6
330 9
331 7
332 11
333 8
334 14
335 5
336 8
337 7
338 9
339 8
340 7
341 6
342 6
343 6
344 9
345 11
346 18
347 9
348 11
349 13
350 7
351 6
352 8
353 14
354 13
355 5
356 10
357 8
358 10
359 8
360 9
361 7
362 9
363 2
364 3
365 17
366 6
367 10
368 10
369 11
370 7
371 7
372 7
373 13
374 11
375 13
376 6
377 10
378 8
379 9
380 5
381 7
382 8
383 9
384 12
385 11
386 5
387 9
388 7
389 10
390 9
391 6
392 11
393 8
394 9
395 3
396 8
397 1
398 8
399 10
400 10
401 2
402 10
403 8
404 6
405 4
406 9
407 10
408 12
409 10
410 10
411 4
412 7
413 8
414 11
415 6
416 5
417 4
418 7
419 8
420 8
421 4
422 8
423 7
424 11
425 6
426 7
427 7
428 8
429 8
430 6
431 9
432 8
433 9
434 14
435 5
436 8
437 9
438 7
439 6
440 10
441 10
442 7
443 10
444 13
445 13
446 10
447 9
448 6
449 13
450 8
451 10
452 8
453 9
454 12
455 8
456 3
457 9
458 10
459 9
460 6
461 12
462 9
463 10
464 14
465 8
466 11
467 9
468 8
469 16
470 6
471 10
472 9
473 4
474 6
475 9
476 12
477 13
478 13
479 12
480 10
481 10
482 8
483 10
484 8
485 11
486 10
487 9
488 11
489 13
490 11
491 10
492 6
493 7
494 3
495 14
496 11
497 11
498 11
499 12
500 5
501 7
502 14
503 14
504 9
505 3
506 9
507 6
508 10
509 8
510 11
511 5
512 14
513 4
514 5
515 11
516 9
517 9
518 11
519 4
520 10
521 6
522 10
523 5
524 4
525 11
526 5
527 12
528 7
529 11
530 6
531 11
532 9
533 11
534 11
535 8
536 9
537 7
538 9
539 2
540 5
541 6
542 13
543 9
544 11
545 4
546 12
547 13
548 10
549 5
550 8
551 6
552 13
553 9
554 8
555 6
556 5
557 10
558 9
559 7
560 13
561 8
562 8
563 10
564 9
565 11
566 6
567 5
568 11
569 13
570 5
571 11
572 12
573 9
574 14
575 15
576 13
577 8
578 7
579 11
580 15
581 7
582 14
583 10
584 10
585 11
586 5
587 8
588 13
589 2
590 11
591 7
592 8
593 11
594 6
595 8
596 14
597 14
598 11
599 10
600 14
601 8
602 5
603 9
604 11
605 10
606 11
607 10
608 6
609 8
610 8
611 6
612 9
613 10
614 16
615 7
616 6
617 7
618 9
619 9
620 11
621 9
622 7
623 10
624 15
625 14
626 7
627 12
628 6
629 3
630 13
631 5
632 7
633 7
634 10
635 4
636 9
637 14
638 8
639 9
640 10
641 12
642 8
643 10
644 13
645 4
646 11
647 10
648 13
649 5
650 12
651 9
652 15
653 7
654 5
655 11
656 11
657 6
658 14
659 13
660 9
661 10
662 13
663 4
664 7
665 8
666 10
667 6
668 11
669 10
670 17
671 12
672 9
673 12
674 4
675 10
676 4
677 6
678 9
679 8
680 4
681 10
682 17
683 5
684 9
685 7
686 16
687 11
688 6
689 11
690 10
691 4
692 8
693 12
694 9
695 17
696 11
697 8
698 10
699 6
700 10
701 12
702 12
703 10
704 13
705 10
706 11
707 12
708 9
709 10
710 14
711 12
712 11
713 12
714 10
715 13
716 16
717 8
718 14
719 8
720 10
721 7
722 15
723 8
724 7
725 9
726 12
727 7
728 6
729 9
730 8
731 11
732 7
733 7
734 15
735 11
736 8
737 10
738 8
739 14
740 9
741 11
742 10
743 9
744 12
745 12
746 11
747 10
748 7
749 9
750 8
751 6
752 9
753 6
754 14
755 14
756 9
757 14
758 10
759 16
760 10
761 10
762 12
763 11
764 11
765 10
766 9
767 9
768 8
769 14
770 12
771 8
772 8
773 8
774 18
775 5
776 15
777 12
778 8
779 11
780 17
781 8
782 5
783 7
784 8
785 9
786 10
787 11
788 10
789 17
790 5
791 16
792 15
793 9
794 13
795 7
796 10
797 11
798 17
799 7
800 12
801 12
802 12
803 7
804 10
805 13
806 9
807 7
808 10
809 13
810 12
811 14
812 14
813 11
814 7
815 12
816 10
817 12
818 9
819 13
820 13
821 6
822 15
823 11
824 12
825 15
826 9
827 10
828 12
829 13
830 11
831 15
832 8
833 9
834 11
835 10
836 7
837 14
838 10
839 13
840 16
841 14
842 16
843 18
844 13
845 10
846 5
847 14
848 14
849 19
850 13
851 15
852 13
853 17
854 11
855 11
856 8
857 18
858 10
859 11
860 12
861 14
862 7
863 9
864 7
865 4
866 21
867 13
868 15
869 8
870 11
871 14
872 15
873 9
874 12
875 15
876 12
877 15
878 14
879 23
880 12
881 14
882 12
883 12
884 13
885 11
886 13
887 14
888 15
889 14
890 15
891 16
892 18
893 15
894 18
895 11
896 19
897 16
898 17
899 23
900 13
901 12
902 17
903 17
904 10
905 14
906 8
907 17
908 14
909 23
910 19
911 14
912 19
913 17
914 18
915 10
916 17
917 13
918 18
919 20
920 10
921 5
922 19
923 17
924 15
925 11
926 14
927 15
928 15
929 21
930 14
931 16
932 15
933 17
934 11
935 17
936 15
937 17
938 20
939 13
940 18
941 18
942 21
943 15
944 15
945 10
946 17
947 13
948 13
949 15
950 16
951 12
952 10
953 12
954 12
955 11
956 17
957 19
958 14
959 20
960 9
961 16
962 14
963 15
964 17
965 14
966 15
967 11
968 12
969 10
970 10
971 21
972 31
973 19
974 16
975 13
976 25
977 12
978 24
979 22
980 18
981 15
982 14
983 16
984 18
985 19
986 20
987 15
988 21
989 13
990 14
991 13
992 22
993 17
994 14
995 24
996 18
997 15
998 24
999 19
1000 17
1001 23
1002 11
1003 15
1004 18
1005 20
1006 17
1007 17
1008 20
1009 12
1010 12
1011 18
1012 20
1013 15
1014 10
1015 16
1016 17
1017 27
1018 23
1019 18
1020 11
1021 13
1022 21
1023 9
1024 14
1025 17
1026 22
1027 15
1028 19
1029 19
1030 14
1031 14
1032 20
1033 22
1034 16
1035 29
1036 18
1037 20
1038 21
1039 22
1040 15
1041 15
1042 16
1043 15
1044 21
1045 15
1046 17
1047 20
1048 20
1049 24
1050 19
1051 20
1052 26
1053 29
1054 17
1055 12
1056 12
1057 23
1058 29
1059 23
1060 13
1061 18
1062 19
1063 29
1064 19
1065 22
1066 19
1067 24
1068 18
1069 17
1070 20
1071 18
1072 18
1073 21
1074 18
1075 17
1076 25
1077 15
1078 15
1079 15
1080 20
1081 19
1082 23
1083 12
1084 21
1085 31
1086 30
1087 15
1088 26
1089 19
1090 27
1091 21
1092 17
1093 23
1094 23
1095 25
1096 16
1097 16
1098 25
1099 34
1100 17
1101 21
1102 26
1103 30
1104 23
1105 16
1106 23
1107 21
1108 21
1109 15
1110 12
1111 24
1112 28
1113 25
1114 26
1115 28
1116 37
1117 22
1118 21
1119 21
1120 22
1121 21
1122 24
1123 25
1124 18
1125 20
1126 30
1127 31
1128 29
1129 26
1130 19
1131 23
1132 27
1133 24
1134 18
1135 22
1136 26
1137 28
1138 27
1139 33
1140 25
1141 31
1142 22
1143 23
1144 27
1145 14
1146 18
1147 37
1148 23
1149 22
1150 22
1151 18
1152 31
1153 27
1154 41
1155 34
1156 33
1157 20
1158 36
1159 35
1160 26
1161 24
1162 21
1163 25
1164 31
1165 28
1166 35
1167 16
1168 23
1169 25
1170 23
1171 26
1172 27
1173 20
1174 30
1175 20
1176 28
1177 29
1178 24
1179 24
1180 23
1181 28
1182 26
1183 30
1184 31
1185 30
1186 29
1187 30
1188 28
1189 29
1190 34
1191 21
1192 32
1193 21
1194 27
1195 39
1196 35
1197 24
1198 27
1199 27
1200 30
1201 32
1202 31
1203 29
1204 29
1205 28
1206 31
1207 32
1208 30
1209 28
1210 30
1211 31
1212 36
1213 31
1214 39
1215 36
1216 29
1217 30
1218 26
1219 30
1220 28
1221 39
1222 31
1223 52
1224 23
1225 26
1226 25
1227 33
1228 48
1229 32
1230 33
1231 29
1232 23
1233 26
1234 31
1235 24
1236 30
1237 35
1238 34
1239 41
1240 32
1241 33
1242 35
1243 29
1244 32
1245 29
1246 33
1247 32
1248 23
1249 24
1250 32
1251 48
1252 35
1253 28
1254 33
1255 44
1256 31
1257 38
1258 32
1259 39
1260 40
1261 30
1262 25
1263 36
1264 32
1265 28
1266 32
1267 36
1268 34
1269 40
1270 35
1271 37
1272 34
1273 47
1274 35
1275 34
1276 24
1277 38
1278 38
1279 32
1280 38
1281 42
1282 43
1283 33
1284 40
1285 36
1286 29
1287 26
1288 37
1289 28
1290 37
1291 24
1292 34
1293 33
1294 31
1295 44
1296 34
1297 34
1298 41
1299 32
1300 42
1301 38
1302 38
1303 25
1304 43
1305 37
1306 59
1307 38
1308 44
1309 37
1310 52
1311 34
1312 32
1313 41
1314 38
1315 35
1316 38
1317 41
1318 33
1319 39
1320 32
1321 32
1322 38
1323 47
1324 41
1325 48
1326 25
1327 33
1328 47
1329 34
1330 49
1331 27
1332 38
1333 39
1334 52
1335 44
1336 34
1337 49
1338 44
1339 40
1340 40
1341 42
1342 44
1343 36
1344 36
1345 33
1346 26
1347 41
1348 38
1349 45
1350 40
1351 36
1352 36
1353 32
1354 34
1355 39
1356 36
1357 36
1358 42
1359 43
1360 38
1361 43
1362 38
1363 46
1364 33
1365 42
1366 32
1367 36
1368 40
1369 31
1370 42
1371 42
1372 43
1373 38
1374 40
1375 35
1376 43
1377 37
1378 38
1379 44
1380 35
1381 42
1382 40
1383 46
1384 55
1385 37
1386 52
1387 36
1388 35
1389 44
1390 41
1391 46
1392 43
1393 43
1394 47
1395 42
1396 47
1397 32
1398 54
1399 52
1400 41
1401 37
1402 38
1403 33
1404 38
1405 40
1406 46
1407 36
1408 42
1409 40
1410 34
1411 66
1412 48
1413 45
1414 40
1415 54
1416 39
1417 44
1418 40
1419 42
1420 44
1421 49
1422 40
1423 36
1424 49
1425 44
1426 43
1427 48
1428 48
1429 43
1430 43
1431 53
1432 48
1433 34
1434 33
1435 48
1436 50
1437 42
1438 41
1439 38
1440 43
1441 50
1442 42
1443 43
1444 46
1445 42
1446 44
1447 42
1448 48
1449 48
1450 41
1451 50
1452 53
1453 42
1454 40
1455 40
1456 34
1457 41
1458 40
1459 40
1460 51
1461 42
1462 45
1463 43
1464 50
1465 47
1466 45
1467 54
1468 49
1469 43
1470 52
1471 38
1472 35
1473 47
1474 34
1475 35
1476 33
1477 46
1478 43
1479 48
1480 51
1481 67
1482 55
1483 57
1484 42
1485 46
1486 49
1487 33
1488 40
1489 40
1490 42
1491 45
1492 40
1493 42
1494 32
1495 39
1496 51
1497 46
1498 57
1499 48
1500 48
1501 50
1502 54
1503 40
1504 49
1505 52
1506 42
1507 55
1508 42
1509 35
1510 42
1511 39
1512 60
1513 38
1514 48
1515 50
1516 56
1517 50
1518 39
1519 56
1520 40
1521 54
1522 39
1523 56
1524 43
1525 42
1526 40
1527 55
1528 50
1529 29
1530 46
1531 43
1532 42
1533 40
1534 48
1535 43
1536 45
1537 47
1538 53
1539 49
1540 42
1541 49
1542 50
1543 42
1544 36
1545 45
1546 48
1547 43
1548 40
1549 47
1550 38
1551 41
1552 54
1553 35
1554 32
1555 62
1556 38
1557 43
1558 32
1559 36
1560 46
1561 41
1562 49
1563 37
1564 45
1565 56
1566 37
1567 41
1568 50
1569 41
1570 38
1571 39
1572 36
1573 41
1574 42
1575 42
1576 38
1577 34
1578 47
1579 37
1580 37
1581 28
1582 45
1583 36
1584 47
1585 40
1586 41
1587 41
1588 34
1589 45
1590 46
1591 40
1592 47
1593 39
1594 41
1595 26
1596 30
1597 38
1598 50
1599 33
1600 39
1601 41
1602 45
1603 34
1604 56
1605 40
1606 36
1607 41
1608 36
1609 29
1610 50
1611 40
1612 49
1613 40
1614 50
1615 46
1616 42
1617 40
1618 36
1619 40
1620 33
1621 35
1622 42
1623 43
1624 40
1625 34
1626 35
1627 38
1628 27
1629 45
1630 47
1631 37
1632 29
1633 44
1634 45
1635 38
1636 42
1637 41
1638 49
1639 31
1640 37
1641 41
1642 42
1643 38
1644 38
1645 33
1646 42
1647 25
1648 39
1649 20
1650 39
1651 43
1652 35
1653 38
1654 41
1655 35
1656 41
1657 44
1658 34
1659 41
1660 42
1661 40
1662 45
1663 39
1664 35
1665 31
1666 49
1667 44
1668 41
1669 33
1670 38
1671 30
1672 34
1673 42
1674 37
1675 26
1676 32
1677 44
1678 31
1679 41
1680 37
1681 46
1682 33
1683 33
1684 34
1685 37
1686 32
1687 30
1688 30
1689 38
1690 28
1691 30
1692 29
1693 26
1694 38
1695 32
1696 38
1697 33
1698 28
1699 36
1700 39
1701 29
1702 28
1703 23
1704 31
1705 38
1706 31
1707 27
1708 44
1709 31
1710 43
1711 22
1712 34
1713 37
1714 32
1715 37
1716 34
1717 28
1718 55
1719 39
1720 32
1721 22
1722 34
1723 27
1724 29
1725 28
1726 28
1727 31
1728 31
1729 28
1730 28
1731 40
1732 20
1733 33
1734 21
1735 26
1736 35
1737 28
1738 28
1739 26
1740 27
1741 39
1742 26
1743 35
1744 23
1745 35
1746 27
1747 11
1748 28
1749 26
1750 29
1751 29
1752 28
1753 27
1754 27
1755 35
1756 24
1757 21
1758 30
1759 28
1760 23
1761 35
1762 35
1763 25
1764 21
1765 24
1766 25
1767 27
1768 25
1769 12
1770 20
1771 28
1772 29
1773 25
1774 27
1775 21
1776 35
1777 17
1778 22
1779 16
1780 22
1781 19
1782 23
1783 18
1784 27
1785 28
1786 22
1787 30
1788 19
1789 25
1790 33
1791 21
1792 37
1793 14
1794 18
1795 22
1796 20
1797 29
1798 24
1799 27
1800 21
1801 18
1802 24
1803 19
1804 15
1805 23
1806 19
1807 16
1808 22
1809 24
1810 23
1811 18
1812 22
1813 16
1814 21
1815 20
1816 18
1817 17
1818 22
1819 16
1820 25
1821 19
1822 23
1823 17
1824 20
1825 17
1826 28
1827 21
1828 27
1829 24
1830 14
1831 14
1832 14
1833 14
1834 7
1835 16
1836 21
1837 12
1838 17
1839 14
1840 20
1841 11
1842 17
1843 17
1844 17
1845 19
1846 14
1847 11
1848 17
1849 10
1850 18
1851 16
1852 12
1853 23
1854 16
1855 13
1856 16
1857 21
1858 15
1859 20
1860 12
1861 16
1862 14
1863 22
1864 13
1865 25
1866 17
1867 6
1868 13
1869 10
1870 18
1871 15
1872 17
1873 11
1874 28
1875 15
1876 19
1877 15
1878 16
1879 11
1880 17
1881 21
1882 20
1883 14
1884 12
1885 6
1886 12
1887 13
1888 14
1889 16
1890 14
1891 17
1892 18
1893 14
1894 19
1895 16
1896 10
1897 15
1898 17
1899 9
1900 11
1901 10
1902 14
1903 12
1904 5
1905 7
1906 6
1907 11
1908 12
1909 10
1910 18
1911 9
1912 9
1913 5
1914 8
1915 14
1916 11
1917 12
1918 15
1919 11
1920 7
1921 16
1922 7
1923 10
1924 10
1925 11
1926 8
1927 10
1928 7
1929 7
1930 10
1931 8
1932 12
1933 15
1934 5
1935 10
1936 5
1937 12
1938 10
1939 5
1940 12
1941 8
1942 7
1943 4
1944 15
1945 6
1946 7
1947 9
1948 12
1949 8
1950 4
1951 8
1952 6
1953 8
1954 7
1955 10
1956 3
1957 7
1958 4
1959 9
1960 7
1961 4
1962 8
1963 9
1964 13
1965 4
1966 11
1967 8
1968 4
1969 6
1970 4
1971 5
1972 6
1973 3
1974 5
1975 12
1976 9
1977 6
1978 12
1979 5
1980 11
1981 2
1982 3
1983 4
1984 4
1985 9
1986 6
1987 1
1988 2
1989 5
1990 1
1991 11
1992 8
1993 4
1994 5
1995 6
1996 12
1997 7
1998 7
1999 5
2000 7
2001 9
2002 8
2003 3
2004 5
2005 2
2006 8
2007 5
2008 3
2009 7
2010 4
2011 6
2012 8
2013 5
2014 5
2015 6
2016 1
2017 3
2018 4
2019 7
2020 4
2021 5
2022 8
2023 3
2024 9
2025 2
2026 6
2027 1
2028 4
2029 5
2030 6
2031 4
2032 1
2033 3
2034 3
2035 1
2036 6
2037 1
2038 2
2039 4
2040 6
2041 4
2042 1
2043 7
2044 4
2045 1
2046 4
2047 4
2048 9
2049 5
2050 2
2051 3
2052 6
2053 3
2054 4
2055 3
2056 2
2057 9
2058 2
2059 3
2060 2
2061 4
2062 4
2063 5
2064 2
2065 3
2066 3
2067 3
2069 3
2070 1
2072 6
2074 2
2075 1
2076 6
2077 6
2079 2
2080 3
2081 2
2082 2
2084 1
2085 1
2087 4
2088 3
2089 2
2090 4
2091 3
2092 3
2094 2
2095 2
2096 4
2097 3
2098 2
2099 3
2100 2
2101 2
2102 2
2103 3
2104 3
2105 1
2106 2
2107 2
2108 2
2110 3
2111 2
2112 1
2113 1
2115 1
2116 2
2117 1
2118 3
2120 1
2122 1
2123 2
2124 2
2125 2
2127 2
2131 1
2133 1
2134 1
2135 1
2137 2
2138 3
2139 2
2140 1
2141 3
2142 2
2143 2
2144 1
2146 2
2148 2
2149 3
2150 1
2151 2
2153 2
2156 2
2157 2
2158 1
2160 2
2162 1
2164 1
2165 2
2169 2
2170 1
2171 1
2172 1
2173 1
2175 1
2179 1
2180 1
2181 1
2182 2
2184 1
2185 1
2189 1
2190 1
2192 1
2194 1
2195 1
2198 1
2199 2
2200 1
2201 2
2202 1
2208 1
2209 2
2210 2
2211 2
2214 1
2216 1
2219 2
2220 1
2223 1
2227 1
2228 1
2233 1
2235 2
2236 2
2249 1
2252 1
2256 1
2258 1
2264 1
2266 1
2270 1
2274 1
2279 1
2282 1
2288 1
2291 1
2298 1
2301 1
2307 1
2311 1
2320 1
2325 1
2328 1
2343 1
