500 100000 15
1 73
2 47
3 31
4 28
5 24
6 21
7 19
8 15
9 14
10 12
11 12
12 10
13 2
14 12
15 14
16 10
17 13
18 8
19 10
20 5
21 11
22 7
23 6
24 10
25 6
26 7
27 10
28 6
29 5
30 7
31 13
32 6
33 4
34 8
35 3
36 5
37 4
38 4
39 3
40 6
41 1
42 5
43 6
44 4
45 3
46 4
47 1
48 7
49 2
50 5
51 4
52 4
53 1
54 3
55 3
56 3
57 2
58 5
59 2
60 5
61 5
62 5
63 6
64 4
65 2
66 4
67 4
68 4
69 4
70 5
71 3
72 2
73 1
74 1
75 4
76 3
77 1
78 4
79 2
80 6
81 2
82 4
83 4
84 3
86 2
87 1
88 4
90 1
91 2
92 2
93 1
94 2
95 4
96 2
97 2
98 4
99 2
100 3
101 2
102 2
103 4
104 2
105 4
106 1
107 2
109 2
110 1
111 1
112 2
113 4
115 3
116 3
117 2
118 4
120 1
121 2
122 1
124 3
125 1
126 2
127 2
128 2
129 1
130 2
131 2
133 2
134 4
135 1
136 2
137 4
138 2
139 3
140 1
141 1
143 7
144 2
145 1
147 4
148 2
149 1
150 2
151 1
153 2
154 3
155 1
156 4
157 3
158 2
159 2
160 1
161 2
163 1
164 2
165 1
166 2
167 2
168 1
169 3
170 4
171 1
172 2
173 2
174 2
175 2
176 1
177 4
178 1
179 5
180 2
182 2
183 1
184 5
185 1
186 2
187 1
189 1
192 2
193 1
195 3
196 3
197 1
199 1
200 2
201 2
202 2
203 1
204 1
205 2
207 1
208 1
209 2
210 1
211 1
212 1
213 1
214 2
218 1
219 1
222 1
223 1
224 1
226 1
228 3
230 2
231 2
232 1
233 3
234 3
235 2
236 1
237 4
238 3
239 2
241 2
242 1
243 2
245 2
246 1
247 3
248 3
249 1
250 1
252 1
255 3
256 2
257 3
258 2
259 1
261 1
262 1
264 2
265 1
266 1
267 3
268 3
269 1
271 1
272 1
273 4
275 3
277 3
280 2
281 2
282 1
283 2
285 2
286 1
287 1
289 3
290 1
291 1
292 1
295 1
297 2
298 1
299 2
300 1
301 1
302 1
303 1
304 1
306 3
307 1
308 1
309 1
310 1
311 1
312 1
313 2
314 1
315 2
317 1
318 2
319 2
320 1
322 2
323 3
324 1
326 2
327 2
329 1
331 2
332 3
334 1
335 2
337 1
338 1
339 1
340 1
341 1
344 1
345 1
346 1
348 2
349 1
351 2
353 3
354 1
355 1
356 1
357 2
363 2
365 1
366 1
369 2
370 3
371 1
372 1
374 1
376 2
377 2
383 2
384 5
386 2
388 3
390 1
395 2
396 1
398 1
399 1
400 1
401 1
402 1
403 1
404 2
406 1
408 1
409 1
410 1
411 1
412 1
413 1
416 1
417 1
418 1
420 1
421 3
422 1
423 2
425 2
426 2
427 1
428 1
429 1
430 1
431 1
432 1
433 1
436 1
437 2
438 2
440 1
442 2
443 2
444 2
445 2
448 3
450 2
451 1
452 1
454 2
455 1
456 1
458 2
459 1
463 2
466 1
468 1
469 1
470 1
472 1
475 1
476 2
477 1
479 1
481 3
485 1
489 3
492 2
493 2
494 1
495 1
497 1
498 3
499 1
500 1
501 2
503 1
504 1
507 3
509 1
510 2
511 1
512 2
513 3
517 5
521 1
523 1
524 3
525 2
527 1
530 1
533 1
535 2
537 2
538 2
540 5
541 2
542 1
543 2
545 1
548 1
549 2
554 1
555 3
557 4
558 2
559 2
562 1
563 2
564 2
566 3
567 1
568 1
570 3
571 1
572 1
580 2
582 2
584 1
585 1
587 3
588 1
589 1
590 4
591 1
592 1
594 1
595 1
596 1
598 4
599 1
601 1
602 1
604 1
605 1
606 2
608 1
609 2
612 1
615 1
616 1
617 1
620 3
622 1
623 1
625 1
627 3
629 2
630 1
633 2
637 3
639 3
640 2
642 2
644 2
645 2
648 2
649 1
650 2
653 1
654 1
655 1
656 1
658 1
660 1
662 1
664 1
665 1
666 3
670 2
672 1
674 2
675 1
676 1
678 1
679 1
680 2
681 1
684 1
685 1
691 2
693 1
695 2
697 1
698 1
702 1
703 3
704 2
706 1
707 1
708 1
710 1
711 1
712 2
714 2
716 1
717 2
720 1
721 1
722 2
723 1
724 2
725 1
726 1
727 2
728 1
732 1
735 1
737 2
738 1
740 1
742 1
743 1
745 1
748 1
750 1
751 1
756 1
757 1
763 1
765 1
766 3
767 2
768 1
772 1
775 3
776 1
777 1
779 1
781 1
782 1
784 2
788 2
789 1
790 1
791 2
792 1
793 1
794 1
795 1
796 3
798 3
799 1
800 1
802 1
804 1
806 1
807 1
808 1
809 2
810 1
812 2
813 2
817 2
818 2
819 1
821 1
824 1
825 1
827 2
828 1
829 2
830 1
832 2
833 1
835 2
836 2
837 1
841 1
842 1
843 1
846 1
850 1
852 1
853 1
857 1
858 2
859 1
861 2
863 1
868 2
869 2
870 1
871 1
872 2
873 1
874 1
877 1
879 1
881 3
884 1
886 2
887 1
888 1
889 1
890 1
891 3
892 2
894 1
896 1
897 2
898 1
900 3
902 1
905 1
908 1
909 3
912 1
913 1
914 1
915 1
917 2
919 1
920 1
921 3
923 1
924 1
927 1
929 2
930 1
932 2
934 1
938 1
939 2
942 1
943 1
944 1
945 1
946 2
948 1
949 1
951 3
952 3
955 3
958 1
960 2
961 1
963 1
966 1
967 1
968 1
969 1
970 1
972 2
973 2
974 1
976 1
978 2
979 2
980 1
982 1
986 1
988 1
991 1
995 2
996 1
998 2
1000 1
1002 1
1003 3
1006 1
1010 1
1011 1
1012 1
1013 2
1015 1
1016 2
1017 1
1020 1
1022 2
1023 1
1025 1
1028 1
1030 2
1031 1
1032 1
1036 1
1041 1
1042 2
1043 1
1044 1
1045 1
1047 2
1050 1
1053 1
1054 3
1056 1
1059 2
1060 2
1061 1
1062 1
1069 1
1070 1
1071 1
1072 1
1075 2
1077 1
1081 1
1082 1
1083 1
1084 1
1085 2
1086 2
1088 1
1089 1
1091 5
1092 2
1094 1
1098 1
1099 1
1100 1
1101 1
1103 1
1104 1
1109 1
1110 1
1112 1
1117 1
1118 2
1119 3
1120 1
1121 1
1122 2
1124 1
1127 3
1132 1
1136 2
1137 2
1138 1
1142 1
1143 2
1146 1
1147 2
1148 1
1150 1
1151 2
1152 1
1153 1
1154 1
1155 1
1156 2
1161 1
1163 1
1164 2
1165 2
1168 1
1169 1
1170 1
1171 1
1174 1
1178 2
1179 1
1181 2
1183 1
1184 1
1185 1
1186 3
1187 2
1192 1
1193 2
1194 2
1197 2
1198 1
1199 1
1200 2
1204 1
1205 1
1206 1
1208 2
1209 2
1212 1
1213 1
1215 1
1217 1
1220 1
1221 1
1222 1
1223 2
1228 2
1229 1
1231 1
1233 1
1239 1
1240 1
1242 1
1243 2
1244 1
1247 1
1249 1
1250 1
1251 1
1252 2
1254 2
1261 1
1262 1
1266 1
1269 1
1271 1
1273 1
1274 1
1275 3
1276 1
1277 2
1279 1
1281 1
1284 2
1285 1
1293 1
1294 1
1297 2
1299 1
1301 2
1304 1
1305 2
1306 1
1313 1
1314 1
1315 1
1319 1
1321 3
1322 1
1326 1
1327 1
1329 1
1331 1
1332 1
1334 2
1339 1
1343 2
1344 2
1345 1
1346 1
1347 2
1349 1
1351 1
1352 1
1354 2
1355 1
1357 1
1358 1
1359 1
1361 1
1362 1
1363 2
1364 1
1368 2
1370 1
1371 1
1374 1
1375 1
1377 1
1378 1
1381 1
1388 2
1389 2
1390 2
1391 1
1393 1
1394 1
1395 1
1396 1
1399 1
1400 2
1403 1
1404 2
1405 1
1406 1
1407 1
1411 1
1413 3
1416 3
1420 1
1426 2
1427 1
1428 2
1431 1
1432 1
1433 2
1434 1
1439 2
1440 1
1443 2
1445 1
1446 1
1448 1
1449 2
1450 2
1457 1
1459 1
1463 1
1464 1
1465 1
1466 1
1467 1
1468 2
1470 1
1471 1
1473 1
1475 1
1477 1
1479 1
1480 1
1482 1
1483 1
1484 1
1485 1
1488 1
1491 1
1492 1
1493 3
1496 1
1497 1
1498 1
1499 1
1502 1
1503 1
1508 1
1510 1
1512 1
1515 1
1517 1
1518 1
1520 1
1523 1
1524 1
1526 1
1527 1
1528 1
1530 3
1531 2
1533 3
1535 1
1536 1
1537 1
1539 1
1540 2
1541 1
1542 1
1543 3
1544 1
1546 1
1547 1
1548 1
1550 1
1552 1
1554 1
1555 1
1557 2
1558 1
1559 1
1560 1
1561 1
1562 1
1564 2
1565 1
1568 1
1571 1
1572 1
1574 3
1575 1
1576 1
1577 1
1578 2
1579 2
1580 1
1584 1
1585 2
1587 1
1588 1
1589 2
1590 4
1591 1
1592 1
1593 1
1595 1
1596 1
1598 1
1600 2
1602 2
1603 1
1604 1
1611 2
1614 2
1616 1
1618 1
1619 1
1620 1
1621 1
1622 1
1624 2
1625 1
1629 2
1630 1
1634 1
1635 1
1637 1
1638 1
1640 2
1642 1
1644 1
1646 1
1647 1
1649 1
1651 1
1654 1
1655 1
1656 1
1657 2
1661 3
1663 1
1664 1
1665 1
1666 1
1668 1
1669 1
1670 1
1671 1
1673 1
1674 1
1675 1
1681 1
1682 3
1684 1
1686 1
1687 1
1690 2
1693 1
1694 1
1697 1
1700 1
1701 1
1703 1
1705 1
1706 2
1708 3
1710 1
1711 1
1712 2
1713 2
1714 1
1715 3
1717 1
1718 1
1721 2
1722 2
1723 1
1725 1
1726 1
1729 1
1730 1
1732 2
1733 1
1734 3
1735 4
1736 2
1737 1
1740 4
1741 1
1742 2
1745 2
1748 1
1750 3
1755 1
1756 1
1757 1
1758 1
1759 1
1762 1
1764 2
1765 2
1767 1
1768 1
1772 2
1774 1
1777 1
1780 3
1783 2
1787 1
1788 1
1789 1
1790 1
1791 1
1793 1
1794 4
1797 1
1802 2
1803 1
1804 1
1805 1
1806 2
1807 2
1809 1
1811 2
1814 2
1815 3
1818 1
1819 1
1820 1
1821 1
1823 1
1824 2
1825 1
1827 1
1828 2
1830 2
1833 1
1834 3
1837 1
1838 1
1842 1
1843 1
1844 1
1845 2
1846 1
1847 2
1848 1
1849 1
1852 1
1858 1
1860 1
1861 2
1862 2
1864 2
1865 1
1867 2
1868 1
1869 1
1871 1
1877 2
1878 2
1879 1
1880 1
1881 1
1885 1
1886 1
1888 1
1889 3
1890 3
1891 1
1893 2
1894 1
1896 1
1897 2
1898 2
1899 3
1902 2
1905 1
1906 4
1909 1
1911 2
1913 1
1914 2
1915 3
1916 2
1918 1
1921 1
1922 1
1924 1
1926 1
1927 2
1929 1
1934 1
1937 2
1939 1
1942 2
1943 2
1944 2
1946 2
1951 2
1953 1
1954 3
1956 3
1959 2
1960 1
1961 1
1962 1
1964 1
1971 1
1973 1
1976 2
1978 1
1979 5
1980 1
1981 2
1984 1
1985 1
1987 1
1988 4
1989 4
1990 1
1992 1
1995 2
1998 3
2001 1
2002 1
2003 2
2006 3
2007 3
2008 1
2009 1
2013 1
2014 1
2017 1
2020 1
2023 2
2024 1
2026 3
2027 1
2028 1
2029 2
2032 1
2033 1
2035 1
2036 2
2039 1
2041 2
2043 1
2045 1
2046 1
2050 1
2051 1
2052 1
2053 4
2054 1
2057 1
2058 1
2061 1
2064 1
2065 2
2066 1
2067 1
2070 1
2072 1
2074 1
2075 2
2076 1
2077 1
2079 1
2080 1
2081 2
2084 1
2086 4
2087 1
2089 1
2090 1
2091 1
2095 1
2096 2
2097 1
2098 2
2103 3
2105 2
2106 2
2107 1
2109 1
2111 1
2112 1
2113 1
2114 1
2116 1
2117 2
2121 1
2122 1
2123 1
2125 3
2126 1
2127 3
2128 1
2129 1
2130 1
2134 2
2135 1
2136 1
2139 1
2140 2
2141 1
2144 2
2145 1
2147 4
2148 1
2150 2
2151 1
2152 1
2159 2
2160 1
2161 1
2162 1
2163 1
2164 1
2165 2
2167 1
2170 2
2171 2
2172 1
2173 1
2175 3
2176 1
2177 2
2179 1
2180 1
2181 1
2182 1
2183 1
2184 1
2187 4
2188 1
2189 1
2190 1
2191 1
2194 2
2197 1
2199 1
2202 1
2204 1
2205 1
2208 1
2209 1
2211 1
2212 2
2214 1
2215 1
2216 2
2220 2
2221 1
2222 1
2223 2
2224 1
2228 1
2229 2
2232 1
2233 1
2234 1
2235 1
2236 1
2237 1
2240 1
2243 1
2244 1
2247 1
2248 1
2249 1
2250 1
2251 2
2253 1
2254 1
2255 2
2256 2
2257 2
2258 1
2259 2
2262 1
2263 3
2264 1
2266 4
2267 3
2268 1
2270 1
2271 2
2272 2
2273 2
2275 1
2276 1
2277 1
2279 2
2280 1
2281 1
2282 1
2283 1
2284 2
2290 3
2291 2
2292 3
2294 1
2300 1
2303 1
2304 1
2305 2
2306 2
2309 2
2310 1
2311 1
2312 1
2315 1
2317 1
2319 1
2320 1
2322 1
2323 1
2325 1
2328 1
2329 3
2330 1
2331 1
2332 1
2334 1
2336 2
2337 2
2338 1
2339 1
2342 1
2343 1
2346 2
2348 1
2349 1
2350 1
2351 2
2353 1
2359 3
2361 1
2362 3
2363 6
2364 1
2365 2
2366 2
2368 3
2369 2
2370 1
2371 2
2372 3
2375 1
2376 1
2377 1
2378 1
2379 2
2383 2
2385 1
2386 1
2387 1
2389 1
2390 1
2392 1
2395 3
2396 1
2397 1
2398 1
2399 1
2401 2
2404 1
2405 1
2406 1
2408 2
2409 1
2410 3
2411 2
2413 1
2414 1
2415 2
2416 2
2417 1
2418 2
2421 1
2422 4
2424 1
2428 2
2431 3
2435 2
2437 2
2439 1
2441 1
2443 2
2444 2
2445 1
2446 1
2447 2
2448 2
2449 3
2450 1
2452 2
2453 2
2454 4
2455 2
2456 1
2458 2
2460 2
2461 1
2462 1
2463 1
2464 1
2465 1
2466 3
2467 1
2468 1
2469 1
2471 1
2472 1
2473 1
2474 1
2475 2
2480 2
2482 3
2484 1
2486 2
2487 1
2488 1
2489 1
2491 1
2492 1
2494 2
2495 4
2498 2
2501 3
2502 1
2503 2
2504 3
2505 1
2506 2
2507 1
2509 3
2510 1
2512 2
2513 1
2514 1
2516 1
2517 3
2518 2
2521 1
2524 2
2526 2
2528 1
2530 1
2531 2
2532 1
2534 2
2536 1
2538 1
2541 1
2543 1
2546 1
2547 1
2548 2
2549 1
2552 1
2553 1
2554 1
2557 1
2558 2
2559 2
2560 3
2561 1
2562 1
2563 1
2564 2
2565 1
2566 1
2567 1
2569 3
2570 1
2571 1
2574 2
2576 1
2577 3
2579 2
2581 2
2582 2
2584 1
2586 5
2591 1
2592 3
2593 1
2594 2
2595 2
2596 1
2597 1
2598 2
2599 2
2601 2
2602 4
2604 1
2605 1
2608 3
2610 1
2611 1
2616 1
2618 1
2619 1
2620 2
2622 1
2626 2
2628 3
2629 1
2633 1
2634 1
2636 1
2638 3
2640 1
2643 4
2644 1
2645 1
2646 1
2652 3
2653 1
2655 2
2656 1
2657 1
2658 1
2659 2
2660 2
2661 2
2662 1
2664 2
2665 3
2666 3
2667 1
2670 1
2671 1
2673 1
2674 1
2675 2
2676 1
2678 2
2680 3
2681 3
2683 2
2686 2
2687 1
2689 2
2690 2
2691 1
2692 1
2693 2
2694 1
2695 1
2696 1
2700 2
2701 1
2702 2
2703 2
2704 1
2705 1
2707 4
2708 1
2709 2
2710 2
2711 3
2714 1
2715 1
2716 2
2717 1
2718 2
2719 2
2721 1
2722 3
2723 1
2724 1
2725 2
2727 2
2728 2
2730 2
2731 1
2732 2
2733 1
2736 1
2738 4
2739 1
2741 4
2742 1
2744 2
2745 1
2747 1
2748 1
2749 3
2750 3
2751 1
2753 1
2754 2
2756 2
2757 2
2758 1
2760 2
2761 2
2762 2
2763 1
2764 2
2765 2
2766 1
2767 2
2769 2
2770 1
2772 2
2774 1
2775 2
2776 1
2778 1
2780 2
2784 1
2785 1
2788 2
2789 1
2791 1
2792 2
2794 2
2795 1
2796 2
2797 1
2798 1
2799 1
2800 1
2801 3
2802 1
2803 2
2804 1
2805 2
2808 1
2811 2
2812 1
2813 3
2814 3
2815 1
2816 2
2817 1
2819 1
2820 2
2822 3
2824 1
2826 1
2827 1
2829 1
2830 1
2831 5
2832 2
2833 1
2834 1
2836 1
2837 1
2838 1
2840 1
2841 3
2844 2
2845 2
2846 1
2847 1
2848 2
2849 2
2853 1
2854 1
2855 2
2856 1
2857 2
2858 1
2859 2
2861 3
2862 3
2863 1
2864 2
2866 2
2867 1
2870 2
2871 1
2872 5
2875 2
2876 1
2877 1
2878 1
2880 3
2881 2
2882 1
2883 1
2884 1
2885 3
2887 5
2889 1
2891 1
2892 1
2893 1
2895 1
2896 1
2897 3
2898 4
2899 1
2900 2
2901 3
2902 1
2903 2
2904 1
2906 2
2907 2
2908 4
2909 2
2910 2
2911 1
2912 1
2913 1
2914 2
2917 2
2918 2
2919 1
2920 3
2922 1
2923 2
2924 1
2925 1
2927 1
2929 4
2930 3
2932 2
2934 3
2937 2
2938 4
2939 3
2940 1
2942 1
2943 1
2944 2
2945 3
2946 5
2947 1
2948 1
2949 2
2950 1
2951 2
2952 3
2953 1
2954 2
2955 2
2956 3
2963 2
2964 2
2965 1
2966 1
2967 1
2968 1
2969 3
2970 1
2971 3
2975 1
2977 1
2978 2
2979 1
2980 2
2981 1
2982 2
2983 2
2984 3
2985 2
2986 3
2987 1
2988 1
2989 1
2990 4
2991 2
2993 1
2994 2
2996 1
2997 2
2998 2
2999 1
3000 2
3001 2
3002 1
3003 2
3004 4
3005 2
3006 1
3010 2
3011 2
3012 3
3014 1
3015 2
3016 1
3017 1
3018 1
3023 2
3025 3
3028 2
3029 3
3030 2
3031 1
3032 2
3033 2
3034 1
3035 2
3036 2
3037 1
3039 1
3041 1
3042 1
3043 3
3045 2
3046 3
3048 3
3049 1
3050 2
3051 2
3053 1
3054 1
3056 1
3057 1
3058 1
3059 4
3061 2
3062 3
3063 3
3064 2
3065 3
3066 3
3067 1
3068 1
3069 1
3070 1
3071 1
3072 1
3073 1
3076 1
3077 1
3079 1
3080 2
3081 3
3085 1
3087 1
3088 2
3089 2
3090 2
3091 1
3092 1
3093 1
3094 1
3095 2
3096 3
3097 3
3098 2
3099 3
3100 3
3102 1
3103 1
3104 4
3106 1
3109 1
3110 4
3112 2
3114 4
3115 2
3116 4
3117 1
3119 2
3122 1
3125 1
3126 3
3127 1
3131 1
3132 3
3133 1
3134 1
3135 2
3136 2
3138 1
3139 3
3140 1
3142 3
3144 1
3147 1
3149 1
3151 1
3153 2
3154 2
3156 1
3157 1
3158 1
3160 2
3164 4
3165 2
3166 2
3167 3
3168 1
3169 2
3172 2
3173 4
3174 4
3176 3
3177 3
3180 3
3181 1
3182 1
3183 1
3184 1
3190 3
3191 4
3192 1
3193 2
3194 1
3195 3
3197 2
3198 2
3200 1
3201 1
3202 2
3203 1
3204 1
3205 1
3206 1
3207 4
3208 2
3209 4
3210 4
3211 1
3212 1
3213 1
3214 1
3215 1
3216 3
3217 3
3218 1
3219 1
3220 3
3221 2
3222 4
3224 1
3226 2
3227 5
3230 1
3231 4
3232 1
3233 1
3234 1
3235 2
3236 1
3237 2
3238 1
3240 1
3241 4
3244 1
3245 3
3246 2
3247 3
3248 1
3249 3
3250 1
3251 2
3252 1
3254 2
3256 1
3257 2
3260 2
3263 4
3265 2
3266 2
3267 3
3268 1
3269 2
3271 2
3272 2
3273 3
3274 1
3275 3
3276 3
3277 2
3278 2
3279 4
3280 1
3281 3
3283 3
3285 2
3287 1
3288 1
3289 2
3291 1
3292 4
3294 3
3295 1
3296 2
3297 1
3298 1
3299 1
3301 1
3302 4
3304 4
3305 1
3306 4
3307 2
3309 1
3310 2
3311 3
3312 1
3313 2
3314 3
3315 1
3316 3
3317 5
3318 2
3321 3
3322 1
3323 1
3324 2
3325 4
3326 2
3327 4
3330 2
3331 2
3332 3
3333 1
3337 2
3339 1
3341 3
3342 3
3344 1
3345 2
3346 5
3347 2
3348 3
3349 4
3350 4
3351 1
3352 3
3353 3
3354 1
3355 3
3356 4
3357 2
3358 2
3359 2
3361 1
3362 3
3363 1
3364 1
3365 3
3366 1
3367 1
3369 2
3370 3
3372 2
3374 4
3375 3
3376 2
3377 1
3378 2
3379 3
3380 1
3381 1
3383 1
3384 2
3385 2
3387 1
3388 2
3389 3
3390 1
3391 2
3392 1
3393 3
3394 2
3395 2
3397 1
3398 3
3400 1
3401 2
3402 1
3404 2
3405 5
3407 3
3408 3
3409 2
3411 1
3412 2
3413 3
3414 1
3415 7
3419 1
3420 1
3421 2
3423 2
3425 2
3426 4
3427 3
3428 2
3429 4
3431 1
3432 1
3433 4
3434 1
3436 2
3437 2
3438 3
3439 1
3440 3
3442 3
3443 2
3444 1
3445 2
3446 5
3448 2
3449 2
3450 4
3451 4
3452 3
3453 4
3455 2
3457 1
3459 2
3461 1
3462 2
3463 3
3464 2
3465 1
3466 1
3467 4
3468 3
3469 3
3470 5
3471 2
3472 1
3473 4
3474 3
3475 1
3477 1
3478 2
3479 2
3480 2
3481 1
3482 2
3483 2
3484 3
3485 1
3486 2
3487 3
3488 2
3489 5
3490 2
3491 2
3492 1
3493 1
3494 1
3495 1
3496 2
3497 4
3498 4
3499 1
3501 2
3502 3
3503 2
3504 2
3505 6
3506 1
3507 4
3508 3
3509 1
3510 3
3511 1
3512 3
3513 6
3514 3
3515 1
3516 5
3517 4
3519 3
3520 2
3521 2
3522 2
3523 3
3524 1
3525 3
3526 3
3527 4
3528 4
3529 1
3530 1
3531 2
3532 3
3533 2
3534 2
3535 3
3536 1
3537 3
3539 3
3541 1
3542 1
3543 1
3544 4
3545 1
3546 4
3547 1
3548 3
3549 2
3550 3
3551 1
3552 2
3553 5
3554 2
3555 1
3556 4
3557 5
3558 3
3559 1
3560 1
3561 2
3562 4
3564 3
3565 5
3566 3
3567 1
3568 1
3569 3
3570 3
3571 1
3572 2
3573 5
3574 1
3575 2
3577 2
3578 5
3579 4
3580 3
3581 5
3583 2
3584 4
3585 1
3586 2
3587 1
3588 1
3589 2
3590 1
3591 2
3592 2
3593 8
3594 2
3595 1
3596 1
3597 1
3598 3
3599 3
3600 3
3601 1
3602 2
3603 2
3604 4
3605 1
3606 2
3607 3
3609 2
3610 3
3611 3
3612 1
3613 2
3614 2
3615 1
3617 3
3618 2
3619 4
3620 1
3621 4
3622 1
3623 2
3624 4
3625 1
3626 1
3627 1
3629 1
3631 1
3632 1
3633 3
3635 5
3636 3
3637 3
3639 1
3640 1
3641 1
3642 1
3643 3
3644 4
3645 2
3646 2
3647 2
3648 6
3650 2
3651 3
3652 5
3653 3
3654 2
3655 1
3656 2
3657 2
3659 1
3661 2
3662 5
3663 6
3664 2
3665 5
3666 5
3668 3
3669 2
3670 1
3671 1
3672 3
3673 2
3674 4
3675 1
3677 2
3678 1
3679 7
3680 1
3681 2
3682 2
3684 3
3685 1
3687 3
3688 2
3689 1
3691 3
3693 1
3694 2
3696 5
3697 3
3698 2
3699 2
3700 3
3701 2
3703 2
3704 2
3705 3
3706 2
3708 3
3710 6
3711 3
3712 8
3713 2
3714 2
3715 1
3716 2
3717 2
3718 1
3719 2
3720 2
3721 3
3722 1
3723 2
3724 2
3725 3
3726 7
3727 5
3728 2
3729 1
3730 2
3731 3
3732 1
3733 1
3735 1
3737 3
3738 3
3739 4
3740 3
3741 3
3742 1
3743 1
3744 2
3745 3
3746 3
3747 3
3748 3
3749 3
3750 1
3751 1
3752 3
3753 4
3754 3
3756 3
3757 3
3758 4
3759 3
3760 4
3761 4
3762 5
3763 6
3764 2
3765 5
3766 5
3767 2
3768 1
3769 6
3770 6
3771 1
3772 3
3773 4
3774 2
3775 2
3776 1
3777 1
3778 4
3779 4
3780 2
3781 2
3782 3
3783 4
3784 3
3785 2
3786 3
3787 3
3788 3
3789 2
3791 3
3792 2
3793 3
3794 3
3795 7
3796 2
3797 5
3798 3
3799 2
3800 4
3801 3
3802 2
3803 4
3804 1
3805 2
3806 1
3807 1
3808 1
3809 2
3810 4
3811 1
3812 3
3813 2
3814 5
3815 2
3816 3
3817 3
3818 3
3819 2
3820 8
3821 2
3822 1
3823 3
3824 1
3825 1
3826 3
3827 3
3828 3
3830 5
3831 3
3832 5
3833 2
3834 2
3835 2
3836 2
3837 3
3838 6
3839 2
3840 2
3841 1
3842 2
3843 1
3844 4
3845 5
3846 5
3847 4
3848 4
3850 4
3851 1
3852 5
3854 4
3855 3
3856 2
3857 1
3858 4
3859 2
3860 4
3861 4
3862 4
3863 3
3864 2
3865 4
3866 3
3867 3
3868 2
3869 2
3870 4
3872 2
3873 1
3874 1
3875 2
3876 1
3877 6
3878 6
3879 4
3880 2
3881 2
3882 3
3883 3
3884 1
3885 4
3886 2
3887 3
3888 5
3889 2
3890 3
3891 3
3892 4
3893 2
3894 3
3895 2
3896 5
3898 4
3899 1
3900 3
3901 1
3902 9
3903 5
3904 3
3905 4
3907 3
3908 3
3909 3
3910 7
3911 7
3912 5
3914 3
3915 2
3916 4
3917 2
3918 1
3919 2
3920 5
3921 2
3922 1
3923 2
3924 1
3925 4
3926 3
3927 1
3928 1
3929 2
3930 1
3931 2
3932 6
3933 6
3934 2
3935 1
3936 6
3937 2
3938 2
3939 1
3940 3
3941 3
3942 5
3943 4
3944 3
3945 4
3946 3
3947 6
3948 8
3949 1
3950 7
3951 3
3952 2
3953 2
3954 2
3955 6
3956 2
3957 7
3958 4
3959 1
3960 4
3961 7
3962 5
3963 4
3964 1
3965 7
3966 5
3967 3
3968 2
3969 4
3970 3
3971 5
3972 2
3974 2
3975 4
3976 2
3977 6
3978 3
3979 3
3980 2
3981 3
3982 5
3983 3
3984 3
3987 3
3988 5
3989 4
3990 2
3991 5
3992 3
3993 6
3994 3
3995 6
3996 5
3997 7
3998 1
3999 2
4000 4
4002 2
4003 1
4004 3
4005 3
4006 3
4007 4
4009 2
4011 4
4012 2
4013 4
4014 3
4015 8
4017 5
4018 1
4019 3
4020 4
4021 4
4022 1
4024 2
4025 2
4026 2
4027 5
4028 2
4029 1
4030 3
4031 5
4032 4
4033 2
4034 2
4035 5
4036 4
4037 3
4038 1
4040 1
4041 2
4042 5
4043 4
4044 1
4046 7
4047 4
4048 2
4049 3
4050 1
4051 3
4052 4
4053 5
4054 1
4055 3
4056 4
4057 4
4058 4
4059 4
4060 5
4061 1
4062 4
4063 1
4064 4
4065 5
4066 4
4067 4
4068 7
4069 5
4070 8
4071 7
4073 2
4074 3
4075 4
4076 1
4077 3
4078 3
4079 5
4080 5
4081 2
4082 3
4083 2
4084 2
4085 5
4086 2
4087 6
4088 2
4089 2
4090 2
4091 3
4092 2
4093 2
4094 7
4095 3
4096 4
4097 1
4098 6
4099 6
4100 1
4101 5
4102 3
4103 7
4104 4
4105 1
4106 4
4107 1
4108 1
4109 3
4110 3
4111 3
4112 2
4113 3
4114 3
4115 5
4116 5
4117 7
4118 4
4119 4
4120 5
4121 3
4122 3
4123 1
4124 5
4125 2
4126 3
4127 3
4128 3
4129 2
4130 5
4132 1
4133 3
4134 3
4135 2
4136 2
4137 5
4138 5
4139 4
4140 7
4141 3
4142 2
4143 3
4144 4
4145 5
4147 5
4148 2
4149 1
4150 2
4151 3
4152 2
4153 1
4154 1
4155 4
4156 4
4157 1
4158 1
4159 4
4160 4
4161 9
4162 2
4163 4
4164 2
4165 4
4166 4
4167 2
4168 2
4169 2
4170 2
4171 4
4172 2
4173 1
4174 3
4175 1
4176 5
4177 6
4178 2
4179 2
4180 4
4181 3
4182 3
4183 4
4184 4
4185 4
4186 5
4187 7
4188 2
4189 6
4190 3
4191 5
4193 2
4194 1
4195 4
4196 3
4197 1
4198 3
4199 6
4200 7
4201 3
4202 2
4203 1
4205 2
4206 2
4207 3
4208 5
4209 6
4210 1
4211 4
4212 8
4213 4
4214 2
4215 5
4216 2
4217 5
4218 6
4219 2
4220 2
4221 2
4222 6
4223 3
4224 4
4225 3
4226 4
4227 6
4228 4
4229 8
4230 6
4231 2
4232 4
4233 3
4234 5
4235 1
4236 1
4237 3
4238 3
4239 2
4240 3
4241 2
4242 4
4243 4
4244 1
4245 4
4246 5
4247 5
4248 3
4249 5
4250 3
4251 3
4252 5
4253 4
4254 3
4255 3
4256 3
4257 5
4258 4
4259 1
4260 4
4261 1
4262 1
4263 6
4264 7
4265 4
4266 4
4267 4
4268 4
4269 4
4270 2
4271 3
4272 2
4273 6
4274 3
4275 3
4276 4
4277 3
4278 7
4279 5
4280 4
4281 3
4284 4
4285 6
4286 1
4287 3
4288 7
4289 7
4290 1
4291 3
4292 11
4293 1
4294 2
4295 3
4296 5
4297 4
4298 5
4299 6
4300 6
4301 3
4302 2
4303 3
4304 4
4305 3
4306 2
4307 6
4308 5
4309 6
4310 2
4311 4
4312 3
4313 3
4314 3
4315 2
4316 1
4317 2
4318 3
4319 5
4320 4
4321 5
4322 1
4323 4
4324 6
4325 5
4327 3
4328 5
4329 8
4330 5
4331 5
4332 2
4333 3
4334 5
4335 4
4336 4
4337 2
4338 4
4339 1
4340 2
4341 3
4342 1
4343 2
4344 8
4345 2
4346 2
4347 1
4348 1
4349 4
4350 3
4351 7
4352 5
4353 5
4354 6
4355 8
4356 1
4357 4
4358 8
4359 4
4360 3
4361 3
4362 4
4363 4
4364 6
4365 2
4366 4
4367 3
4368 5
4369 6
4370 7
4371 6
4372 5
4373 1
4374 4
4375 7
4376 5
4377 2
4378 3
4379 2
4380 2
4381 5
4382 1
4383 2
4384 5
4385 3
4386 5
4387 3
4388 3
4389 4
4390 4
4391 4
4392 8
4393 3
4394 5
4395 2
4396 5
4397 2
4398 2
4399 7
4400 6
4401 3
4402 5
4403 3
4404 3
4405 7
4406 7
4407 2
4408 4
4409 5
4410 3
4411 3
4412 3
4413 4
4414 8
4416 1
4417 4
4418 3
4419 5
4420 2
4421 1
4422 6
4424 2
4425 7
4426 2
4427 3
4428 2
4429 6
4430 5
4431 4
4432 3
4433 1
4434 2
4435 6
4436 5
4438 3
4439 5
4440 9
4441 2
4442 4
4443 2
4444 7
4445 2
4446 3
4447 6
4448 8
4449 4
4450 7
4451 3
4452 5
4453 2
4454 2
4455 5
4456 2
4457 8
4458 7
4459 5
4460 7
4461 4
4462 7
4463 7
4464 4
4465 3
4466 5
4467 1
4468 6
4469 2
4470 3
4471 3
4472 3
4473 3
4474 1
4475 2
4476 1
4477 4
4478 4
4479 5
4480 5
4481 3
4482 4
4483 5
4484 3
4485 4
4486 4
4487 3
4488 2
4489 5
4490 4
4491 5
4492 4
4493 8
4494 1
4495 5
4496 9
4497 1
4499 6
4500 4
4501 5
4502 2
4503 3
4504 5
4505 6
4506 5
4507 2
4508 8
4509 4
4510 3
4511 3
4512 3
4513 3
4514 4
4515 6
4516 3
4517 4
4518 1
4519 3
4520 5
4521 3
4522 2
4523 7
4524 6
4525 4
4527 5
4528 1
4529 10
4530 5
4531 7
4532 5
4533 2
4534 2
4535 3
4536 4
4537 3
4538 1
4539 4
4540 4
4541 3
4542 5
4543 3
4544 4
4545 8
4546 4
4547 4
4548 8
4549 3
4550 10
4551 9
4552 4
4553 6
4554 7
4555 4
4556 4
4557 4
4558 4
4559 2
4560 2
4561 6
4562 1
4563 4
4564 5
4565 3
4566 2
4567 3
4568 5
4569 3
4570 1
4571 4
4572 3
4573 5
4574 5
4575 5
4576 5
4577 5
4578 4
4579 1
4580 4
4581 3
4582 5
4583 2
4584 3
4585 5
4586 1
4587 5
4588 3
4589 1
4590 4
4591 6
4592 2
4593 5
4594 6
4595 3
4596 3
4597 6
4598 3
4599 8
4600 4
4601 5
4602 8
4603 4
4604 5
4605 4
4606 5
4607 1
4608 6
4609 4
4610 4
4611 3
4612 5
4613 2
4614 8
4615 3
4616 4
4617 5
4618 3
4619 6
4620 3
4621 4
4622 3
4623 6
4624 4
4625 4
4626 4
4627 3
4628 3
4629 3
4630 3
4631 2
4632 7
4633 3
4634 1
4635 6
4636 3
4637 5
4638 5
4639 2
4640 7
4641 4
4642 1
4643 5
4644 3
4645 5
4646 4
4647 8
4648 3
4649 4
4650 5
4652 2
4653 3
4654 2
4655 3
4656 8
4657 9
4658 7
4659 5
4660 3
4661 3
4662 5
4663 11
4664 6
4665 4
4666 2
4667 3
4668 5
4669 5
4670 5
4671 6
4672 3
4673 1
4674 4
4675 4
4676 3
4677 5
4678 6
4679 5
4680 6
4681 5
4682 1
4683 4
4684 4
4685 2
4686 10
4687 4
4688 3
4689 4
4690 1
4691 1
4692 4
4693 5
4694 3
4696 3
4697 4
4698 2
4699 3
4700 5
4701 2
4702 2
4703 3
4704 4
4705 6
4706 5
4707 5
4708 6
4709 7
4710 8
4712 3
4713 6
4714 3
4715 7
4716 1
4717 3
4718 4
4719 4
4720 4
4721 7
4722 6
4723 1
4724 6
4725 7
4726 4
4727 1
4728 7
4729 5
4730 4
4731 2
4732 3
4733 4
4735 5
4736 2
4737 2
4738 3
4739 3
4740 3
4741 1
4742 4
4743 6
4744 2
4745 6
4746 3
4747 7
4748 5
4750 3
4751 5
4752 10
4753 1
4754 4
4755 3
4756 3
4757 4
4758 4
4759 2
4760 4
4761 4
4762 7
4763 8
4764 2
4765 6
4766 4
4767 2
4768 3
4769 6
4770 3
4771 7
4772 4
4773 4
4774 4
4775 4
4776 4
4777 5
4778 5
4779 5
4780 4
4781 5
4782 4
4783 3
4784 4
4785 2
4786 6
4787 4
4788 3
4789 5
4790 2
4791 7
4792 6
4793 4
4794 5
4795 4
4796 2
4797 4
4798 3
4799 5
4800 6
4801 2
4802 4
4803 6
4804 4
4805 5
4807 2
4808 5
4809 3
4810 2
4811 3
4812 6
4813 3
4814 2
4815 6
4816 6
4817 5
4818 3
4819 7
4820 1
4821 5
4822 6
4823 5
4824 6
4825 6
4826 3
4827 3
4828 1
4829 1
4830 7
4831 6
4832 3
4833 4
4834 3
4835 4
4836 3
4837 4
4838 4
4839 4
4840 4
4841 4
4842 6
4843 2
4844 2
4845 4
4846 4
4847 2
4848 3
4849 3
4850 4
4851 2
4852 3
4853 2
4854 7
4855 6
4856 4
4857 3
4858 6
4859 6
4860 3
4861 2
4862 4
4863 4
4864 5
4865 4
4866 2
4867 6
4868 4
4869 5
4870 2
4871 4
4872 4
4873 4
4874 2
4875 2
4876 3
4877 4
4878 4
4879 9
4880 4
4881 6
4882 5
4883 6
4884 4
4885 6
4886 8
4887 2
4888 5
4889 3
4890 3
4891 3
4892 11
4893 6
4894 4
4895 4
4896 3
4897 5
4898 4
4899 5
4900 5
4901 6
4902 2
4903 4
4904 7
4905 6
4906 3
4907 6
4908 5
4909 5
4910 4
4911 9
4912 2
4913 5
4914 7
4915 7
4916 6
4917 6
4918 1
4919 5
4920 4
4921 9
4922 4
4923 8
4924 6
4925 2
4926 8
4927 9
4928 5
4929 4
4930 7
4931 8
4932 3
4933 5
4934 1
4935 4
4936 6
4937 8
4938 5
4939 4
4940 2
4941 5
4942 7
4943 4
4944 5
4945 4
4946 3
4947 2
4948 4
4949 6
4950 5
4951 4
4952 5
4953 3
4954 5
4955 3
4956 5
4957 6
4958 4
4959 4
4960 3
4961 3
4962 6
4963 5
4965 4
4966 8
4967 4
4968 5
4969 4
4970 7
4971 5
4972 4
4973 2
4974 2
4975 4
4976 3
4977 3
4978 3
4979 8
4980 1
4981 3
4982 4
4983 8
4984 2
4985 3
4986 5
4987 5
4988 2
4989 5
4990 3
4991 2
4992 5
4993 4
4994 5
4995 1
4996 5
4997 4
4999 7
5000 4
5001 4
5002 5
5003 8
5004 3
5005 3
5006 5
5007 7
5008 5
5009 4
5010 3
5011 2
5012 4
5013 5
5014 2
5015 8
5016 8
5017 3
5018 1
5019 3
5020 5
5021 6
5022 4
5023 6
5024 2
5025 6
5026 3
5027 5
5028 8
5029 3
5030 12
5031 2
5032 2
5033 3
5034 4
5035 3
5036 4
5037 4
5038 2
5039 2
5040 4
5041 8
5042 4
5043 3
5044 3
5045 9
5046 3
5047 2
5048 4
5049 3
5050 5
5051 4
5052 2
5053 3
5054 3
5055 10
5056 7
5057 4
5058 4
5059 3
5060 4
5061 3
5062 3
5063 7
5064 2
5065 5
5066 5
5067 3
5068 1
5069 5
5070 4
5071 7
5073 4
5074 2
5075 2
5076 3
5077 1
5078 4
5079 2
5080 7
5081 6
5082 3
5083 3
5084 7
5085 2
5086 6
5087 3
5088 2
5089 2
5090 5
5091 3
5092 5
5093 2
5094 5
5095 5
5096 2
5097 8
5098 1
5099 3
5100 7
5101 4
5102 8
5103 4
5104 7
5105 5
5106 1
5107 7
5108 2
5109 4
5110 3
5111 3
5112 4
5113 1
5114 2
5116 4
5117 5
5118 6
5119 2
5120 4
5121 3
5122 3
5123 1
5124 2
5125 4
5126 4
5127 5
5128 2
5129 5
5130 4
5131 7
5132 5
5133 3
5134 3
5135 1
5136 5
5137 5
5138 5
5139 4
5140 2
5141 4
5142 3
5143 4
5144 3
5145 5
5146 10
5147 4
5148 4
5149 2
5150 3
5151 5
5152 3
5153 2
5154 6
5155 4
5156 3
5157 4
5158 1
5159 6
5160 7
5161 4
5162 7
5163 3
5164 5
5165 7
5166 3
5167 2
5168 1
5169 6
5170 5
5171 7
5172 4
5173 8
5174 1
5175 2
5176 4
5177 3
5178 6
5179 3
5180 6
5181 5
5182 5
5183 3
5184 3
5185 1
5186 2
5187 4
5188 1
5189 5
5190 4
5191 2
5192 3
5193 3
5194 5
5195 4
5196 8
5197 3
5198 4
5199 3
5200 5
5201 3
5202 5
5203 6
5204 6
5205 3
5206 3
5207 4
5208 4
5209 2
5210 4
5211 3
5212 3
5213 5
5214 2
5215 4
5216 3
5217 3
5218 7
5219 8
5220 4
5221 7
5222 5
5223 2
5224 9
5225 7
5226 6
5227 6
5228 1
5229 5
5230 3
5231 2
5232 3
5233 8
5234 2
5235 5
5236 2
5237 1
5238 4
5239 3
5240 3
5241 3
5242 6
5243 8
5244 3
5245 3
5246 1
5247 4
5248 1
5249 3
5250 6
5251 5
5252 5
5253 5
5254 5
5255 2
5256 4
5257 7
5258 5
5259 1
5260 6
5261 5
5262 4
5263 2
5264 4
5265 3
5266 5
5267 7
5268 2
5269 3
5270 1
5271 3
5272 3
5273 1
5274 4
5275 3
5276 3
5277 8
5278 3
5279 2
5280 6
5281 2
5282 5
5283 5
5284 2
5285 6
5286 2
5287 3
5288 6
5289 2
5290 4
5291 3
5292 4
5293 3
5294 5
5295 1
5296 2
5297 6
5298 4
5300 4
5301 2
5302 3
5303 4
5304 4
5305 7
5306 2
5307 4
5308 2
5309 4
5310 6
5311 3
5312 3
5313 4
5314 1
5315 6
5316 4
5317 5
5318 2
5319 3
5320 2
5321 5
5322 2
5323 4
5324 1
5325 4
5326 2
5327 4
5328 6
5329 2
5330 7
5331 6
5332 4
5333 7
5334 3
5335 3
5336 3
5337 2
5338 5
5339 3
5340 8
5341 6
5342 7
5343 4
5344 1
5345 6
5346 4
5347 4
5348 4
5349 6
5350 2
5351 6
5352 1
5353 4
5354 4
5355 2
5356 3
5357 3
5358 3
5359 5
5360 5
5361 6
5362 3
5363 5
5364 4
5365 1
5366 2
5367 2
5368 1
5369 5
5370 6
5371 1
5372 6
5373 6
5374 4
5375 5
5376 4
5377 3
5378 3
5379 6
5380 5
5382 2
5383 3
5384 3
5385 6
5386 3
5387 2
5388 7
5389 4
5390 7
5391 6
5392 1
5393 4
5394 2
5395 5
5397 4
5398 5
5399 1
5400 4
5401 2
5402 3
5403 4
5404 5
5405 3
5406 6
5407 3
5408 3
5409 2
5410 5
5411 3
5412 1
5413 5
5414 4
5415 1
5416 2
5417 2
5418 2
5419 3
5420 2
5422 4
5423 3
5424 2
5425 3
5426 5
5427 6
5428 2
5430 7
5431 6
5432 2
5433 7
5434 1
5435 2
5436 4
5437 4
5438 2
5439 3
5441 1
5442 2
5443 4
5444 4
5445 1
5446 8
5448 4
5449 2
5451 7
5452 1
5453 3
5454 3
5455 4
5456 3
5457 2
5458 1
5459 1
5460 5
5461 2
5462 4
5463 2
5464 4
5465 2
5466 5
5467 3
5468 1
5469 3
5470 1
5471 2
5472 5
5473 4
5474 7
5475 3
5476 3
5477 4
5478 5
5479 2
5480 1
5481 1
5482 3
5483 5
5484 3
5485 3
5487 8
5488 3
5489 2
5490 2
5491 2
5492 1
5493 1
5494 3
5495 2
5496 5
5497 6
5498 3
5499 3
5500 1
5501 3
5502 5
5503 2
5504 5
5505 4
5506 7
5507 4
5508 5
5509 1
5510 5
5511 1
5512 4
5513 1
5515 3
5516 3
5517 4
5518 4
5519 8
5520 3
5521 1
5522 3
5523 1
5524 4
5525 2
5526 3
5527 2
5528 3
5529 3
5530 4
5531 4
5532 4
5533 7
5534 4
5535 2
5536 3
5537 5
5538 2
5539 2
5540 3
5541 7
5542 3
5543 5
5544 2
5545 3
5546 5
5547 1
5548 2
5549 3
5550 1
5551 2
5552 1
5553 4
5554 3
5555 2
5556 3
5557 1
5558 1
5559 2
5560 5
5561 3
5562 1
5563 5
5565 4
5566 3
5567 2
5568 2
5569 1
5570 5
5571 1
5572 3
5573 5
5574 4
5575 4
5576 4
5577 3
5578 1
5579 5
5580 2
5581 3
5582 3
5583 2
5584 1
5585 2
5586 3
5587 2
5588 4
5589 2
5590 5
5591 2
5592 3
5593 4
5594 1
5595 5
5596 1
5597 5
5598 3
5599 4
5600 1
5601 1
5603 5
5604 5
5605 1
5606 3
5607 3
5608 2
5609 2
5610 1
5611 3
5612 1
5613 3
5614 2
5615 4
5616 3
5617 4
5618 1
5619 3
5620 3
5621 4
5622 2
5623 1
5625 4
5626 3
5627 2
5628 5
5629 5
5630 4
5631 4
5632 1
5633 2
5634 1
5635 1
5636 1
5637 1
5638 1
5639 3
5640 3
5641 3
5642 2
5643 2
5644 2
5645 3
5646 1
5647 1
5648 1
5649 2
5650 2
5651 4
5652 3
5653 2
5654 2
5655 2
5656 6
5657 3
5658 4
5659 3
5661 2
5662 4
5663 4
5664 3
5665 2
5666 1
5667 4
5668 2
5669 2
5670 3
5671 3
5672 1
5673 3
5674 3
5675 1
5676 2
5677 5
5678 2
5679 3
5680 4
5681 7
5682 2
5683 1
5684 6
5685 3
5687 2
5688 3
5689 4
5690 3
5691 2
5692 3
5693 3
5694 1
5695 1
5696 3
5697 6
5699 1
5700 2
5701 2
5702 2
5703 2
5704 3
5705 5
5706 7
5707 3
5708 6
5709 4
5710 3
5711 3
5712 1
5713 3
5714 1
5715 4
5716 3
5717 2
5718 1
5719 3
5720 2
5721 4
5722 4
5724 3
5725 2
5726 3
5727 1
5728 1
5729 2
5730 3
5731 1
5732 6
5733 2
5734 4
5735 2
5736 4
5739 6
5740 1
5742 1
5743 3
5744 2
5745 1
5746 3
5747 3
5748 1
5749 5
5750 2
5751 3
5752 1
5753 1
5754 2
5756 3
5757 1
5758 3
5759 6
5760 1
5761 2
5762 6
5763 4
5765 4
5766 5
5767 4
5768 3
5769 2
5772 1
5773 1
5774 3
5775 3
5776 2
5778 1
5780 4
5781 4
5782 1
5783 3
5784 3
5785 3
5786 4
5787 2
5788 3
5789 5
5790 1
5791 1
5792 3
5794 1
5795 4
5796 4
5797 1
5798 2
5799 1
5800 4
5801 2
5802 2
5803 1
5804 3
5805 1
5806 2
5807 1
5808 3
5809 3
5810 2
5811 3
5812 1
5813 3
5814 2
5815 4
5816 4
5817 1
5818 1
5819 3
5822 1
5823 1
5824 4
5825 3
5826 3
5827 1
5828 1
5829 4
5830 1
5831 5
5832 1
5833 2
5834 1
5836 2
5837 1
5838 4
5839 4
5840 2
5841 3
5842 1
5844 6
5845 1
5846 3
5847 3
5848 3
5849 3
5850 4
5851 1
5852 2
5853 1
5854 1
5855 1
5857 2
5858 5
5859 2
5860 1
5861 1
5862 2
5863 2
5864 1
5865 3
5866 2
5867 1
5870 3
5871 3
5872 1
5873 3
5874 2
5875 2
5876 1
5877 3
5878 2
5880 2
5881 2
5882 3
5883 4
5884 2
5885 3
5886 3
5887 1
5888 1
5889 6
5890 2
5891 1
5893 2
5894 3
5895 4
5896 2
5897 3
5899 3
5900 4
5901 3
5902 1
5903 2
5904 2
5905 1
5906 3
5907 2
5908 1
5910 1
5911 2
5912 1
5913 3
5914 5
5915 1
5916 2
5917 2
5918 1
5921 3
5922 3
5923 3
5924 2
5925 3
5926 2
5928 1
5929 2
5931 4
5932 1
5933 1
5934 1
5936 3
5937 1
5938 1
5939 1
5940 1
5942 1
5944 2
5945 2
5946 3
5947 6
5948 3
5949 2
5950 1
5951 2
5952 1
5953 2
5954 3
5957 4
5958 4
5959 2
5962 2
5964 2
5965 2
5966 3
5967 3
5968 1
5969 3
5970 2
5971 1
5972 2
5973 2
5976 2
5978 6
5979 2
5980 2
5981 1
5982 4
5983 2
5984 1
5985 2
5986 2
5987 2
5988 2
5990 1
5992 2
5993 1
5994 3
5995 3
5996 2
5997 2
5998 2
5999 2
6000 4
6001 2
6003 1
6005 1
6006 1
6007 2
6008 3
6010 1
6012 3
6013 1
6015 1
6016 2
6018 3
6019 2
6020 1
6021 3
6022 2
6023 1
6024 1
6025 1
6026 1
6028 1
6029 1
6030 2
6031 1
6032 3
6033 4
6035 3
6036 2
6037 2
6038 2
6040 3
6042 6
6046 4
6047 1
6049 1
6050 2
6051 3
6053 2
6054 3
6057 2
6058 1
6059 1
6060 1
6061 1
6062 2
6064 3
6065 2
6066 2
6067 2
6069 1
6070 1
6071 4
6072 1
6073 1
6074 5
6075 1
6076 1
6077 1
6079 1
6080 2
6083 1
6085 2
6086 2
6087 2
6088 4
6090 2
6091 2
6092 1
6093 1
6094 4
6096 3
6097 1
6098 1
6100 1
6101 2
6102 2
6103 1
6105 3
6107 1
6109 2
6110 2
6112 1
6113 1
6114 1
6115 1
6116 3
6117 1
6118 2
6119 3
6120 2
6122 3
6124 1
6125 1
6126 1
6128 1
6129 3
6130 1
6131 1
6133 2
6134 1
6136 4
6137 1
6138 3
6139 2
6140 1
6142 1
6143 2
6145 1
6146 1
6147 1
6149 2
6150 4
6151 1
6153 2
6154 2
6155 3
6156 2
6159 1
6160 2
6161 1
6162 2
6163 1
6164 1
6165 2
6166 1
6167 1
6170 1
6171 1
6175 4
6177 2
6180 1
6181 2
6183 2
6184 1
6188 1
6189 2
6190 3
6192 2
6193 2
6194 1
6195 1
6196 2
6197 1
6198 2
6201 1
6202 1
6203 2
6205 3
6206 1
6207 3
6208 2
6210 2
6211 1
6213 2
6215 1
6216 1
6218 4
6219 2
6223 1
6227 2
6230 3
6231 1
6232 1
6235 1
6236 1
6238 4
6240 3
6241 3
6242 2
6243 1
6244 1
6246 1
6249 4
6251 2
6252 2
6254 1
6257 1
6260 1
6261 1
6262 2
6263 3
6264 2
6266 3
6269 1
6271 1
6272 1
6273 2
6275 1
6277 2
6278 3
6279 2
6283 1
6286 1
6287 1
6289 2
6290 2
6293 3
6294 1
6295 2
6296 2
6297 1
6298 1
6299 1
6301 2
6302 2
6303 1
6305 2
6306 2
6307 1
6308 1
6310 1
6312 3
6313 1
6315 2
6317 1
6318 2
6319 1
6320 1
6321 1
6323 1
6324 1
6325 2
6326 2
6327 3
6329 1
6330 2
6332 2
6334 1
6336 2
6341 1
6342 3
6346 2
6348 1
6349 2
6353 1
6354 1
6355 1
6356 1
6360 2
6363 2
6364 1
6366 1
6368 1
6369 1
6371 2
6374 1
6376 1
6377 1
6378 1
6379 1
6380 1
6382 1
6383 1
6386 1
6392 1
6394 2
6398 2
6399 1
6401 1
6404 2
6407 1
6408 3
6412 1
6418 2
6421 2
6422 2
6423 2
6427 2
6430 1
6431 1
6435 2
6437 1
6439 2
6440 1
6443 2
6444 2
6445 1
6448 1
6449 2
6453 1
6454 1
6455 3
6460 1
6461 3
6462 3
6465 1
6469 2
6473 1
6476 1
6480 1
6481 1
6485 1
6487 3
6488 1
6492 2
6495 1
6498 1
6503 1
6506 1
6507 1
6510 1
6514 1
6515 1
6518 3
6522 1
6524 1
6526 1
6529 1
6530 2
6531 1
6538 2
6539 2
6542 1
6543 2
6544 1
6551 1
6552 2
6555 1
6559 1
6561 1
6562 2
6564 1
6565 1
6566 1
6567 1
6573 1
6578 1
6579 1
6582 1
6584 1
6587 1
6591 1
6593 1
6594 1
6595 1
6596 1
6597 1
6599 1
6601 1
6602 1
6603 1
6604 1
6609 1
6610 1
6613 1
6615 1
6616 1
6619 1
6623 1
6629 1
6632 1
6635 3
6639 1
6652 1
6659 1
6667 1
6677 1
6678 1
6684 1
6685 1
6690 1
6694 1
6700 1
6713 1
6717 1
6718 1
6721 1
6727 3
6731 1
6733 1
6739 2
6745 1
6748 1
6757 1
6758 1
6764 2
6765 1
6768 1
6771 1
6773 1
6776 2
6779 1
6783 1
6784 1
6785 1
6786 1
6790 1
6793 1
6811 1
6817 1
6826 1
6829 1
6830 1
6851 1
6852 1
6855 1
6868 1
6869 1
6870 1
6871 1
6872 1
6887 1
6894 1
6900 1
6921 1
6927 1
6937 1
6946 1
6957 1
6959 1
6972 1
6987 1
6992 1
7004 1
7016 1
7027 1
7039 1
7050 1
7064 1
7065 1
7079 1
7145 1
7150 1
7159 1
7186 1
7228 1
7240 1
7252 2
7254 1
7304 1
8120 1
