500 100000 20
1 336
2 230
3 159
4 113
5 126
6 90
7 81
8 68
9 67
10 72
11 53
12 49
13 46
14 54
15 48
16 53
17 51
18 44
19 34
20 31
21 28
22 33
23 33
24 23
25 27
26 29
27 44
28 26
29 34
30 28
31 25
32 28
33 25
34 26
35 29
36 15
37 27
38 13
39 24
40 23
41 11
42 19
43 20
44 23
45 16
46 20
47 22
48 20
49 20
50 19
51 22
52 23
53 20
54 16
55 20
56 16
57 16
58 18
59 26
60 19
61 15
62 17
63 20
64 14
65 22
66 16
67 15
68 17
69 13
70 16
71 16
72 10
73 11
74 15
75 9
76 14
77 20
78 15
79 14
80 17
81 14
82 12
83 14
84 18
85 12
86 10
87 15
88 12
89 14
90 14
91 12
92 14
93 17
94 18
95 11
96 17
97 11
98 8
99 8
100 18
101 15
102 10
103 15
104 16
105 11
106 10
107 8
108 13
109 11
110 13
111 19
112 12
113 11
114 21
115 11
116 18
117 9
118 11
119 5
120 13
121 16
122 6
123 15
124 14
125 20
126 7
127 17
128 13
129 12
130 15
131 14
132 17
133 13
134 13
135 14
136 16
137 10
138 13
139 16
140 12
141 10
142 15
143 12
144 10
145 10
146 5
147 6
148 6
149 15
150 12
151 9
152 9
153 10
154 9
155 10
156 14
157 2
158 11
159 8
160 11
161 12
162 11
163 8
164 10
165 10
166 9
167 8
168 6
169 15
170 16
171 5
172 7
173 6
174 11
175 14
176 7
177 9
178 2
179 5
180 9
181 6
182 7
183 10
184 8
185 6
186 8
187 14
188 9
189 14
190 13
191 9
192 13
193 15
194 9
195 12
196 13
197 10
198 14
199 7
200 5
201 13
202 12
203 14
204 11
205 10
206 8
207 12
208 6
209 9
210 9
211 11
212 8
213 11
214 8
215 14
216 10
217 7
218 10
219 8
220 8
221 6
222 10
223 9
224 4
225 7
226 7
227 12
228 9
229 10
230 10
231 11
232 9
233 10
234 8
235 11
236 10
237 11
238 11
239 8
240 12
241 10
242 12
243 8
244 5
245 9
246 8
247 7
248 6
249 13
250 6
251 12
252 11
253 10
254 10
255 9
256 8
257 11
258 5
259 5
260 6
261 10
262 11
263 11
264 6
265 7
266 8
267 8
268 15
269 12
270 10
271 8
272 9
273 10
274 5
275 11
276 5
277 10
278 5
279 9
280 10
281 12
282 7
283 7
284 3
285 10
286 8
287 3
288 6
289 8
290 12
291 8
292 13
293 7
294 13
295 9
296 6
297 12
298 5
299 8
300 5
301 3
302 6
303 13
304 8
305 4
306 9
307 9
308 3
309 8
310 22
311 9
312 6
313 10
314 8
315 16
316 9
317 10
318 14
319 12
320 7
321 15
322 10
323 4
324 10
325 6
326 8
327 12
328 5
329 7
330 11
331 7
332 5
333 4
334 6
335 9
336 6
337 9
338 8
339 9
340 6
341 7
342 12
343 13
344 10
345 8
346 8
347 2
348 11
349 12
350 3
351 9
352 5
353 5
354 7
355 9
356 12
357 8
358 4
359 9
360 14
361 8
362 7
363 11
364 13
365 11
366 5
367 8
368 11
369 6
370 7
371 6
372 7
373 7
374 5
375 7
376 13
377 11
378 9
379 6
380 10
381 9
382 9
383 4
384 7
385 11
386 5
387 7
388 4
389 10
390 5
391 7
392 15
393 8
394 7
395 7
396 10
397 7
398 9
399 9
400 8
401 11
402 6
403 6
404 7
405 9
406 6
407 5
408 7
409 14
410 7
411 9
412 11
413 12
414 5
415 7
416 11
417 10
418 18
419 10
420 7
421 11
422 12
423 9
424 4
425 7
426 8
427 8
428 9
429 3
430 4
431 14
432 11
433 6
434 9
435 13
436 6
437 10
438 10
439 10
440 7
441 10
442 15
443 5
444 13
445 6
446 6
447 4
448 9
449 9
450 9
451 4
452 7
453 14
454 6
455 13
456 4
457 5
458 11
459 4
460 8
461 6
462 15
463 5
464 14
465 9
466 11
467 11
468 7
469 8
470 9
471 17
472 16
473 12
474 7
475 3
476 6
477 10
478 5
479 6
480 5
481 6
482 11
483 11
484 12
485 12
486 10
487 12
488 15
489 9
490 8
491 12
492 10
493 6
494 7
495 11
496 11
497 11
498 9
499 7
500 12
501 5
502 9
503 8
504 4
505 8
506 10
507 11
508 7
509 8
510 6
511 6
512 5
513 7
514 9
515 11
516 9
517 6
518 2
519 7
520 4
521 5
522 7
523 5
524 12
525 11
526 4
527 9
528 8
529 9
530 11
531 10
532 1
533 6
534 2
535 6
536 7
537 5
538 10
539 8
540 8
541 9
542 12
543 9
544 4
545 7
546 5
547 15
548 7
549 14
550 8
551 8
552 15
553 12
554 9
555 14
556 7
557 8
558 6
559 5
560 9
561 6
562 9
563 8
564 15
565 7
566 9
567 7
568 15
569 6
570 11
571 7
572 12
573 6
574 11
575 11
576 7
577 2
578 8
579 6
580 10
581 8
582 9
583 3
584 5
585 8
586 9
587 10
588 7
589 9
590 7
591 9
592 8
593 8
594 7
595 6
596 10
597 11
598 5
599 13
600 11
601 12
602 10
603 13
604 11
605 9
606 13
607 10
608 10
609 9
610 7
611 5
612 10
613 15
614 5
615 11
616 6
617 13
618 12
619 9
620 12
621 9
622 6
623 8
624 12
625 8
626 4
627 3
628 14
629 10
630 9
631 10
632 14
633 12
634 6
635 7
636 9
637 10
638 11
639 10
640 10
641 10
642 13
643 10
644 8
645 8
646 9
647 13
648 12
649 16
650 9
651 8
652 11
653 6
654 5
655 4
656 6
657 11
658 16
659 8
660 9
661 14
662 10
663 4
664 4
665 4
666 7
667 6
668 8
669 16
670 9
671 11
672 5
673 8
674 11
675 9
676 6
677 10
678 10
679 9
680 7
681 12
682 6
683 8
684 10
685 18
686 9
687 12
688 14
689 5
690 9
691 10
692 11
693 10
694 14
695 5
696 5
697 8
698 7
699 7
700 7
701 5
702 10
703 9
704 11
705 7
706 8
707 14
708 6
709 10
710 11
711 14
712 12
713 13
714 10
715 6
716 10
717 5
718 8
719 4
720 13
721 11
722 12
723 10
724 13
725 7
726 6
727 12
728 13
729 6
730 13
731 8
732 12
733 11
734 6
735 10
736 8
737 10
738 8
739 13
740 12
741 12
742 7
743 12
744 16
745 13
746 11
747 10
748 13
749 14
750 8
751 11
752 10
753 7
754 13
755 11
756 8
757 8
758 15
759 10
760 8
761 12
762 11
763 16
764 17
765 11
766 9
767 15
768 10
769 10
770 10
771 10
772 21
773 9
774 7
775 9
776 12
777 8
778 8
779 8
780 14
781 18
782 11
783 9
784 8
785 15
786 9
787 9
788 8
789 11
790 10
791 6
792 12
793 9
794 14
795 10
796 17
797 11
798 14
799 8
800 11
801 9
802 16
803 5
804 10
805 11
806 16
807 20
808 20
809 10
810 15
811 15
812 19
813 7
814 15
815 17
816 11
817 12
818 11
819 7
820 18
821 9
822 11
823 12
824 14
825 6
826 11
827 11
828 19
829 14
830 12
831 15
832 9
833 10
834 17
835 8
836 7
837 9
838 8
839 7
840 13
841 11
842 10
843 13
844 15
845 12
846 12
847 11
848 12
849 9
850 12
851 8
852 11
853 11
854 12
855 9
856 6
857 10
858 16
859 16
860 7
861 10
862 13
863 11
864 7
865 12
866 8
867 16
868 19
869 12
870 17
871 13
872 14
873 14
874 19
875 10
876 19
877 11
878 8
879 17
880 20
881 11
882 16
883 10
884 8
885 15
886 15
887 9
888 9
889 17
890 11
891 8
892 14
893 18
894 15
895 18
896 16
897 11
898 18
899 13
900 12
901 17
902 20
903 11
904 16
905 16
906 9
907 14
908 21
909 17
910 15
911 18
912 15
913 13
914 11
915 12
916 19
917 10
918 10
919 15
920 11
921 17
922 15
923 11
924 18
925 10
926 19
927 10
928 20
929 13
930 12
931 14
932 12
933 16
934 19
935 14
936 22
937 14
938 19
939 18
940 21
941 20
942 11
943 15
944 18
945 15
946 13
947 14
948 17
949 13
950 13
951 20
952 14
953 25
954 18
955 17
956 13
957 12
958 18
959 10
960 19
961 16
962 18
963 9
964 11
965 17
966 18
967 12
968 19
969 19
970 20
971 20
972 17
973 13
974 16
975 16
976 15
977 23
978 19
979 15
980 14
981 9
982 20
983 15
984 20
985 16
986 17
987 19
988 19
989 19
990 12
991 13
992 18
993 23
994 22
995 14
996 19
997 19
998 15
999 23
1000 14
1001 14
1002 16
1003 16
1004 24
1005 14
1006 20
1007 17
1008 25
1009 12
1010 21
1011 8
1012 22
1013 19
1014 24
1015 23
1016 18
1017 14
1018 9
1019 15
1020 16
1021 25
1022 26
1023 30
1024 9
1025 21
1026 29
1027 19
1028 18
1029 14
1030 26
1031 20
1032 24
1033 17
1034 12
1035 17
1036 15
1037 28
1038 10
1039 17
1040 18
1041 16
1042 21
1043 24
1044 20
1045 26
1046 26
1047 21
1048 19
1049 21
1050 28
1051 22
1052 23
1053 21
1054 15
1055 23
1056 19
1057 20
1058 19
1059 16
1060 24
1061 15
1062 30
1063 19
1064 15
1065 24
1066 18
1067 15
1068 16
1069 20
1070 13
1071 19
1072 22
1073 22
1074 13
1075 21
1076 26
1077 23
1078 18
1079 29
1080 15
1081 17
1082 23
1083 19
1084 19
1085 20
1086 23
1087 23
1088 16
1089 11
1090 25
1091 18
1092 21
1093 30
1094 24
1095 27
1096 36
1097 19
1098 23
1099 28
1100 26
1101 22
1102 16
1103 14
1104 32
1105 21
1106 20
1107 20
1108 21
1109 27
1110 29
1111 19
1112 22
1113 26
1114 23
1115 17
1116 17
1117 21
1118 23
1119 18
1120 23
1121 31
1122 30
1123 15
1124 22
1125 26
1126 26
1127 25
1128 25
1129 24
1130 26
1131 26
1132 33
1133 28
1134 28
1135 22
1136 30
1137 16
1138 21
1139 29
1140 37
1141 28
1142 26
1143 29
1144 20
1145 18
1146 28
1147 16
1148 24
1149 33
1150 19
1151 30
1152 32
1153 22
1154 27
1155 18
1156 21
1157 29
1158 37
1159 19
1160 22
1161 28
1162 33
1163 19
1164 29
1165 33
1166 24
1167 27
1168 19
1169 23
1170 22
1171 28
1172 28
1173 16
1174 20
1175 30
1176 23
1177 37
1178 32
1179 25
1180 32
1181 30
1182 24
1183 31
1184 35
1185 29
1186 28
1187 21
1188 29
1189 40
1190 28
1191 26
1192 32
1193 29
1194 25
1195 26
1196 37
1197 42
1198 23
1199 34
1200 30
1201 29
1202 36
1203 44
1204 27
1205 32
1206 39
1207 21
1208 29
1209 31
1210 21
1211 41
1212 41
1213 27
1214 27
1215 29
1216 28
1217 35
1218 22
1219 31
1220 35
1221 26
1222 31
1223 41
1224 36
1225 24
1226 28
1227 35
1228 35
1229 19
1230 32
1231 26
1232 33
1233 30
1234 35
1235 46
1236 34
1237 25
1238 23
1239 35
1240 31
1241 30
1242 30
1243 30
1244 37
1245 40
1246 44
1247 31
1248 42
1249 33
1250 31
1251 25
1252 39
1253 34
1254 41
1255 33
1256 37
1257 32
1258 44
1259 30
1260 33
1261 39
1262 35
1263 43
1264 34
1265 29
1266 40
1267 46
1268 43
1269 37
1270 42
1271 32
1272 32
1273 30
1274 33
1275 43
1276 41
1277 34
1278 39
1279 31
1280 40
1281 41
1282 47
1283 44
1284 45
1285 26
1286 36
1287 44
1288 33
1289 26
1290 35
1291 34
1292 27
1293 49
1294 47
1295 35
1296 40
1297 31
1298 39
1299 41
1300 29
1301 39
1302 40
1303 33
1304 38
1305 44
1306 41
1307 34
1308 38
1309 41
1310 34
1311 31
1312 39
1313 42
1314 41
1315 39
1316 32
1317 36
1318 34
1319 39
1320 50
1321 37
1322 41
1323 38
1324 35
1325 45
1326 38
1327 40
1328 40
1329 55
1330 31
1331 38
1332 52
1333 38
1334 31
1335 39
1336 39
1337 43
1338 33
1339 44
1340 43
1341 43
1342 48
1343 46
1344 47
1345 38
1346 41
1347 36
1348 44
1349 39
1350 34
1351 40
1352 37
1353 33
1354 38
1355 30
1356 42
1357 38
1358 47
1359 30
1360 47
1361 37
1362 31
1363 46
1364 33
1365 42
1366 24
1367 44
1368 47
1369 38
1370 52
1371 31
1372 47
1373 43
1374 36
1375 41
1376 45
1377 41
1378 33
1379 44
1380 49
1381 50
1382 45
1383 40
1384 42
1385 39
1386 39
1387 41
1388 40
1389 41
1390 55
1391 43
1392 32
1393 38
1394 38
1395 44
1396 51
1397 57
1398 40
1399 47
1400 44
1401 47
1402 41
1403 52
1404 45
1405 45
1406 36
1407 37
1408 36
1409 54
1410 41
1411 45
1412 37
1413 44
1414 47
1415 41
1416 38
1417 43
1418 43
1419 44
1420 44
1421 44
1422 46
1423 45
1424 50
1425 44
1426 53
1427 46
1428 42
1429 39
1430 48
1431 60
1432 40
1433 49
1434 45
1435 43
1436 51
1437 40
1438 46
1439 44
1440 53
1441 55
1442 56
1443 48
1444 54
1445 37
1446 48
1447 53
1448 56
1449 52
1450 56
1451 38
1452 42
1453 45
1454 46
1455 43
1456 47
1457 53
1458 38
1459 45
1460 43
1461 45
1462 53
1463 26
1464 36
1465 36
1466 32
1467 43
1468 46
1469 52
1470 37
1471 45
1472 45
1473 49
1474 47
1475 42
1476 51
1477 31
1478 53
1479 51
1480 41
1481 36
1482 44
1483 46
1484 37
1485 44
1486 48
1487 55
1488 44
1489 40
1490 45
1491 46
1492 52
1493 40
1494 45
1495 40
1496 44
1497 37
1498 51
1499 55
1500 45
1501 48
1502 48
1503 50
1504 37
1505 33
1506 46
1507 43
1508 35
1509 49
1510 41
1511 40
1512 50
1513 50
1514 41
1515 46
1516 47
1517 28
1518 39
1519 44
1520 46
1521 39
1522 53
1523 47
1524 51
1525 40
1526 28
1527 50
1528 46
1529 49
1530 30
1531 36
1532 45
1533 46
1534 37
1535 42
1536 51
1537 34
1538 55
1539 48
1540 41
1541 34
1542 39
1543 40
1544 44
1545 49
1546 56
1547 45
1548 35
1549 40
1550 36
1551 46
1552 42
1553 43
1554 50
1555 38
1556 34
1557 34
1558 47
1559 40
1560 48
1561 46
1562 52
1563 37
1564 46
1565 51
1566 40
1567 52
1568 49
1569 47
1570 40
1571 55
1572 50
1573 41
1574 30
1575 40
1576 41
1577 47
1578 33
1579 49
1580 42
1581 36
1582 58
1583 48
1584 29
1585 44
1586 36
1587 46
1588 46
1589 45
1590 44
1591 35
1592 35
1593 41
1594 48
1595 54
1596 35
1597 46
1598 35
1599 40
1600 49
1601 38
1602 35
1603 43
1604 38
1605 33
1606 47
1607 48
1608 41
1609 49
1610 45
1611 50
1612 44
1613 39
1614 36
1615 52
1616 37
1617 37
1618 32
1619 38
1620 37
1621 35
1622 47
1623 35
1624 48
1625 32
1626 38
1627 37
1628 41
1629 36
1630 30
1631 40
1632 32
1633 40
1634 42
1635 36
1636 47
1637 39
1638 33
1639 39
1640 35
1641 35
1642 36
1643 22
1644 35
1645 30
1646 32
1647 39
1648 43
1649 39
1650 40
1651 38
1652 31
1653 38
1654 46
1655 38
1656 48
1657 38
1658 23
1659 40
1660 44
1661 36
1662 36
1663 31
1664 34
1665 30
1666 31
1667 37
1668 28
1669 36
1670 32
1671 34
1672 33
1673 45
1674 33
1675 32
1676 38
1677 36
1678 35
1679 41
1680 38
1681 27
1682 39
1683 37
1684 31
1685 39
1686 39
1687 21
1688 33
1689 33
1690 35
1691 31
1692 31
1693 22
1694 29
1695 42
1696 37
1697 30
1698 31
1699 28
1700 32
1701 38
1702 35
1703 25
1704 22
1705 34
1706 36
1707 28
1708 33
1709 26
1710 30
1711 24
1712 35
1713 27
1714 31
1715 25
1716 25
1717 25
1718 23
1719 24
1720 26
1721 33
1722 30
1723 23
1724 38
1725 38
1726 26
1727 26
1728 25
1729 25
1730 24
1731 32
1732 33
1733 29
1734 21
1735 29
1736 28
1737 30
1738 28
1739 38
1740 24
1741 32
1742 32
1743 31
1744 18
1745 26
1746 27
1747 30
1748 33
1749 30
1750 27
1751 30
1752 31
1753 26
1754 25
1755 24
1756 19
1757 38
1758 28
1759 23
1760 19
1761 32
1762 25
1763 21
1764 14
1765 30
1766 20
1767 28
1768 31
1769 21
1770 29
1771 24
1772 19
1773 18
1774 19
1775 25
1776 19
1777 24
1778 28
1779 19
1780 23
1781 34
1782 19
1783 24
1784 22
1785 29
1786 18
1787 28
1788 30
1789 25
1790 17
1791 16
1792 16
1793 25
1794 14
1795 15
1796 18
1797 17
1798 19
1799 22
1800 21
1801 31
1802 29
1803 16
1804 20
1805 17
1806 23
1807 26
1808 18
1809 20
1810 25
1811 22
1812 20
1813 17
1814 16
1815 21
1816 20
1817 22
1818 16
1819 22
1820 24
1821 14
1822 17
1823 21
1824 21
1825 18
1826 19
1827 21
1828 23
1829 16
1830 13
1831 21
1832 17
1833 14
1834 22
1835 19
1836 13
1837 12
1838 16
1839 18
1840 20
1841 14
1842 19
1843 15
1844 16
1845 19
1846 25
1847 19
1848 11
1849 18
1850 14
1851 13
1852 12
1853 23
1854 17
1855 21
1856 14
1857 12
1858 14
1859 12
1860 11
1861 23
1862 12
1863 15
1864 12
1865 8
1866 15
1867 15
1868 15
1869 15
1870 18
1871 15
1872 18
1873 17
1874 13
1875 19
1876 16
1877 19
1878 13
1879 19
1880 21
1881 9
1882 15
1883 16
1884 15
1885 14
1886 12
1887 16
1888 9
1889 14
1890 14
1891 19
1892 11
1893 13
1894 14
1895 8
1896 6
1897 15
1898 9
1899 20
1900 9
1901 12
1902 11
1903 9
1904 12
1905 11
1906 7
1907 12
1908 12
1909 10
1910 15
1911 13
1912 9
1913 11
1914 16
1915 11
1916 7
1917 11
1918 11
1919 7
1920 9
1921 14
1922 10
1923 6
1924 11
1925 6
1926 15
1927 9
1928 11
1929 14
1930 6
1931 9
1932 9
1933 16
1934 9
1935 10
1936 12
1937 12
1938 15
1939 11
1940 11
1941 7
1942 12
1943 7
1944 8
1945 11
1946 10
1947 9
1948 11
1949 5
1950 8
1951 8
1952 15
1953 8
1954 2
1955 5
1956 7
1957 5
1958 10
1959 7
1960 8
1961 4
1962 4
1963 11
1964 7
1965 7
1966 9
1967 6
1968 7
1969 2
1970 14
1971 5
1972 9
1973 8
1974 3
1975 5
1976 1
1977 5
1978 8
1979 4
1980 5
1981 6
1982 11
1983 5
1984 7
1985 4
1986 4
1987 10
1988 3
1989 5
1990 4
1991 6
1992 6
1993 6
1994 9
1995 4
1996 8
1997 7
1998 7
1999 8
2000 3
2001 4
2002 9
2003 7
2004 2
2005 5
2006 3
2007 6
2008 4
2009 6
2010 8
2011 7
2012 2
2013 9
2014 2
2015 5
2016 4
2017 4
2018 1
2019 4
2020 6
2021 3
2022 8
2023 8
2024 2
2025 5
2026 8
2027 5
2028 5
2029 4
2030 4
2031 4
2032 3
2033 3
2034 6
2035 6
2036 7
2037 1
2038 5
2039 3
2040 1
2041 8
2042 3
2043 4
2044 3
2045 1
2046 4
2047 3
2048 4
2049 5
2050 3
2051 4
2052 3
2053 3
2054 5
2055 5
2056 4
2057 4
2058 5
2059 3
2060 4
2062 3
2063 6
2064 3
2065 5
2066 2
2067 3
2068 4
2069 5
2070 4
2072 4
2073 2
2074 3
2075 3
2076 1
2077 3
2078 1
2079 2
2080 2
2081 1
2082 1
2083 5
2085 3
2086 3
2087 1
2088 8
2090 4
2091 4
2092 3
2093 3
2095 3
2096 3
2097 1
2098 1
2099 3
2100 1
2101 4
2102 4
2103 2
2104 3
2105 1
2106 1
2107 2
2108 1
2109 3
2111 1
2112 1
2113 1
2114 2
2117 2
2118 5
2119 1
2120 1
2121 3
2122 2
2123 1
2124 1
2126 1
2128 1
2129 1
2130 1
2132 1
2133 2
2134 2
2135 1
2136 1
2138 1
2139 1
2141 1
2144 2
2146 4
2147 2
2148 1
2149 1
2151 1
2152 1
2154 1
2155 1
2157 2
2158 1
2163 4
2164 5
2165 2
2166 1
2167 2
2169 1
2170 1
2171 1
2173 1
2175 1
2176 1
2184 3
2187 2
2188 1
2195 1
2198 1
2201 1
2203 2
2205 1
2206 1
2210 1
2212 1
2217 2
2220 2
2224 1
2225 1
2228 1
2229 1
2230 1
2244 1
2245 1
2246 3
2247 1
2250 1
2252 1
2253 3
2259 1
2260 1
2262 1
2263 1
2268 1
2270 1
2273 1
2274 1
2278 1
2280 1
2289 1
2295 1
2322 1
2346 1
2377 1
