500 100000 6
1 1764
2 1201
3 892
4 791
5 690
6 569
7 529
8 497
9 446
10 449
11 406
12 412
13 348
14 361
15 376
16 342
17 312
18 315
19 305
20 284
21 296
22 279
23 284
24 240
25 255
26 277
27 220
28 276
29 222
30 225
31 246
32 229
33 239
34 226
35 217
36 213
37 223
38 206
39 225
40 225
41 231
42 204
43 214
44 164
45 183
46 180
47 208
48 202
49 178
50 201
51 171
52 194
53 184
54 166
55 189
56 184
57 193
58 175
59 190
60 156
61 207
62 156
63 195
64 198
65 173
66 171
67 193
68 175
69 175
70 158
71 193
72 159
73 166
74 169
75 178
76 171
77 169
78 158
79 154
80 186
81 169
82 164
83 158
84 191
85 185
86 164
87 185
88 178
89 172
90 148
91 177
92 186
93 178
94 162
95 168
96 160
97 177
98 185
99 177
100 182
101 172
102 164
103 173
104 156
105 173
106 190
107 167
108 169
109 184
110 201
111 174
112 161
113 161
114 173
115 175
116 160
117 169
118 185
119 172
120 191
121 197
122 180
123 170
124 167
125 146
126 189
127 186
128 190
129 180
130 182
131 189
132 189
133 192
134 174
135 152
136 174
137 181
138 177
139 185
140 178
141 171
142 190
143 207
144 186
145 199
146 176
147 194
148 204
149 182
150 197
151 203
152 186
153 171
154 194
155 215
156 182
157 187
158 231
159 212
160 186
161 208
162 207
163 229
164 212
165 188
166 210
167 188
168 194
169 209
170 219
171 215
172 188
173 216
174 222
175 217
176 208
177 227
178 210
179 253
180 229
181 232
182 222
183 219
184 215
185 217
186 228
187 239
188 241
189 249
190 234
191 244
192 192
193 237
194 252
195 240
196 227
197 236
198 239
199 243
200 246
201 256
202 281
203 247
204 266
205 290
206 282
207 248
208 282
209 258
210 293
211 276
212 283
213 280
214 280
215 274
216 307
217 320
218 313
219 276
220 333
221 293
222 293
223 307
224 321
225 341
226 337
227 347
228 322
229 314
230 317
231 344
232 345
233 353
234 329
235 347
236 310
237 384
238 351
239 335
240 347
241 401
242 394
243 374
244 381
245 387
246 399
247 361
248 396
249 384
250 404
251 375
252 380
253 412
254 408
255 424
256 411
257 389
258 394
259 393
260 388
261 442
262 421
263 441
264 402
265 451
266 468
267 469
268 428
269 493
270 467
271 447
272 475
273 517
274 434
275 495
276 498
277 520
278 483
279 528
280 493
281 491
282 513
283 531
284 549
285 525
286 554
287 544
288 534
289 579
290 575
291 564
292 580
293 572
294 573
295 592
296 542
297 581
298 589
299 607
300 587
301 598
302 584
303 591
304 600
305 647
306 651
307 599
308 617
309 602
310 610
311 669
312 691
313 627
314 617
315 647
316 643
317 631
318 662
319 677
320 698
321 692
322 695
323 677
324 703
325 686
326 654
327 672
328 667
329 663
330 742
331 651
332 683
333 722
334 689
335 706
336 721
337 718
338 697
339 652
340 710
341 695
342 703
343 662
344 769
345 673
346 734
347 800
348 694
349 737
350 697
351 735
352 733
353 713
354 684
355 736
356 689
357 735
358 738
359 695
360 715
361 699
362 780
363 714
364 733
365 685
366 706
367 711
368 722
369 714
370 691
371 707
372 691
373 680
374 646
375 625
376 646
377 665
378 661
379 695
380 642
381 639
382 664
383 641
384 653
385 640
386 622
387 667
388 641
389 650
390 578
391 616
392 610
393 597
394 610
395 587
396 573
397 549
398 593
399 551
400 576
401 558
402 556
403 519
404 508
405 570
406 564
407 489
408 533
409 504
410 493
411 502
412 520
413 502
414 430
415 499
416 451
417 465
418 461
419 434
420 445
421 442
422 411
423 392
424 430
425 403
426 425
427 406
428 406
429 391
430 382
431 361
432 347
433 339
434 347
435 350
436 337
437 317
438 323
439 331
440 315
441 276
442 304
443 293
444 306
445 279
446 264
447 282
448 253
449 252
450 280
451 258
452 227
453 215
454 227
455 207
456 208
457 212
458 204
459 201
460 159
461 167
462 193
463 178
464 154
465 160
466 138
467 159
468 139
469 171
470 134
471 134
472 126
473 133
474 114
475 113
476 125
477 113
478 120
479 106
480 104
481 103
482 82
483 95
484 99
485 91
486 84
487 75
488 58
489 66
490 68
491 87
492 71
493 54
494 80
495 49
496 49
497 53
498 44
499 49
500 53
501 55
502 51
503 54
504 37
505 37
506 43
507 39
508 36
509 35
510 23
511 38
512 31
513 23
514 34
515 38
516 31
517 32
518 17
519 26
520 27
521 20
522 16
523 14
524 18
525 18
526 14
527 19
528 20
529 4
530 14
531 8
532 10
533 10
534 15
535 11
536 4
537 9
538 7
539 6
540 5
541 8
542 9
543 12
544 8
545 5
546 5
547 4
548 9
549 4
550 3
551 7
552 7
553 2
554 1
555 5
556 2
557 1
558 3
559 7
560 2
561 2
562 4
563 7
565 1
566 4
567 3
568 3
569 1
570 2
571 1
572 1
573 1
574 1
576 3
577 1
580 2
581 1
582 1
613 1
