5 300000 60
0 900000
1 186441
2 67737
3 35928
4 22661
5 15511
6 11429
7 8731
8 6871
9 5431
10 4569
11 3766
12 2983
13 2596
14 2307
15 1962
16 1762
17 1445
18 1304
19 1079
20 1001
21 890
22 819
23 755
24 663
25 604
26 541
27 482
28 463
29 382
30 353
31 315
32 289
33 280
34 263
35 209
36 212
37 188
38 189
39 143
40 165
41 146
42 113
43 118
44 107
45 89
46 105
47 78
48 65
49 92
50 71
51 69
52 55
53 53
54 44
55 42
56 42
57 41
58 33
59 46
60 35
61 39
62 34
63 26
64 19
65 23
66 24
67 29
68 25
69 21
70 18
71 14
72 11
73 16
74 15
75 17
76 11
77 9
78 9
79 6
80 6
81 6
82 7
83 10
84 6
85 5
86 5
87 3
88 2
89 7
90 5
91 1
92 3
93 7
94 6
95 5
96 3
97 4
98 4
99 4
100 5
102 6
103 2
104 2
105 5
108 2
111 2
112 1
114 1
115 2
118 1
120 1
121 3
122 3
125 1
130 1
137 1
138 1
162 1
163 1
164 1
181 1
