5 300000 60
0 1150000
1 58237
2 21650
3 12054
4 7832
5 5440
6 4210
7 3354
8 2662
9 2320
10 1954
11 1682
12 1461
13 1323
14 1143
15 1032
16 941
17 875
18 759
19 667
20 712
21 656
22 567
23 499
24 515
25 488
26 444
27 425
28 397
29 381
30 349
31 346
32 284
33 284
34 276
35 256
36 256
37 254
38 227
39 207
40 238
41 193
42 185
43 196
44 171
45 174
46 155
47 155
48 158
49 150
50 134
51 136
52 125
53 130
54 133
55 132
56 120
57 117
58 99
59 107
60 101
61 96
62 100
63 108
64 96
65 97
66 92
67 79
68 87
69 74
70 83
71 69
72 62
73 61
74 70
75 62
76 78
77 80
78 57
79 60
80 56
81 53
82 67
83 51
84 49
85 60
86 60
87 46
88 52
89 57
90 52
91 51
92 43
93 42
94 54
95 41
96 44
97 42
98 31
99 46
100 37
101 44
102 34
103 39
104 36
105 30
106 26
107 39
108 31
109 21
110 35
111 32
112 45
113 31
114 28
115 30
116 36
117 40
118 31
119 28
120 31
121 22
122 13
123 18
124 20
125 23
126 29
127 17
128 24
129 14
130 27
131 25
132 26
133 20
134 15
135 23
136 24
137 17
138 14
139 23
140 23
141 23
142 23
143 25
144 18
145 13
146 22
147 23
148 19
149 19
150 14
151 13
152 14
153 29
154 15
155 10
156 7
157 14
158 18
159 16
160 10
161 9
162 20
163 10
164 10
165 9
166 17
167 19
168 11
169 14
170 12
171 14
172 12
173 16
174 4
175 9
176 7
177 14
178 9
179 16
180 8
181 12
182 12
183 8
184 15
185 8
186 9
187 10
188 8
189 13
190 3
191 7
192 5
193 14
194 6
195 5
196 10
197 15
198 6
199 6
200 6
201 5
202 7
203 5
204 7
205 10
206 9
207 10
208 2
209 6
210 7
211 6
212 5
213 6
214 8
215 5
216 9
217 8
218 6
219 8
220 4
221 6
222 6
223 4
224 15
225 7
226 5
227 5
228 9
229 5
230 5
231 7
232 5
233 5
234 2
235 5
236 4
237 3
238 5
239 4
240 2
241 6
242 2
243 1
244 8
245 4
246 2
247 2
248 3
249 5
250 5
251 5
252 4
253 4
254 2
255 5
256 2
257 9
258 6
259 2
260 5
261 3
262 1
263 5
264 3
265 3
266 6
267 3
268 3
269 3
270 8
271 6
272 2
273 1
274 3
275 4
276 5
277 1
278 1
279 2
280 3
281 1
283 3
284 5
285 1
286 4
287 5
288 5
289 5
290 3
291 4
292 1
293 5
294 4
295 3
296 2
297 1
298 3
299 1
300 2
301 4
302 4
303 2
304 3
305 3
306 4
307 2
308 3
309 1
311 3
312 6
313 2
315 2
316 4
317 5
318 1
319 3
320 3
321 1
322 1
323 1
324 9
325 1
326 3
327 3
328 5
331 2
332 4
333 3
335 2
336 5
338 2
341 2
342 2
344 5
345 2
346 4
347 2
348 1
349 1
351 1
352 2
353 1
354 4
355 2
356 1
357 1
360 2
362 2
365 1
366 2
370 1
371 1
372 4
373 4
374 2
376 2
378 1
379 3
380 3
381 2
382 2
383 2
384 1
386 1
389 2
390 1
391 3
392 1
393 1
394 4
395 2
396 2
398 2
399 1
400 1
401 2
406 1
407 1
409 1
410 1
412 1
414 3
416 4
417 1
418 1
419 1
423 1
424 1
425 1
430 2
431 1
434 1
435 1
436 3
438 2
441 1
443 1
447 2
450 1
452 2
453 1
455 1
458 1
462 1
464 2
466 1
469 2
470 1
472 1
476 1
480 1
481 1
482 4
483 1
484 1
486 1
488 2
490 1
492 1
493 1
496 1
498 2
514 2
515 1
517 1
521 1
525 1
530 1
532 1
541 2
553 1
558 1
559 1
563 1
565 1
574 1
575 1
578 1
579 1
583 3
592 1
601 1
605 1
608 2
614 1
619 1
625 1
626 1
632 1
636 1
638 1
639 2
641 1
646 1
648 1
674 1
677 1
679 1
681 1
685 1
705 1
766 1
777 1
796 1
805 1
810 1
829 1
864 1
923 1
967 1
