5 300000 60
0 1050000
1 104766
2 38908
3 21336
4 13643
5 9757
6 7127
7 5767
8 4627
9 3781
10 3352
11 2698
12 2303
13 2035
14 1801
15 1618
16 1499
17 1296
18 1187
19 1075
20 1009
21 908
22 842
23 800
24 722
25 669
26 658
27 542
28 526
29 504
30 483
31 428
32 372
33 380
34 331
35 369
36 313
37 301
38 277
39 245
40 251
41 268
42 230
43 206
44 234
45 193
46 180
47 159
48 169
49 165
50 166
51 148
52 125
53 131
54 147
55 126
56 122
57 129
58 123
59 95
60 103
61 97
62 83
63 89
64 74
65 88
66 82
67 73
68 87
69 66
70 70
71 71
72 55
73 59
74 58
75 44
76 55
77 42
78 41
79 49
80 52
81 47
82 37
83 42
84 50
85 40
86 37
87 35
88 37
89 34
90 35
91 40
92 26
93 33
94 32
95 28
96 30
97 29
98 31
99 26
100 25
101 21
102 26
103 28
104 23
105 22
106 28
107 19
108 21
109 26
110 20
111 24
112 12
113 9
114 13
115 20
116 17
117 21
118 11
119 12
120 11
121 22
122 15
123 13
124 14
125 9
126 11
127 5
128 12
129 7
130 12
131 10
132 5
133 9
134 7
135 15
136 9
137 11
138 5
139 13
140 11
141 7
142 10
143 8
144 10
145 7
146 6
147 7
148 5
149 3
150 8
151 3
152 5
153 5
154 5
155 8
156 5
157 8
158 6
159 4
160 9
161 4
162 1
163 2
164 5
165 3
166 2
167 4
168 4
169 3
170 2
171 10
172 6
173 2
176 2
178 2
179 2
180 5
181 2
182 5
183 2
184 1
185 2
186 2
187 5
188 5
189 4
190 2
191 1
192 3
193 1
194 1
195 3
196 1
198 5
199 5
201 2
203 2
204 1
205 1
206 2
207 1
208 2
209 2
211 1
212 2
214 2
215 3
216 1
218 2
219 1
220 1
221 3
223 1
224 1
226 1
228 1
231 2
232 1
233 1
234 1
235 2
237 2
238 2
240 2
243 3
249 3
253 1
254 1
257 1
258 3
266 1
269 1
273 1
279 1
282 2
284 1
285 2
289 1
294 1
295 1
297 1
298 1
310 2
314 1
324 1
327 1
357 1
360 1
403 1
421 1
