5 300000 60
0 1200000
1 37051
2 13689
3 7595
4 5062
5 3502
6 2689
7 2135
8 1747
9 1526
10 1280
11 1185
12 923
13 848
14 749
15 717
16 576
17 557
18 508
19 474
20 465
21 424
22 403
23 317
24 342
25 356
26 288
27 298
28 267
29 257
30 271
31 239
32 192
33 223
34 210
35 198
36 185
37 168
38 164
39 173
40 140
41 136
42 145
43 135
44 120
45 142
46 128
47 109
48 89
49 109
50 97
51 111
52 98
53 99
54 104
55 88
56 108
57 85
58 80
59 82
60 76
61 74
62 76
63 65
64 65
65 69
66 76
67 71
68 57
69 63
70 47
71 43
72 48
73 58
74 54
75 54
76 52
77 51
78 47
79 61
80 42
81 40
82 50
83 42
84 44
85 55
86 48
87 34
88 48
89 28
90 51
91 35
92 45
93 38
94 37
95 36
96 29
97 34
98 33
99 38
100 31
101 36
102 33
103 26
104 23
105 29
106 31
107 38
108 30
109 20
110 29
111 22
112 25
113 21
114 21
115 21
116 26
117 23
118 27
119 22
120 26
121 21
122 21
123 33
124 24
125 26
126 26
127 20
128 24
129 23
130 20
131 21
132 27
133 22
134 15
135 29
136 15
137 18
138 21
139 16
140 24
141 22
142 15
143 29
144 20
145 20
146 27
147 10
148 15
149 18
150 15
151 13
152 22
153 11
154 21
155 17
156 11
157 18
158 17
159 18
160 13
161 19
162 10
163 10
164 12
165 11
166 15
167 12
168 11
169 12
170 11
171 17
172 19
173 11
174 13
175 15
176 14
177 16
178 9
179 11
180 8
181 12
182 18
183 14
184 16
185 9
186 10
187 9
188 8
189 14
190 10
191 6
192 8
193 11
194 8
195 5
196 10
197 6
198 7
199 13
200 11
201 11
202 9
203 3
204 9
205 7
206 5
207 14
208 6
209 6
210 11
211 12
212 5
213 6
214 14
215 10
216 15
217 11
218 8
219 9
220 3
221 8
222 13
223 3
224 4
225 5
226 6
227 4
228 8
229 9
230 3
231 8
232 11
233 5
234 5
235 10
236 5
237 7
238 10
239 5
240 1
241 5
242 14
243 3
244 6
245 13
246 9
247 6
248 12
249 7
250 3
251 6
252 8
253 9
254 6
255 7
256 7
257 6
258 5
259 3
260 6
261 5
262 4
263 3
264 8
265 9
266 4
267 10
268 4
269 8
270 4
271 2
272 7
273 7
275 3
276 7
277 3
278 9
279 4
280 3
281 6
282 8
283 3
285 6
286 5
287 8
288 1
289 4
290 4
291 3
292 6
293 2
294 5
295 4
296 5
297 2
298 3
299 7
300 4
301 6
302 4
303 3
304 7
305 2
306 6
307 3
308 2
309 2
310 3
311 1
312 1
313 3
314 2
315 1
316 6
317 3
318 5
319 4
320 4
321 2
322 9
323 2
324 2
325 1
326 5
327 4
328 7
329 1
330 1
331 1
332 2
333 5
334 3
335 2
336 6
337 4
338 2
339 6
340 2
341 6
342 4
343 2
344 4
345 1
346 2
347 3
348 2
349 4
350 3
351 6
352 1
353 3
354 4
355 2
356 6
357 5
358 4
359 2
360 3
361 2
362 3
363 2
364 3
365 3
366 3
367 3
368 9
370 4
371 2
372 3
373 3
374 4
375 2
376 1
377 3
378 2
379 6
380 2
381 3
382 2
383 4
384 3
385 5
386 2
387 3
388 3
389 3
390 1
391 1
392 6
393 2
394 2
395 2
396 5
397 3
398 1
399 1
400 2
401 1
403 1
404 2
405 1
406 1
408 1
409 2
410 2
411 2
412 1
413 2
414 3
415 3
416 6
417 5
418 1
419 2
420 4
421 2
422 2
424 1
425 3
426 2
427 2
428 1
429 2
430 1
432 3
433 3
434 4
435 4
436 1
437 2
438 2
439 2
440 5
442 1
445 2
446 3
447 2
449 1
451 2
452 4
453 1
454 2
455 3
457 4
458 4
459 1
460 1
462 2
463 1
464 1
465 2
466 1
467 1
468 1
469 1
470 1
471 2
472 3
473 3
474 1
476 1
477 2
479 1
480 1
481 1
486 3
487 1
488 3
489 3
490 1
491 4
492 1
496 1
497 2
499 3
500 1
501 4
502 1
503 2
504 1
505 1
506 1
508 2
510 1
512 1
513 1
515 1
516 1
517 2
519 3
520 1
522 1
523 2
526 1
527 1
531 2
532 1
534 1
535 1
536 1
537 2
539 3
541 1
542 2
544 3
546 1
547 1
548 2
549 1
551 1
552 2
554 3
557 4
561 2
563 1
564 1
565 1
566 1
568 1
570 1
571 2
574 1
576 1
579 1
580 1
581 2
585 1
586 1
587 1
588 1
592 1
594 2
595 1
596 3
598 1
605 1
606 1
611 3
612 1
613 1
615 1
617 2
618 2
621 1
625 1
626 1
627 1
628 1
630 2
635 2
637 2
641 2
644 3
645 1
646 1
647 2
649 1
653 1
663 2
665 3
666 1
667 1
668 1
672 1
673 1
674 1
675 1
676 2
679 1
685 1
686 1
687 1
697 1
699 1
701 1
702 1
703 1
705 1
706 1
707 1
709 1
711 1
712 1
717 2
718 1
720 1
721 1
722 1
724 1
732 1
736 1
739 1
741 1
742 1
743 1
746 1
750 1
755 1
760 1
761 2
766 1
769 2
770 1
774 1
776 1
777 1
778 2
780 2
781 1
782 1
784 1
802 1
805 1
810 1
814 1
818 1
819 1
823 1
825 2
833 1
835 1
836 1
839 1
842 1
844 1
849 1
852 1
861 1
863 1
865 1
872 1
888 1
904 1
906 1
909 1
913 1
918 1
921 2
924 1
925 1
927 1
932 1
933 1
941 2
945 1
947 1
956 1
959 1
971 1
980 1
982 1
994 1
999 1
1001 1
1012 1
1021 1
1032 1
1045 1
1048 1
1055 1
1059 1
1077 1
1091 1
1092 1
1097 1
1116 1
1121 1
1122 1
1124 1
1145 1
1161 1
1174 1
1186 1
1192 1
1196 1
1202 1
1207 1
1211 1
1225 1
1268 1
1270 1
1311 1
1338 1
1413 1
1487 1
1507 1
1550 1
1758 1
1857 1
2092 1
2301 1
3669 1
