5 300000 60
0 1000000
1 130239
2 48089
3 26334
4 16721
5 11712
6 8620
7 6871
8 5456
9 4367
10 3889
11 3252
12 2660
13 2350
14 2067
15 1838
16 1643
17 1426
18 1296
19 1193
20 1023
21 965
22 904
23 841
24 743
25 733
26 683
27 558
28 511
29 489
30 464
31 422
32 373
33 353
34 335
35 356
36 276
37 283
38 292
39 238
40 243
41 183
42 193
43 187
44 204
45 159
46 162
47 142
48 166
49 168
50 116
51 120
52 115
53 108
54 117
55 109
56 101
57 95
58 98
59 74
60 89
61 68
62 77
63 65
64 76
65 78
66 58
67 58
68 53
69 57
70 52
71 52
72 44
73 53
74 43
75 35
76 29
77 31
78 28
79 29
80 34
81 36
82 34
83 30
84 32
85 26
86 29
87 18
88 27
89 12
90 26
91 25
92 24
93 19
94 18
95 15
96 17
97 7
98 12
99 22
100 19
101 10
102 17
103 14
104 3
105 15
106 10
107 8
108 12
109 6
110 11
111 12
112 17
113 10
114 7
115 8
116 7
117 5
118 13
119 8
120 4
121 7
122 6
123 3
124 5
125 3
126 7
127 2
128 5
129 8
130 2
131 5
132 8
133 2
134 4
135 3
136 6
137 6
138 1
139 4
140 4
141 2
142 1
143 3
144 5
145 2
146 3
147 3
148 1
151 1
153 2
154 3
155 1
157 4
158 2
159 2
160 3
161 4
162 5
163 1
164 2
165 2
167 2
168 1
169 2
170 3
173 3
174 1
175 2
176 2
178 2
179 1
182 1
186 3
188 1
189 1
190 1
192 2
194 1
197 1
199 2
200 1
203 1
205 1
208 1
213 1
214 1
222 1
224 1
231 1
234 1
235 1
236 2
242 2
245 1
270 1
281 1
