5 300000 60
0 800000
1 249330
2 88788
3 45791
4 28020
5 18650
6 13331
7 9769
8 7520
9 5749
10 4647
11 3786
12 2967
13 2540
14 2110
15 1717
16 1432
17 1173
18 1103
19 886
20 791
21 642
22 588
23 504
24 450
25 364
26 337
27 302
28 248
29 228
30 195
31 168
32 179
33 127
34 136
35 110
36 109
37 89
38 72
39 77
40 71
41 64
42 63
43 33
44 40
45 37
46 35
47 30
48 23
49 20
50 23
51 23
52 23
53 15
54 15
55 8
56 8
57 13
58 7
59 11
60 10
61 5
62 4
63 6
64 6
65 7
66 2
67 3
68 4
69 1
70 3
71 2
72 4
73 1
74 2
75 3
76 3
78 3
79 1
80 2
82 2
83 1
85 1
86 2
90 1
92 1
93 1
96 1
107 1
109 1
148 1
