5 300000 60
0 1100000
1 80607
2 29989
3 16688
4 10725
5 7630
6 5740
7 4586
8 3700
9 3081
10 2677
11 2200
12 1970
13 1702
14 1541
15 1322
16 1261
17 1126
18 1023
19 860
20 863
21 786
22 763
23 654
24 628
25 595
26 574
27 522
28 454
29 457
30 425
31 384
32 369
33 362
34 316
35 290
36 291
37 309
38 260
39 244
40 254
41 246
42 219
43 210
44 228
45 176
46 187
47 177
48 159
49 166
50 150
51 118
52 138
53 159
54 137
55 148
56 131
57 130
58 123
59 97
60 122
61 112
62 105
63 100
64 96
65 88
66 104
67 72
68 90
69 78
70 92
71 77
72 74
73 75
74 66
75 64
76 70
77 71
78 58
79 57
80 69
81 54
82 55
83 53
84 63
85 55
86 46
87 49
88 48
89 43
90 51
91 48
92 40
93 45
94 47
95 44
96 34
97 33
98 38
99 30
100 31
101 31
102 30
103 31
104 31
105 36
106 40
107 31
108 25
109 38
110 31
111 30
112 25
113 29
114 20
115 26
116 32
117 25
118 18
119 21
120 28
121 25
122 19
123 21
124 12
125 21
126 18
127 16
128 14
129 23
130 21
131 18
132 16
133 19
134 13
135 16
136 16
137 7
138 10
139 13
140 15
141 11
142 17
143 17
144 14
145 12
146 14
147 13
148 14
149 13
150 8
151 9
152 12
153 8
154 11
155 9
156 10
157 10
158 13
159 9
160 13
161 6
162 8
163 13
164 7
165 7
166 7
167 13
168 4
169 4
170 9
171 8
172 5
173 9
174 9
175 8
176 2
177 4
178 2
179 3
180 8
181 8
182 2
183 7
184 5
185 8
186 2
187 8
188 5
189 5
190 7
191 4
192 9
193 3
194 3
195 5
196 3
197 8
198 7
199 2
200 2
201 7
202 9
203 6
204 4
205 3
206 2
207 2
208 7
209 3
210 1
211 3
212 2
213 11
214 5
215 5
216 1
217 1
218 4
219 4
220 3
221 3
222 3
223 5
224 5
225 4
226 7
227 4
228 4
229 5
230 3
231 2
233 1
234 1
235 1
236 2
237 4
238 6
239 3
240 3
241 3
242 3
243 2
244 1
245 4
246 2
247 1
248 3
249 2
251 1
252 4
253 1
255 1
256 4
257 2
258 3
259 2
261 1
262 1
263 2
264 1
265 3
268 1
269 2
270 3
271 1
272 1
273 2
274 1
275 1
278 1
280 1
281 1
283 3
284 2
285 1
286 1
287 1
288 4
291 2
292 3
293 2
294 2
295 2
296 3
297 2
298 1
301 1
302 2
303 1
305 1
308 3
310 4
312 1
316 1
318 1
320 1
323 2
325 1
328 1
331 1
333 1
336 1
337 1
338 2
342 2
346 2
351 1
352 1
354 1
355 1
356 1
362 1
366 2
370 1
374 1
375 1
376 1
380 1
381 2
387 1
395 1
411 1
417 2
426 2
429 1
432 1
438 1
445 1
446 1
450 1
462 1
465 1
467 1
474 1
475 1
487 1
489 1
502 1
512 1
515 1
524 1
540 1
570 1
