5 300000 60
0 950000
1 157504
2 57682
3 31245
4 19855
5 13662
6 10001
7 7854
8 6170
9 4946
10 4306
11 3617
12 2888
13 2482
14 2208
15 1943
16 1736
17 1524
18 1318
19 1217
20 1056
21 948
22 856
23 831
24 742
25 677
26 597
27 530
28 482
29 471
30 426
31 375
32 333
33 335
34 320
35 296
36 233
37 234
38 235
39 189
40 181
41 183
42 172
43 155
44 151
45 131
46 154
47 131
48 95
49 101
50 77
51 100
52 92
53 88
54 92
55 83
56 76
57 59
58 76
59 58
60 47
61 45
62 55
63 46
64 40
65 45
66 31
67 38
68 40
69 27
70 42
71 30
72 36
73 30
74 29
75 25
76 25
77 19
78 24
79 23
80 18
81 17
82 15
83 17
84 18
85 12
86 14
87 10
88 10
89 12
90 11
91 6
92 11
93 10
94 8
95 9
96 8
97 11
98 13
99 11
100 5
101 12
102 9
103 4
104 3
105 4
106 6
107 4
108 5
109 8
110 1
111 6
112 4
113 2
114 2
115 3
116 3
117 2
118 1
119 5
121 2
122 1
123 4
124 3
125 3
126 1
127 2
128 2
129 1
130 2
131 2
132 4
133 2
134 2
135 3
136 2
137 2
138 1
139 1
140 2
143 3
147 1
148 2
149 2
154 1
155 1
156 1
157 2
164 1
168 2
170 1
172 2
178 1
182 1
183 1
224 1
244 1
