5 300000 60
0 1250000
1 17023
2 6323
3 3466
4 2362
5 1593
6 1302
7 1002
8 857
9 726
10 564
11 566
12 417
13 418
14 371
15 347
16 310
17 266
18 232
19 218
20 223
21 225
22 185
23 165
24 139
25 160
26 156
27 140
28 123
29 137
30 127
31 106
32 91
33 82
34 106
35 90
36 94
37 92
38 74
39 69
40 77
41 77
42 57
43 82
44 67
45 52
46 64
47 62
48 58
49 55
50 58
51 47
52 54
53 59
54 35
55 45
56 42
57 42
58 47
59 43
60 34
61 43
62 33
63 37
64 35
65 28
66 40
67 30
68 36
69 31
70 26
71 29
72 24
73 26
74 19
75 22
76 22
77 24
78 24
79 28
80 31
81 23
82 24
83 33
84 24
85 14
86 23
87 18
88 20
89 15
90 27
91 15
92 19
93 17
94 18
95 20
96 16
97 20
98 26
99 20
100 26
101 16
102 16
103 24
104 13
105 17
106 15
107 27
108 16
109 19
110 15
111 14
112 16
113 14
114 18
115 12
116 18
117 10
118 10
119 12
120 14
121 15
122 15
123 12
124 18
125 13
126 14
127 14
128 8
129 9
130 7
131 9
132 6
133 9
134 12
135 13
136 13
137 9
138 16
139 19
140 9
141 9
142 19
143 7
144 10
145 15
146 7
147 10
148 12
149 13
150 9
151 15
152 6
153 7
154 16
155 9
156 8
157 10
158 4
159 5
160 15
161 12
162 13
163 8
164 7
165 10
166 6
167 9
168 9
169 9
170 11
171 12
172 9
173 9
174 10
175 9
176 9
177 8
178 9
179 9
180 4
181 1
182 9
183 12
184 7
185 6
186 9
187 9
188 5
189 5
190 3
191 5
192 7
193 9
194 9
195 8
196 6
197 9
198 13
199 7
200 4
201 7
202 7
203 5
204 8
205 4
206 5
207 11
208 7
209 4
210 3
211 5
212 7
213 4
214 6
215 2
216 5
217 9
218 5
219 3
220 2
221 4
222 5
223 1
224 7
225 4
226 4
227 5
228 1
229 2
230 2
231 2
232 5
233 6
234 6
235 3
236 4
237 3
238 5
239 4
240 2
241 8
242 3
243 3
244 4
245 4
246 3
247 3
248 2
249 4
250 4
251 8
252 3
253 4
254 1
255 3
256 7
257 4
258 3
259 5
260 6
261 3
262 2
263 6
264 5
265 4
266 6
267 5
268 3
269 7
270 5
271 6
272 4
273 4
274 1
275 6
276 4
277 8
278 4
279 2
280 3
281 3
282 6
283 3
284 3
285 5
286 3
287 5
288 4
289 6
290 2
291 6
292 3
293 7
294 2
295 3
296 5
297 3
298 1
299 2
300 3
301 1
302 3
303 7
305 5
306 2
307 5
308 6
309 5
310 1
311 3
312 6
313 1
314 3
315 2
316 2
317 1
318 5
319 3
320 1
321 3
322 1
323 2
324 3
325 2
326 1
327 4
328 2
329 3
330 2
331 2
332 2
333 4
334 3
335 2
336 1
337 4
338 5
339 4
340 1
341 3
342 2
343 1
344 4
345 5
346 2
347 1
348 4
349 5
350 5
351 1
352 2
353 4
354 1
355 1
356 2
357 5
358 4
359 4
360 3
361 1
362 1
363 6
364 1
366 1
367 2
368 2
369 1
370 1
371 1
372 6
373 5
374 1
375 5
376 2
377 2
379 3
380 1
381 1
382 3
383 4
384 1
385 2
386 2
387 2
388 2
389 1
390 1
391 1
392 3
393 2
394 1
395 1
396 3
398 2
399 2
400 4
401 1
402 1
403 2
404 1
405 2
406 3
407 1
408 2
409 2
410 4
411 2
412 1
413 3
414 2
416 3
417 2
418 4
419 2
420 3
421 6
422 1
423 2
424 2
426 2
428 2
429 1
430 2
431 2
432 2
433 1
434 2
435 1
438 3
439 2
441 2
442 1
443 1
445 6
446 2
447 1
448 2
449 1
450 1
451 3
452 1
453 3
454 1
456 1
457 2
459 2
460 2
462 1
465 1
466 1
467 1
468 1
469 1
470 2
471 2
472 3
473 3
474 1
475 2
476 2
477 1
478 1
479 1
480 3
481 3
483 1
484 2
485 1
486 3
488 2
490 2
491 2
498 2
499 3
501 2
502 3
503 2
504 3
505 2
506 1
510 4
511 1
512 3
514 1
518 2
519 1
520 1
521 4
523 1
524 3
525 1
526 1
527 1
528 3
529 2
530 1
534 1
535 4
538 1
540 2
542 4
543 1
545 1
547 1
548 2
550 2
551 5
552 2
553 3
556 1
557 1
558 1
559 4
560 1
561 4
562 2
563 2
565 4
566 3
568 2
570 2
575 1
576 3
577 1
578 1
579 1
581 1
582 2
583 1
585 2
586 2
587 2
588 1
590 3
592 1
593 1
594 1
599 1
601 2
602 3
605 5
606 2
607 3
608 1
611 1
612 2
613 3
614 1
618 2
619 1
620 3
621 2
623 3
624 1
625 2
627 1
632 2
633 3
635 2
637 1
638 2
639 2
640 1
643 1
645 4
647 5
649 1
650 4
652 1
653 2
655 2
658 1
661 1
662 1
663 3
671 3
674 2
675 1
676 1
677 1
680 1
685 1
686 2
689 1
690 1
691 3
694 1
695 1
697 1
701 1
706 2
710 1
711 1
713 1
715 2
716 3
717 1
720 2
722 2
724 3
725 1
727 1
728 1
729 1
730 1
732 3
734 1
735 1
737 1
738 3
740 1
741 1
744 2
745 2
746 1
748 1
749 1
750 2
753 1
754 1
760 1
767 1
768 2
770 2
772 1
774 1
775 2
776 2
782 1
783 1
785 2
786 1
788 1
789 1
790 1
791 1
794 2
799 3
800 1
801 1
804 2
806 2
808 2
812 1
815 1
816 1
823 1
825 3
826 1
830 1
833 1
836 1
837 1
840 1
841 1
842 1
843 1
844 1
846 1
848 1
850 1
851 1
857 1
858 1
859 1
860 1
861 2
866 1
867 1
868 2
870 2
871 2
873 1
879 1
881 1
882 1
890 1
892 2
896 1
897 1
900 1
907 1
908 1
910 1
911 1
913 1
914 1
915 1
918 2
929 1
930 2
931 1
938 1
941 1
943 1
951 1
953 1
954 1
955 1
960 2
963 1
965 1
968 1
972 1
986 2
987 1
990 1
991 1
992 1
995 1
1002 1
1008 1
1013 1
1017 1
1020 1
1021 1
1026 1
1030 1
1031 1
1035 1
1042 1
1051 1
1053 1
1060 1
1061 1
1062 1
1065 1
1069 1
1070 1
1074 1
1080 1
1084 1
1085 2
1087 1
1092 1
1097 2
1110 1
1111 1
1114 1
1118 1
1123 4
1124 1
1125 1
1127 1
1130 1
1139 1
1142 1
1143 1
1145 1
1154 1
1156 1
1158 1
1160 1
1161 1
1162 1
1163 1
1165 1
1166 1
1169 1
1171 2
1174 1
1177 1
1180 1
1190 1
1204 2
1207 1
1217 1
1222 1
1228 2
1231 1
1240 1
1242 1
1248 1
1251 1
1253 1
1256 1
1257 1
1271 1
1277 1
1278 1
1287 1
1291 1
1299 1
1306 1
1308 1
1310 1
1313 1
1317 1
1319 1
1321 3
1322 1
1326 1
1327 1
1330 1
1331 2
1332 1
1336 1
1342 1
1350 1
1356 1
1359 1
1360 1
1366 1
1367 1
1372 1
1373 1
1382 2
1387 1
1391 1
1393 1
1405 1
1408 1
1415 2
1418 1
1420 1
1430 1
1432 2
1434 1
1436 1
1452 1
1457 1
1466 1
1469 1
1484 1
1485 1
1486 1
1491 1
1498 1
1501 1
1506 1
1508 1
1513 1
1531 1
1535 1
1555 1
1569 1
1572 2
1577 1
1583 1
1591 1
1594 1
1607 1
1609 1
1611 1
1623 1
1632 1
1633 1
1637 1
1638 1
1647 1
1649 1
1651 1
1655 1
1665 1
1678 1
1681 1
1682 1
1683 1
1685 1
1693 1
1714 1
1719 1
1744 1
1753 1
1754 1
1755 1
1794 1
1795 1
1806 1
1822 1
1823 1
1832 1
1844 1
1846 1
1860 1
1865 1
1885 1
1896 1
1897 1
1924 1
1928 1
1941 1
1960 1
1976 1
1982 1
1988 1
1992 1
2013 1
2026 1
2029 1
2065 1
2067 1
2109 1
2117 1
2126 1
2132 1
2138 1
2141 1
2145 1
2156 1
2167 1
2175 1
2182 1
2188 1
2191 1
2211 1
2256 1
2290 1
2324 1
2346 1
2352 1
2360 1
2365 1
2368 1
2386 1
2397 1
2439 1
2491 1
2539 1
2550 1
2587 1
2615 1
2750 1
2824 1
2840 1
2841 1
2847 1
2859 1
2875 1
2878 1
2887 1
2920 1
2938 1
3067 1
3070 1
3129 1
3141 1
3217 1
3282 2
3300 1
3453 1
3454 1
3475 1
3529 1
3605 1
3724 1
3754 1
3993 1
4013 1
4121 1
4198 1
4318 1
4822 1
4887 1
5567 1
8632 1
9507 1
