100 3000 50
0 241681
1 110
2 300
3 611
4 943
5 1212
6 1392
7 1575
8 1494
9 1421
10 1367
11 1131
12 1013
13 790
14 700
15 530
16 447
17 371
18 275
19 225
20 195
21 140
22 121
23 101
24 74
25 67
26 62
27 49
28 40
29 37
30 31
31 32
32 30
33 18
34 35
35 24
36 16
37 18
38 13
39 16
40 10
41 15
42 14
43 8
44 6
45 5
46 7
47 11
48 8
49 9
50 3
51 4
52 7
53 3
54 4
55 6
56 7
57 6
58 3
59 6
60 2
61 5
62 3
63 3
64 5
65 3
66 1
67 1
68 2
69 3
70 4
71 1
72 5
73 3
74 1
75 5
76 2
77 2
78 2
79 1
80 4
81 3
82 3
83 2
85 1
86 2
87 1
88 2
91 2
93 1
94 2
95 1
96 1
98 1
100 3
101 1
104 1
105 1
106 1
107 2
109 1
111 1
113 1
117 3
118 1
120 1
122 2
123 1
124 1
125 1
127 2
130 2
131 1
132 1
133 1
137 1
139 1
140 2
141 1
143 1
145 1
147 2
150 1
151 2
154 1
159 1
160 2
165 1
169 1
174 1
176 1
179 1
185 1
186 1
187 2
190 1
194 1
197 1
199 1
201 1
204 1
205 2
208 1
213 3
217 2
218 2
220 1
224 1
225 2
226 1
228 1
230 1
233 1
236 1
238 1
239 1
243 1
244 1
245 1
248 1
251 1
256 1
257 1
264 1
266 1
273 1
274 2
275 1
276 1
277 2
280 1
288 1
290 1
294 1
295 1
301 1
303 2
305 1
310 1
313 1
317 1
320 1
324 1
325 2
331 2
335 1
337 1
341 1
343 1
346 1
350 1
352 2
356 2
357 1
360 1
366 1
367 1
368 2
370 1
371 1
372 3
376 2
377 1
378 2
379 1
380 1
381 2
382 1
384 1
386 3
389 3
390 2
391 2
393 1
397 1
401 1
402 1
406 2
408 2
412 3
413 1
414 1
419 2
421 1
423 3
426 1
430 2
431 1
433 1
434 1
436 1
438 1
439 1
442 1
443 1
445 1
446 2
447 1
448 1
449 1
450 1
452 1
453 1
454 2
455 2
456 1
458 1
459 2
461 1
462 1
463 1
466 1
468 1
469 1
472 1
473 1
476 1
480 2
482 1
484 1
485 1
486 1
487 1
488 1
491 1
496 2
501 2
503 1
504 1
505 1
508 1
509 1
510 2
511 1
512 1
513 1
515 1
521 1
522 1
525 4
526 1
531 2
532 2
537 1
538 1
539 2
542 2
543 1
546 1
548 1
552 1
553 1
554 1
562 1
563 1
567 1
574 2
577 1
578 1
580 1
587 2
588 1
591 1
593 1
594 1
601 1
604 1
605 1
607 1
616 1
619 1
620 1
623 1
631 1
636 1
639 1
640 1
647 2
648 1
651 1
653 2
655 1
660 1
666 1
667 1
672 1
673 1
688 1
693 1
694 1
714 1
