100 3000 50
0 244168
1 43
2 140
3 314
4 487
5 764
6 1061
7 1103
8 1297
9 1282
10 1251
11 1166
12 988
13 931
14 716
15 609
16 531
17 388
18 323
19 271
20 188
21 150
22 131
23 99
24 75
25 56
26 61
27 27
28 27
29 24
30 26
31 22
32 12
33 9
34 15
35 8
36 12
37 5
38 5
39 9
40 9
41 4
42 5
43 9
44 5
45 4
46 7
47 1
48 2
49 4
50 6
51 2
52 1
53 3
54 3
55 2
56 2
57 2
58 1
59 2
60 1
61 4
62 2
63 2
64 1
65 1
66 2
67 4
68 2
72 1
73 3
74 1
75 1
77 2
78 1
79 1
81 1
82 4
85 1
87 3
89 1
90 1
92 2
93 4
94 2
100 1
102 1
104 2
108 1
109 1
111 2
113 2
114 1
121 1
124 1
126 1
129 1
142 1
146 1
147 1
149 1
151 1
154 1
155 1
159 2
162 1
164 1
167 1
168 1
179 1
185 2
189 1
192 1
193 1
194 1
196 1
201 1
203 3
209 1
219 1
220 1
221 1
224 1
225 1
226 1
227 1
230 1
231 1
232 2
233 1
239 1
243 1
245 1
247 1
249 2
250 1
256 1
259 1
263 1
269 1
270 1
271 1
275 1
278 1
280 1
285 1
292 2
293 1
300 1
301 1
302 1
306 1
311 1
313 2
315 1
316 1
317 1
320 1
323 1
325 1
327 1
328 1
331 1
332 1
338 1
342 1
349 1
350 1
351 1
352 1
355 1
356 1
358 2
360 1
365 1
367 1
368 1
369 1
370 1
372 1
375 1
377 1
380 3
381 1
382 1
385 2
386 2
387 2
390 1
392 1
393 1
397 1
400 1
401 1
402 2
403 2
404 2
406 1
407 1
408 1
409 2
410 1
412 1
413 1
414 2
415 3
416 1
418 1
421 2
422 2
423 2
424 2
425 1
426 1
427 1
429 1
430 3
431 1
433 1
434 4
435 1
436 1
437 1
438 1
439 1
441 2
443 1
444 1
445 1
449 1
451 3
452 1
455 1
456 1
457 1
461 1
462 2
463 1
464 2
469 2
470 1
471 2
472 2
473 1
475 2
478 1
480 1
483 1
484 2
487 1
488 1
491 1
493 2
494 1
496 2
499 1
500 1
502 1
503 1
505 1
507 2
509 1
510 2
512 1
513 1
515 1
517 1
520 1
523 1
525 1
532 1
536 1
541 1
542 2
544 1
547 2
548 1
549 1
550 1
553 1
554 2
559 1
560 1
561 1
564 1
566 1
568 1
569 2
570 2
571 1
572 2
573 2
575 1
577 1
581 1
582 2
593 1
594 2
599 1
603 3
604 2
605 2
617 1
621 2
625 1
628 1
629 1
632 1
636 1
637 2
641 1
645 1
648 1
649 1
653 1
662 1
664 1
665 1
668 1
670 1
674 1
678 1
681 1
682 1
683 1
684 1
685 1
689 1
691 1
693 1
696 1
697 1
698 1
702 1
703 1
714 1
722 1
746 1
