100 3000 50
0 244751
1 31
2 116
3 219
4 438
5 682
6 810
7 1071
8 1132
9 1250
10 1224
11 1182
12 1024
13 909
14 774
15 636
16 526
17 443
18 336
19 269
20 201
21 182
22 128
23 85
24 71
25 68
26 60
27 40
28 39
29 18
30 26
31 14
32 15
33 6
34 9
35 6
36 8
37 10
38 8
39 6
40 4
41 7
42 4
43 2
44 3
45 5
46 4
47 1
48 3
49 1
50 3
51 3
52 2
53 1
54 3
56 1
57 2
58 2
59 2
60 3
61 3
63 4
64 1
65 1
66 2
67 1
68 2
69 1
70 2
73 3
76 1
77 1
78 1
79 2
80 1
82 1
83 1
85 1
86 1
92 1
93 1
96 2
100 1
101 1
103 1
105 1
107 1
110 1
111 1
116 1
124 2
127 1
128 2
131 1
135 2
137 1
139 2
143 1
153 1
158 2
161 1
162 1
163 1
166 1
175 1
177 1
181 1
184 1
186 2
187 1
192 1
194 1
200 1
202 2
203 1
207 1
208 2
209 1
214 1
216 1
219 1
220 1
221 1
224 1
226 1
238 1
239 1
242 1
245 1
247 1
249 1
253 1
263 1
264 1
266 1
267 1
270 2
281 1
285 1
289 1
290 1
292 1
293 1
295 2
300 1
304 1
308 1
310 1
317 1
326 1
327 1
331 2
333 1
334 2
338 3
340 1
342 1
349 2
350 1
353 1
354 1
355 1
356 2
359 1
363 1
367 2
374 1
377 2
378 1
379 1
380 1
382 1
383 1
384 1
387 1
388 1
389 2
390 1
391 1
393 2
394 3
396 1
400 1
401 2
402 3
404 2
406 2
407 1
408 1
409 1
410 1
411 4
412 1
413 1
414 1
415 1
417 1
418 2
421 1
422 1
423 1
425 1
426 1
427 4
428 2
430 1
431 1
432 4
436 2
437 1
438 1
439 1
442 1
444 1
448 2
449 1
451 1
453 2
457 1
459 1
463 1
464 2
466 3
470 1
471 3
472 2
473 1
474 3
478 2
484 2
486 2
487 2
489 2
493 2
494 1
497 1
498 1
500 1
501 2
502 1
503 1
506 1
508 2
509 1
511 1
512 1
517 2
520 2
521 1
522 1
523 1
525 1
526 1
527 1
529 1
531 2
533 1
534 2
538 1
540 2
543 1
544 1
548 1
551 2
552 1
555 2
559 2
562 1
567 3
571 2
581 1
582 1
584 2
585 1
586 1
589 1
594 1
599 2
600 4
603 2
604 1
608 1
610 1
611 1
614 1
616 2
617 1
618 1
621 2
626 2
627 1
629 1
630 1
632 1
634 2
635 1
637 1
640 1
644 1
651 1
655 1
659 1
663 1
670 2
671 1
676 1
678 1
680 1
685 1
689 1
692 1
693 1
694 1
697 1
712 1
715 1
722 1
725 1
754 1
769 1
798 1
