100 3000 50
0 244892
1 26
2 95
3 216
4 410
5 629
6 836
7 1006
8 1155
9 1224
10 1177
11 1141
12 1027
13 904
14 776
15 663
16 540
17 460
18 349
19 280
20 208
21 172
22 148
23 101
24 81
25 52
26 61
27 38
28 24
29 23
30 21
31 17
32 14
33 11
34 7
35 7
36 6
37 8
38 8
39 9
40 4
41 7
42 4
43 5
44 4
45 3
46 5
47 3
48 1
49 1
50 1
51 2
53 2
54 1
56 2
57 1
58 1
59 6
60 2
61 1
63 2
65 2
66 1
67 1
68 1
69 3
70 2
71 2
72 2
73 2
74 1
76 1
77 1
78 1
82 1
85 1
86 1
90 1
94 3
95 3
96 2
97 3
102 1
103 2
104 1
107 1
111 1
113 1
116 1
118 1
123 1
125 1
130 1
132 1
138 1
139 1
140 1
143 1
150 1
152 1
166 1
167 1
169 1
170 1
174 1
175 1
179 1
180 1
183 1
184 2
189 1
194 1
198 1
200 1
205 1
210 1
214 1
215 1
216 2
220 1
223 1
224 1
226 4
230 1
231 2
235 1
236 1
238 1
239 1
243 1
247 2
249 1
252 1
262 2
280 1
282 1
288 1
291 1
293 1
296 1
304 1
305 1
308 1
311 1
312 1
314 1
315 1
316 1
318 2
319 1
321 1
323 1
325 2
336 1
346 1
347 1
348 2
349 3
350 1
352 2
355 1
356 2
357 1
358 1
361 2
363 1
368 1
370 1
371 1
372 2
376 2
377 2
379 1
381 1
382 1
383 1
385 2
386 1
387 1
388 2
393 3
396 1
398 2
399 3
400 1
401 1
403 1
404 1
407 1
408 1
410 1
412 1
414 1
415 3
418 1
422 1
423 1
425 2
426 2
427 1
430 1
431 1
432 1
433 2
434 1
435 1
436 3
437 1
442 1
443 2
444 1
445 1
446 1
447 1
448 1
449 1
451 1
453 1
454 1
457 1
458 1
459 1
460 1
461 1
462 1
465 2
466 1
470 1
471 1
473 1
474 2
475 2
476 3
483 1
485 3
488 1
489 3
492 1
495 1
496 1
497 1
499 1
500 1
502 1
503 1
506 1
508 1
509 1
514 1
516 1
517 2
518 1
520 2
523 2
525 2
526 2
527 1
530 3
536 1
541 1
543 2
544 1
545 1
548 2
550 2
551 1
556 1
557 1
558 1
560 3
561 1
562 1
563 2
565 1
567 1
570 2
571 1
572 1
573 1
574 1
575 4
577 1
581 2
582 1
584 2
585 1
586 2
589 3
590 2
594 1
595 1
597 1
598 1
600 1
607 1
608 1
610 1
612 2
616 1
617 1
625 4
628 1
631 2
633 1
640 1
645 1
653 1
665 1
667 1
668 1
673 3
678 2
682 1
690 2
694 1
696 1
704 1
719 1
726 1
749 1
760 1
770 1
