100 3000 50
0 241061
1 124
2 358
3 706
4 1009
5 1365
6 1475
7 1536
8 1552
9 1482
10 1320
11 1108
12 961
13 843
14 677
15 511
16 463
17 362
18 282
19 242
20 195
21 162
22 115
23 115
24 100
25 64
26 89
27 59
28 40
29 51
30 44
31 42
32 24
33 33
34 26
35 24
36 8
37 19
38 16
39 13
40 14
41 12
42 16
43 12
44 11
45 5
46 4
47 9
48 10
49 9
50 9
51 3
52 8
53 11
54 5
55 6
56 2
57 6
58 2
59 7
60 1
61 2
62 3
63 5
64 4
65 4
66 4
67 7
68 5
69 2
70 7
71 2
72 3
73 2
74 6
75 2
76 2
77 1
78 2
80 5
81 2
82 1
83 3
84 4
85 2
87 3
88 2
89 1
90 1
91 3
93 2
94 1
97 1
99 1
101 2
102 2
103 2
104 2
105 2
107 1
111 1
112 4
113 3
115 2
116 1
118 1
121 1
124 1
125 1
126 2
127 2
128 1
130 1
131 1
134 1
136 2
137 1
140 1
142 1
144 1
147 1
150 1
171 1
172 1
173 3
176 1
178 1
179 1
180 1
182 1
183 1
187 2
189 2
190 1
192 1
195 1
198 3
201 2
202 1
203 1
204 1
205 1
208 1
209 1
210 2
212 2
214 2
219 2
223 1
225 1
227 2
230 1
235 1
236 1
239 1
241 1
244 1
247 1
255 1
260 2
261 1
263 1
267 2
268 2
271 2
274 2
277 2
282 1
288 3
290 1
305 1
306 1
307 2
310 2
315 1
316 1
317 1
318 1
320 1
322 1
323 2
327 1
335 1
336 1
337 1
339 1
340 1
346 2
351 2
353 1
357 2
360 1
362 2
365 1
368 1
369 2
372 1
374 2
380 2
382 1
384 2
385 1
386 1
389 1
390 1
391 1
392 1
393 5
395 2
396 1
397 2
398 1
399 1
403 1
404 3
407 1
408 1
411 2
412 2
413 2
414 2
416 2
417 2
418 2
420 1
421 1
422 1
424 2
425 2
429 2
432 1
433 1
434 1
435 1
441 2
442 2
445 1
446 1
448 2
451 2
452 1
453 2
456 1
459 1
460 1
461 1
463 2
464 1
466 1
469 2
471 1
475 1
476 1
477 1
478 1
480 1
484 1
485 1
494 1
496 1
498 2
502 1
506 2
514 1
516 1
517 1
521 1
523 1
524 1
527 1
529 2
530 1
533 1
536 1
538 1
539 1
540 1
546 1
554 1
555 1
559 1
561 1
566 1
567 3
568 1
576 1
577 1
578 1
580 1
581 2
585 2
586 1
592 1
594 3
596 1
599 1
601 1
605 3
609 1
613 1
625 1
630 2
631 1
638 1
647 2
650 1
667 1
678 1
714 1
