100 3000 50
0 242700
1 66
2 245
3 502
4 778
5 1081
6 1254
7 1395
8 1409
9 1388
10 1311
11 1140
12 997
13 863
14 704
15 569
16 424
17 363
18 266
19 226
20 199
21 179
22 130
23 83
24 87
25 54
26 46
27 39
28 45
29 31
30 29
31 29
32 17
33 16
34 15
35 16
36 18
37 17
38 12
39 9
40 3
41 5
42 14
43 11
44 5
45 10
46 5
47 6
48 7
49 2
50 4
51 4
52 2
53 8
54 3
55 5
56 1
57 2
58 4
59 6
60 1
61 3
62 1
63 3
64 2
65 1
68 1
69 2
70 1
71 3
73 2
74 1
75 3
76 1
77 2
78 1
79 2
80 2
81 3
82 4
83 4
84 1
85 1
88 1
89 4
90 1
91 1
92 1
93 1
94 1
95 1
96 1
97 1
98 1
99 2
101 1
103 1
109 1
111 1
113 2
114 3
116 1
117 2
118 1
119 1
120 1
122 1
123 3
124 1
125 1
129 2
130 3
131 1
132 1
133 1
139 1
141 1
142 2
144 2
145 1
148 1
151 1
155 1
156 2
159 1
166 1
167 2
168 1
171 1
174 2
183 1
186 1
187 1
188 1
198 1
201 1
206 1
211 1
213 1
217 1
221 3
224 1
226 1
227 1
228 1
231 1
233 1
234 1
236 1
240 4
241 1
242 1
244 1
245 1
255 1
256 1
257 1
260 1
272 1
277 1
289 1
290 1
294 1
303 3
305 1
306 2
309 2
314 2
319 1
320 1
321 2
322 1
326 2
327 1
328 1
330 1
331 1
334 1
335 1
340 1
342 1
347 1
351 1
354 1
356 1
357 1
358 1
359 1
362 1
364 1
365 1
369 1
371 1
374 1
376 2
379 2
381 1
385 1
386 2
389 2
390 2
391 1
394 2
395 2
396 1
399 1
400 2
402 1
407 1
408 1
409 1
410 2
412 3
416 1
417 1
419 2
420 1
425 1
426 1
427 1
428 2
432 2
433 1
434 1
435 1
437 1
438 2
439 2
440 1
441 1
444 1
445 2
449 2
450 2
451 2
453 1
454 1
456 1
457 3
459 2
461 1
463 1
467 1
468 2
469 2
471 1
472 1
473 1
477 1
479 1
480 2
481 2
482 3
486 1
487 1
489 1
490 1
492 2
493 2
494 1
495 2
496 1
498 1
499 1
501 1
503 1
505 1
508 1
509 1
510 2
515 1
517 1
520 1
521 1
522 1
524 2
527 1
528 1
531 1
532 1
533 1
536 1
539 1
543 1
547 1
548 1
550 1
552 1
553 2
555 1
557 2
559 1
562 1
566 1
567 1
568 1
570 1
573 1
576 2
577 1
586 2
592 1
596 2
597 1
599 1
600 1
604 1
606 1
607 1
609 1
611 1
614 2
618 1
622 1
623 1
625 2
626 1
627 1
631 1
637 1
638 1
643 1
645 1
650 1
653 1
657 1
664 1
671 1
673 1
677 1
683 1
684 1
686 1
689 1
701 1
712 1
729 1
737 1
805 1
