100 3000 50
0 236438
1 339
2 688
3 1142
4 1530
5 1667
6 1958
7 1783
8 1692
9 1517
10 1343
11 1231
12 1005
13 884
14 773
15 645
16 571
17 470
18 414
19 355
20 293
21 245
22 201
23 179
24 167
25 131
26 125
27 116
28 92
29 81
30 104
31 60
32 63
33 44
34 45
35 40
36 33
37 39
38 29
39 40
40 27
41 20
42 33
43 24
44 20
45 19
46 14
47 19
48 16
49 11
50 15
51 18
52 9
53 15
54 12
55 10
56 12
57 5
58 6
59 7
60 14
61 8
62 6
63 10
64 6
65 9
66 5
67 5
68 2
70 7
71 7
72 4
73 3
74 6
75 5
76 1
77 3
78 2
79 2
80 3
81 1
82 2
83 4
84 3
85 5
86 3
88 2
89 3
90 1
91 2
92 2
93 1
94 1
95 6
96 1
97 1
98 3
99 2
100 2
101 1
102 1
103 1
105 1
106 2
107 3
108 2
109 3
110 1
111 1
112 2
113 1
114 1
115 2
116 1
117 2
118 2
120 2
121 1
122 1
123 1
124 1
126 2
129 1
130 1
132 1
134 2
137 2
139 1
144 1
148 2
149 1
152 2
153 2
155 2
157 1
158 2
161 3
163 1
164 1
165 2
166 2
167 1
168 2
170 1
171 3
172 2
173 1
176 1
177 1
178 1
182 1
185 1
186 1
187 2
188 1
189 1
194 2
195 5
201 1
204 2
205 1
207 1
211 2
212 1
214 1
215 1
216 1
217 1
218 4
219 1
221 1
223 2
225 1
232 1
237 2
238 1
245 1
246 2
247 1
248 1
253 1
254 1
255 1
257 1
261 2
263 1
266 2
267 2
270 1
278 1
280 2
286 1
288 1
291 1
301 3
303 1
306 2
307 1
315 1
316 1
317 1
320 1
324 1
328 1
331 1
334 1
342 1
346 1
347 1
355 2
357 1
360 2
364 1
373 1
374 1
380 1
383 1
386 1
394 1
400 2
407 2
408 1
413 1
416 1
418 1
420 1
425 1
426 1
435 1
447 1
449 1
453 2
455 1
480 1
484 1
485 1
486 1
497 1
503 1
511 1
