100 3000 50
0 243711
1 52
2 158
3 336
4 603
5 851
6 1094
7 1260
8 1377
9 1312
10 1246
11 1131
12 1031
13 884
14 756
15 565
16 502
17 373
18 304
19 225
20 201
21 176
22 110
23 91
24 87
25 76
26 50
27 35
28 40
29 19
30 27
31 23
32 19
33 15
34 15
35 7
36 14
37 8
38 8
39 4
40 3
41 10
42 8
43 6
44 5
45 3
46 4
47 3
48 4
50 3
51 4
52 1
53 5
54 1
55 3
56 1
57 1
58 2
59 3
61 1
62 2
63 2
64 1
65 3
66 2
67 2
68 2
70 5
71 1
72 3
73 1
74 1
75 1
76 3
77 2
78 1
79 2
81 1
83 1
86 1
89 1
92 2
99 1
104 1
107 2
108 2
109 2
110 2
112 1
113 1
115 2
119 2
121 1
122 2
123 2
127 1
131 1
134 3
136 1
137 2
138 1
140 1
142 1
143 1
146 1
148 2
153 2
154 1
168 1
170 1
171 2
173 1
174 1
176 1
177 1
183 2
185 1
189 1
192 1
193 1
194 1
198 1
202 2
208 1
210 1
215 1
217 2
218 1
222 1
226 2
228 1
236 3
237 1
242 1
243 1
251 1
258 1
259 1
261 3
266 1
268 1
270 1
271 1
274 1
279 2
280 1
283 1
289 1
293 1
297 1
301 1
302 1
305 1
307 2
309 1
311 1
314 1
317 1
319 1
320 1
333 1
336 1
337 1
340 2
342 2
349 1
350 1
357 1
364 1
365 1
367 1
368 1
369 1
374 2
376 1
377 1
378 2
381 1
382 2
383 1
385 2
389 1
391 2
393 1
394 1
398 2
399 1
401 1
404 2
406 4
407 2
408 1
411 2
412 2
413 1
415 1
416 3
417 1
418 1
419 2
420 1
421 1
422 3
423 3
424 1
426 2
427 1
428 1
429 2
432 3
433 2
434 2
435 1
436 3
437 1
439 1
440 1
444 1
447 1
448 1
449 2
452 1
453 2
454 2
455 1
456 2
457 1
458 2
460 1
461 3
462 3
473 2
474 1
476 2
477 1
484 1
486 1
487 1
488 1
493 2
494 2
495 1
499 1
502 1
506 2
510 2
512 1
514 1
515 1
516 1
520 2
521 1
522 1
525 1
526 1
533 3
537 1
539 1
540 1
545 1
549 1
555 3
556 1
558 2
561 1
563 1
564 1
565 2
567 2
569 1
570 1
571 2
575 1
576 2
578 1
582 1
585 2
588 1
589 1
590 1
592 1
593 2
595 1
596 1
599 1
604 1
605 1
608 1
613 1
618 1
619 1
620 1
623 1
627 1
633 1
636 1
637 1
641 1
642 1
647 1
652 1
654 1
655 1
656 1
657 1
659 2
660 1
661 1
669 1
675 1
676 1
686 2
693 1
695 1
699 1
703 1
706 1
709 1
720 1
727 1
728 2
740 1
