100 3000 50
0 234520
1 373
2 892
3 1339
4 1625
5 1885
6 2000
7 1913
8 1848
9 1598
10 1454
11 1249
12 1112
13 939
14 835
15 672
16 574
17 503
18 445
19 397
20 330
21 281
22 244
23 209
24 177
25 185
26 147
27 122
28 124
29 107
30 83
31 78
32 75
33 50
34 54
35 46
36 40
37 55
38 33
39 32
40 26
41 22
42 31
43 22
44 19
45 17
46 12
47 18
48 13
49 13
50 15
51 22
52 17
53 7
54 14
55 7
56 12
57 13
58 4
59 6
60 7
61 6
62 7
63 8
64 8
65 12
66 9
67 5
68 4
69 5
70 5
71 4
72 5
73 2
74 5
75 2
76 3
77 5
78 2
79 1
80 2
81 3
82 2
83 3
84 3
86 3
87 1
88 1
90 2
91 1
92 4
94 2
95 4
96 1
97 2
99 1
100 1
101 2
102 1
103 1
104 1
105 3
107 2
109 4
110 2
113 3
114 1
118 1
119 1
121 3
123 1
124 1
125 1
127 1
128 2
129 1
130 3
132 1
133 2
134 1
135 1
136 2
137 1
140 1
141 1
142 2
143 1
144 3
145 1
146 1
148 2
151 2
153 1
155 2
157 1
159 1
161 1
163 1
164 1
165 1
168 2
170 2
171 3
173 2
174 2
175 4
179 1
180 2
182 1
184 1
186 1
188 1
189 1
201 1
204 1
207 1
208 1
216 1
221 1
222 1
225 1
229 1
230 1
232 1
234 1
235 1
241 1
243 1
246 2
251 1
253 1
265 1
268 1
272 1
275 1
277 1
280 2
286 1
291 1
294 1
295 1
307 1
311 1
317 1
323 1
329 1
331 1
334 1
344 1
350 1
357 1
371 1
393 1
397 1
400 1
446 1
503 1
