100 3000 50
0 237967
1 257
2 627
3 1018
4 1361
5 1631
6 1783
7 1748
8 1632
9 1529
10 1382
11 1130
12 928
13 850
14 721
15 611
16 517
17 429
18 342
19 285
20 248
21 222
22 189
23 164
24 127
25 110
26 100
27 91
28 103
29 70
30 69
31 52
32 55
33 46
34 42
35 39
36 45
37 29
38 19
39 26
40 22
41 19
42 15
43 28
44 18
45 12
46 12
47 8
48 16
49 10
50 12
51 10
52 9
53 15
54 5
55 8
56 8
57 10
58 9
59 8
60 6
61 6
62 5
63 1
64 4
65 7
66 5
67 3
68 5
69 5
70 4
71 4
72 3
73 5
75 1
76 9
77 1
78 5
80 2
81 1
82 4
83 4
84 3
85 5
86 3
87 4
88 7
89 1
91 2
92 2
93 1
94 3
95 4
96 3
97 3
98 3
99 1
100 2
101 1
102 2
103 7
104 3
105 2
106 3
108 4
110 2
112 1
113 3
114 2
115 1
116 1
117 1
118 1
119 1
120 1
121 1
122 1
125 3
126 1
128 1
129 4
132 3
133 1
135 2
137 2
139 1
140 2
141 2
142 1
145 1
146 1
149 2
150 1
153 1
154 1
157 1
158 1
160 1
161 1
162 2
163 1
169 1
170 1
173 2
175 1
178 1
179 1
180 2
181 1
182 1
185 2
191 3
192 2
193 1
196 1
197 1
203 1
205 2
209 1
210 1
211 2
212 1
213 1
215 1
222 2
224 3
227 2
231 1
234 1
239 1
240 1
241 1
243 1
249 1
250 1
252 1
253 1
254 2
255 1
256 2
260 1
265 1
267 1
269 1
272 1
276 1
281 1
286 1
292 2
294 1
295 3
296 1
297 1
300 1
304 1
305 1
308 1
310 2
312 4
313 1
314 1
317 1
322 1
323 2
325 1
329 1
333 1
334 1
337 3
340 1
344 1
348 1
349 1
353 1
358 1
371 1
372 1
373 2
375 1
378 2
380 2
381 1
382 1
385 1
386 1
387 1
393 2
397 1
399 1
400 1
401 3
405 2
407 1
409 2
410 1
412 2
416 1
417 1
418 1
419 1
421 1
427 1
429 1
432 1
434 1
435 1
438 1
441 1
444 1
449 2
451 1
455 2
460 1
464 1
466 1
478 1
481 1
483 1
490 1
496 1
503 1
508 1
511 1
514 1
520 2
523 1
524 1
529 1
533 1
539 1
543 1
546 1
553 1
562 1
579 1
604 1
