100 3000 50
0 245154
1 15
2 94
3 216
4 362
5 590
6 809
7 1013
8 1067
9 1160
10 1110
11 1125
12 1015
13 901
14 784
15 646
16 536
17 456
18 355
19 327
20 224
21 181
22 136
23 119
24 77
25 76
26 56
27 50
28 30
29 25
30 22
31 21
32 16
33 14
34 8
35 5
36 11
37 7
38 8
39 5
40 8
41 6
42 7
43 3
44 3
45 4
46 3
47 4
48 3
49 1
50 3
51 1
52 2
55 1
56 3
57 1
59 1
60 1
62 3
63 2
64 2
66 1
68 3
70 1
71 2
72 1
75 1
76 2
78 3
79 1
81 2
83 1
85 1
86 1
87 1
89 1
95 2
96 1
99 1
100 1
102 1
104 2
109 1
113 1
119 1
121 1
122 1
123 1
131 1
135 1
136 1
137 1
142 1
156 1
157 1
160 1
163 1
164 1
165 1
172 1
174 1
192 2
193 1
200 1
202 1
205 1
211 2
212 1
214 2
217 1
218 1
220 2
222 1
223 1
226 2
227 2
236 1
241 1
245 2
246 1
248 1
252 1
253 1
255 1
258 2
259 2
260 2
261 1
264 1
265 1
266 2
272 1
275 1
277 1
279 1
280 1
283 1
291 1
292 1
293 1
297 1
300 1
309 1
319 1
320 1
321 1
322 1
325 1
327 1
329 1
330 1
333 2
336 1
337 1
341 1
342 1
346 1
348 1
354 1
355 2
356 1
357 1
360 1
361 1
363 1
364 2
367 1
369 1
370 1
371 1
373 1
375 1
376 1
377 1
379 1
383 2
386 1
388 1
392 1
396 2
398 2
401 1
402 1
403 1
404 1
405 1
406 1
407 1
408 1
409 2
410 1
413 1
415 1
416 2
419 2
420 1
421 2
424 1
425 3
426 1
427 1
428 1
429 2
430 1
431 1
432 1
433 1
434 3
436 1
438 1
439 2
440 1
441 2
442 1
443 2
444 1
445 1
449 1
451 2
453 1
454 1
456 1
458 3
459 1
463 1
464 2
467 1
468 2
469 2
470 1
472 3
473 1
474 1
478 1
481 1
482 1
483 1
484 1
485 3
487 1
488 1
489 1
491 2
492 2
493 1
497 1
504 1
505 2
506 1
507 3
509 2
511 2
513 2
515 1
519 2
520 1
521 3
522 1
523 1
524 1
529 1
530 1
531 1
534 3
535 1
537 1
540 1
541 1
550 1
552 1
556 1
557 1
558 1
560 1
561 1
562 2
568 1
569 2
570 1
576 1
577 1
582 1
584 1
587 1
588 1
590 1
591 2
593 1
597 1
599 1
600 1
601 2
604 1
605 1
607 2
608 1
609 1
614 1
616 1
623 1
624 1
626 1
630 2
632 1
637 3
638 3
640 1
644 1
645 2
648 2
652 2
656 1
660 1
661 1
666 1
673 1
678 1
681 1
682 2
692 1
696 1
703 1
707 1
713 1
716 1
720 1
729 1
740 1
741 1
