100 3000 50
0 244583
1 29
2 84
3 275
4 480
5 702
6 927
7 1097
8 1192
9 1248
10 1222
11 1140
12 996
13 888
14 788
15 628
16 512
17 405
18 359
19 271
20 212
21 186
22 115
23 97
24 67
25 53
26 62
27 35
28 25
29 42
30 20
31 18
32 13
33 7
34 11
35 5
36 10
37 12
38 6
39 5
40 6
41 4
42 2
43 3
44 4
45 4
46 4
47 1
48 5
49 6
50 1
51 2
53 2
54 1
55 1
56 1
58 2
59 2
60 1
61 2
62 1
63 1
64 2
65 1
66 1
67 2
69 1
70 2
71 1
73 2
76 2
78 2
79 2
82 2
83 1
85 1
86 2
89 1
90 1
93 1
94 1
95 2
96 1
97 1
98 2
104 2
107 1
108 1
109 1
111 1
115 1
119 2
121 1
125 1
127 1
128 1
131 1
136 1
142 2
143 1
144 2
153 1
155 1
162 2
163 1
170 1
172 1
173 1
181 1
183 1
184 1
187 1
190 1
198 1
201 1
203 1
205 1
217 1
219 1
224 1
226 1
227 1
230 1
231 1
233 1
239 1
247 1
249 2
250 1
254 2
255 1
259 1
262 1
263 2
265 1
267 1
268 1
273 1
275 2
277 1
293 1
298 1
308 1
311 1
313 1
318 2
323 2
325 1
326 2
328 1
331 1
332 1
335 1
337 1
338 1
344 2
349 1
350 1
356 3
358 1
360 1
361 2
362 1
364 1
367 2
368 1
371 1
373 2
375 2
376 1
378 1
380 1
381 1
383 1
384 1
385 2
387 3
390 1
394 2
395 2
402 2
404 2
405 1
406 1
407 2
408 1
410 2
411 1
414 5
415 1
418 1
420 1
421 1
422 1
423 1
424 3
427 2
428 3
429 2
431 1
432 2
433 2
436 1
437 2
439 1
440 2
441 2
443 1
444 1
445 2
449 4
450 2
452 2
456 1
459 2
460 1
461 1
463 1
464 2
465 1
469 1
470 1
471 2
475 1
476 1
479 1
481 2
483 1
484 1
492 2
495 2
496 1
498 1
499 1
501 2
503 1
504 1
509 1
511 2
514 1
516 1
518 1
519 1
523 2
524 1
527 1
528 1
529 2
530 1
532 3
535 2
536 2
538 1
539 1
540 1
542 1
544 1
545 1
546 2
548 2
550 1
555 2
557 1
559 1
562 1
565 1
566 2
567 2
568 2
570 1
573 1
574 1
578 1
581 1
582 1
583 1
587 1
590 1
592 1
597 2
598 1
601 1
603 1
605 1
610 3
615 3
617 1
618 2
619 1
622 1
623 1
629 1
634 1
637 1
639 1
640 1
642 1
643 1
646 1
655 1
656 1
662 2
665 1
666 1
670 1
671 1
672 2
674 1
675 1
676 2
682 1
687 1
688 2
689 1
693 1
694 1
717 1
734 1
740 1
769 1
