100 3000 50
0 245041
1 25
2 76
3 214
4 366
5 594
6 828
7 1028
8 1097
9 1230
10 1179
11 1142
12 1057
13 843
14 756
15 613
16 537
17 431
18 348
19 294
20 216
21 194
22 142
23 102
24 87
25 69
26 50
27 61
28 42
29 25
30 25
31 29
32 20
33 10
34 12
35 7
36 8
37 6
38 4
39 6
40 8
41 4
42 5
43 6
44 6
45 5
46 2
47 3
48 4
49 3
50 2
51 2
52 2
53 1
54 1
55 4
56 1
59 3
61 4
62 2
63 2
64 2
65 4
66 2
70 2
73 2
74 1
75 1
76 2
80 1
81 2
83 1
86 1
88 3
89 1
90 1
91 2
92 1
95 1
98 1
99 1
101 1
105 1
111 1
115 1
116 1
118 1
122 1
127 1
128 2
137 1
142 1
143 1
149 1
152 2
156 1
163 1
168 1
170 1
179 1
183 1
188 2
189 1
190 1
191 1
196 1
197 2
199 2
203 1
207 1
208 1
209 2
212 1
214 1
215 1
219 1
224 1
228 1
233 1
237 1
238 1
242 1
243 1
244 1
245 2
249 1
250 1
254 2
256 1
257 1
260 2
268 1
269 1
271 1
273 1
280 1
282 3
285 1
286 1
287 2
289 1
298 1
299 1
315 1
325 2
326 1
328 2
329 1
332 1
336 1
339 1
341 3
345 1
346 2
351 1
354 1
356 1
357 1
358 1
361 2
362 1
364 1
366 1
367 1
368 1
370 1
375 1
376 1
378 1
381 2
385 1
388 1
389 1
390 1
391 1
392 1
393 3
397 1
398 3
399 1
400 1
401 1
402 1
403 2
404 1
405 1
406 2
407 1
408 2
409 1
410 3
412 3
413 1
415 1
416 1
417 1
418 1
421 2
423 1
425 2
426 3
428 2
429 3
430 1
432 1
435 1
436 2
437 2
439 1
441 1
442 1
443 2
447 1
449 1
450 2
454 1
460 2
461 2
462 2
463 1
464 1
465 1
467 1
468 2
473 2
474 1
475 2
478 1
480 1
481 1
484 1
485 1
486 1
493 1
494 2
496 1
498 1
503 1
504 1
507 2
509 1
510 3
511 2
512 1
513 1
517 1
518 2
519 3
521 2
522 1
524 1
526 1
532 1
533 1
535 1
536 1
537 1
539 2
541 1
545 2
546 1
548 1
549 1
555 1
556 1
557 1
562 1
563 2
564 2
565 1
568 3
569 1
570 1
571 1
573 2
575 1
576 3
580 1
587 1
589 1
592 1
593 2
594 1
597 1
598 3
599 1
600 1
601 1
605 2
607 1
608 1
612 1
613 1
614 1
618 1
619 1
620 2
623 1
624 1
627 2
635 1
639 1
640 1
641 1
643 1
646 1
654 1
655 1
660 2
667 1
673 1
675 1
684 1
689 1
698 1
699 1
700 1
718 1
722 1
733 1
742 2
753 1
775 1
