100 3000 50
0 240216
1 180
2 427
3 823
4 1160
5 1373
6 1558
7 1621
8 1613
9 1458
10 1359
11 1122
12 993
13 830
14 643
15 560
16 417
17 342
18 291
19 262
20 204
21 155
22 161
23 110
24 115
25 91
26 75
27 68
28 55
29 56
30 48
31 44
32 46
33 32
34 40
35 33
36 32
37 25
38 18
39 19
40 14
41 12
42 13
43 14
44 8
45 11
46 6
47 9
48 10
49 7
50 7
51 7
52 5
53 8
54 11
55 2
56 2
57 6
58 3
59 9
60 2
61 6
62 4
63 5
64 1
65 1
66 5
67 3
68 4
69 5
70 3
71 5
72 4
73 2
74 4
75 2
76 1
77 2
78 1
79 3
80 4
81 3
83 2
84 2
85 3
86 1
87 1
88 1
90 2
91 3
93 5
94 2
95 3
96 2
97 1
98 4
100 1
101 1
103 2
104 4
108 1
109 1
110 1
111 3
113 2
114 1
116 2
118 1
120 1
125 5
127 3
129 1
130 1
131 1
132 1
134 1
135 1
136 3
137 2
142 1
145 1
146 2
147 1
150 1
153 1
154 1
155 1
157 1
160 1
161 2
163 1
165 1
167 2
170 1
171 1
173 2
175 2
178 1
179 1
181 1
185 1
186 1
188 1
189 1
190 2
191 2
192 1
193 1
196 1
197 1
200 2
206 1
210 1
217 1
218 1
219 1
221 2
223 1
225 1
228 2
229 1
230 1
231 1
238 2
241 1
242 1
243 1
245 1
246 1
251 1
255 1
260 1
263 1
267 1
268 1
269 1
270 2
271 1
273 1
279 1
280 1
285 1
286 1
289 1
293 1
294 1
298 1
303 1
305 1
311 1
312 1
313 1
315 1
319 1
323 1
326 1
327 1
335 3
336 1
339 1
340 1
341 2
342 1
344 1
345 3
346 1
348 1
354 1
355 1
356 1
359 2
360 4
361 1
363 1
366 2
367 1
368 1
370 1
371 1
372 1
374 1
375 1
378 1
380 1
382 1
383 1
386 1
387 3
388 1
390 1
392 1
395 1
396 2
397 3
400 3
401 1
403 1
407 1
412 1
414 1
416 2
417 1
418 2
420 2
421 3
423 1
424 1
425 1
426 1
429 3
430 1
432 1
434 2
436 1
437 1
440 1
441 2
444 1
445 1
447 1
448 1
449 1
452 1
453 1
455 1
456 1
457 1
459 2
461 2
462 1
463 1
469 1
473 2
474 1
475 1
478 1
480 1
481 1
482 1
487 1
489 1
491 1
492 1
496 1
501 1
505 1
506 2
508 1
511 1
514 1
517 1
519 1
522 1
524 1
528 1
535 2
537 2
539 1
540 1
541 1
547 1
556 1
558 1
569 1
574 1
576 1
578 1
590 1
591 1
595 2
599 1
601 1
604 1
605 1
609 1
611 1
613 1
616 1
617 1
623 1
624 1
638 1
660 1
685 1
