100 3000 50
0 229151
1 622
2 1284
3 1849
4 2317
5 2623
6 2443
7 2422
8 2223
9 1930
10 1807
11 1479
12 1266
13 1154
14 983
15 797
16 716
17 599
18 487
19 473
20 391
21 337
22 252
23 197
24 192
25 160
26 131
27 108
28 90
29 73
30 82
31 56
32 54
33 49
34 37
35 39
36 33
37 33
38 24
39 24
40 21
41 22
42 20
43 9
44 14
45 16
46 7
47 13
48 9
49 12
50 4
51 5
52 8
53 5
54 6
55 3
56 2
57 2
58 2
59 2
60 2
61 3
62 3
63 3
64 3
65 4
66 1
67 1
68 2
69 2
70 1
71 1
72 2
76 2
77 1
78 1
79 1
80 2
81 2
82 1
83 2
87 1
88 1
91 3
92 1
97 2
98 1
99 1
104 1
106 1
108 1
109 1
115 1
118 1
123 1
126 1
132 1
137 2
145 1
