100 3000 50
0 244372
1 29
2 133
3 302
4 532
5 703
6 1004
7 1151
8 1211
9 1266
10 1229
11 1145
12 1052
13 889
14 706
15 613
16 497
17 396
18 341
19 241
20 197
21 175
22 120
23 74
24 89
25 65
26 48
27 46
28 35
29 27
30 25
31 12
32 16
33 18
34 14
35 15
36 11
37 6
38 4
39 6
40 5
41 4
42 3
43 3
44 4
45 2
46 4
47 6
48 3
49 2
50 4
51 6
52 1
53 1
54 3
55 4
56 1
57 3
58 3
59 2
61 1
62 1
64 2
66 1
67 1
68 2
69 2
70 4
71 2
73 1
74 1
75 1
76 3
78 4
80 1
81 1
83 2
84 1
85 2
88 1
90 1
91 1
94 1
96 1
100 1
103 1
107 1
109 1
113 1
116 2
119 1
124 1
127 1
129 1
130 1
135 1
136 1
154 1
155 1
163 1
166 2
173 3
174 1
175 1
178 1
179 1
180 1
181 2
184 3
188 1
189 1
192 1
194 1
195 1
196 1
202 1
207 1
210 1
213 1
214 1
219 1
231 2
234 1
235 1
243 1
245 1
247 1
248 2
249 3
267 1
268 2
270 2
273 1
275 1
276 2
284 1
287 1
288 1
289 1
290 2
293 1
294 1
298 1
302 1
305 1
308 1
311 1
316 2
321 1
327 1
328 1
331 1
332 1
335 1
338 1
339 1
341 1
342 1
343 1
347 1
350 1
356 1
357 1
359 1
368 1
369 1
370 2
371 2
372 1
375 2
376 2
377 1
380 1
381 3
382 1
383 1
386 1
389 2
392 1
393 3
394 1
395 1
396 1
398 1
399 1
400 1
402 1
403 1
405 2
406 1
407 1
408 1
411 2
412 1
414 1
415 3
416 1
417 1
418 1
419 1
420 2
422 1
423 2
424 2
425 1
426 2
427 1
428 1
431 1
432 2
433 1
435 1
436 1
437 1
438 1
440 1
444 1
446 1
448 2
449 2
451 1
454 3
456 3
457 1
459 2
461 1
462 1
465 1
466 1
472 2
473 1
474 2
476 1
477 2
478 1
480 2
481 1
487 2
490 1
491 1
493 3
495 2
505 1
507 2
509 1
513 1
514 1
516 1
517 1
518 1
520 3
521 1
522 1
524 1
527 1
529 1
533 2
535 1
537 1
538 1
539 1
540 1
541 1
547 2
553 4
554 2
555 1
557 2
560 2
562 1
563 2
570 1
571 1
573 1
580 2
582 1
583 2
589 1
592 1
593 3
594 1
595 2
596 2
598 1
599 2
601 1
605 2
607 1
610 1
611 1
619 1
620 1
626 3
628 2
631 1
632 1
634 1
637 1
641 1
654 1
657 1
660 1
661 2
665 1
667 1
669 1
671 1
672 1
680 1
683 1
692 2
698 1
701 1
705 2
707 1
708 1
710 1
717 1
720 1
729 1
732 1
758 1
782 1
