100 3000 50
0 242229
1 97
2 280
3 535
4 819
5 1098
6 1385
7 1469
8 1449
9 1442
10 1271
11 1142
12 983
13 832
14 688
15 566
16 446
17 405
18 291
19 237
20 184
21 143
22 133
23 87
24 82
25 62
26 58
27 52
28 50
29 44
30 34
31 24
32 24
33 18
34 22
35 13
36 18
37 14
38 7
39 10
40 12
41 12
42 5
43 2
44 3
45 6
46 3
47 7
48 11
49 5
50 5
51 3
52 5
53 6
54 5
55 6
56 5
57 4
58 4
59 4
61 2
62 4
63 4
64 3
65 3
66 2
67 2
69 2
70 3
71 1
73 1
74 4
75 4
76 1
78 1
79 1
80 1
81 2
82 1
83 1
84 3
85 1
86 1
87 2
89 1
90 1
91 2
92 1
93 1
94 2
95 2
96 1
98 2
100 1
101 1
102 3
104 1
105 1
109 1
111 1
113 3
114 1
117 1
118 3
121 1
122 1
125 2
126 2
127 1
129 2
130 3
134 2
137 1
140 1
141 2
146 1
148 2
149 1
150 1
151 1
153 1
155 1
159 1
161 1
163 2
164 1
168 1
170 1
171 1
172 1
173 2
179 1
186 1
187 1
191 1
205 1
206 1
209 1
210 1
214 1
215 1
218 1
221 1
224 1
225 1
230 3
231 1
236 1
237 1
243 2
249 2
253 1
255 2
257 1
260 1
263 1
264 2
268 2
270 1
271 2
272 1
276 1
279 1
281 1
289 1
292 1
293 1
294 1
296 1
300 1
304 3
306 1
307 1
308 1
312 1
314 1
316 2
317 1
319 2
320 1
322 1
323 3
330 1
335 2
337 1
338 1
342 2
348 1
350 1
354 2
356 1
360 2
361 1
362 1
366 2
374 2
375 2
377 1
380 2
381 1
382 1
384 1
385 1
387 2
389 1
391 1
392 1
394 2
395 1
400 1
402 1
403 1
405 1
411 2
413 1
414 2
415 2
416 2
417 1
419 1
420 2
422 1
423 3
425 3
427 2
430 1
433 2
435 1
436 2
438 1
441 2
442 2
444 1
446 1
447 2
449 2
451 1
452 2
453 1
456 1
457 2
458 2
460 2
461 1
465 1
466 1
468 2
472 1
474 3
481 1
485 1
486 1
487 2
488 1
490 2
491 1
492 1
496 1
498 1
499 2
503 1
504 3
506 1
510 1
511 1
512 1
513 1
515 1
520 1
522 1
530 1
531 2
534 1
536 1
537 2
539 1
540 2
542 1
543 1
545 1
546 1
552 1
553 1
555 1
557 1
561 3
562 1
563 1
565 1
570 2
574 1
576 1
580 1
582 1
584 1
585 1
590 1
594 1
596 1
597 1
600 1
604 1
608 1
609 1
611 1
618 1
621 1
622 1
623 1
638 1
641 1
645 1
649 1
650 3
651 1
652 1
653 1
658 1
661 1
666 1
670 1
671 1
672 1
677 1
679 1
691 1
698 1
714 1
719 1
