100 3000 50
0 243093
1 40
2 196
3 412
4 696
5 950
6 1168
7 1421
8 1470
9 1357
10 1371
11 1175
12 964
13 863
14 645
15 609
16 479
17 369
18 255
19 251
20 210
21 121
22 98
23 83
24 68
25 68
26 58
27 47
28 41
29 29
30 18
31 22
32 16
33 15
34 16
35 15
36 13
37 17
38 12
39 16
40 5
41 9
42 12
43 6
44 4
45 5
46 5
47 6
48 5
49 2
50 4
51 4
52 2
53 5
54 3
55 3
56 3
58 1
59 2
60 7
61 3
62 5
63 1
64 1
65 2
67 4
68 3
69 2
70 2
71 2
72 1
75 2
76 2
77 2
78 2
79 1
80 2
81 2
82 1
83 1
84 3
85 1
86 2
87 1
90 2
91 1
94 2
95 1
97 1
100 1
104 2
105 2
107 1
109 1
111 2
112 1
113 2
115 1
116 2
118 2
119 2
121 1
122 1
124 1
129 1
130 1
131 2
132 1
133 1
134 1
135 1
137 1
139 1
142 1
143 1
145 1
146 1
148 1
152 1
153 2
157 1
160 1
163 1
165 1
167 1
170 1
171 1
176 1
182 2
188 1
190 1
191 2
192 1
195 2
196 1
198 1
199 1
200 1
202 1
203 1
209 2
211 1
216 1
219 1
224 2
226 1
233 2
237 1
246 2
247 1
249 1
253 1
256 1
258 1
263 1
270 1
274 1
276 1
278 1
279 1
281 1
282 1
283 1
286 1
287 1
290 1
301 1
303 1
304 1
307 1
308 1
310 1
312 1
313 1
316 1
320 2
321 1
328 1
331 1
332 1
334 1
336 1
338 1
339 1
343 1
345 1
349 1
352 1
357 1
359 1
361 1
363 3
365 2
367 1
375 1
380 1
381 1
383 2
388 4
390 1
394 1
398 2
401 2
402 1
403 2
405 1
406 1
408 1
410 1
411 1
412 2
413 2
416 1
418 1
419 1
420 1
421 1
422 2
424 1
425 1
427 2
428 1
430 1
433 1
436 1
437 1
438 1
439 1
440 1
441 1
443 3
445 1
447 2
448 2
449 4
453 2
455 1
456 1
458 2
461 1
462 1
463 1
465 1
467 4
468 1
470 2
473 1
474 1
475 1
477 1
480 3
481 1
482 1
484 1
486 2
487 3
488 2
492 1
496 1
498 1
499 1
501 1
502 1
504 1
505 1
506 1
514 2
515 1
516 1
519 1
520 2
528 1
529 1
530 1
531 1
532 1
534 1
535 1
536 1
539 1
541 2
542 3
543 1
547 2
550 3
551 1
555 2
557 1
561 1
562 1
563 1
568 2
570 1
575 1
576 1
580 1
583 2
584 1
588 1
592 1
593 1
596 1
604 1
606 1
607 2
610 1
611 1
614 1
618 1
619 1
621 2
624 1
626 1
631 2
638 1
640 1
642 1
645 1
649 1
650 1
652 1
657 1
658 1
660 1
663 1
664 1
669 1
671 1
677 1
679 1
680 2
683 1
684 2
688 1
689 1
706 1
708 1
729 1
748 1
