100 3000 50
0 232144
1 477
2 1014
3 1516
4 1900
5 2165
6 2197
7 2075
8 1982
9 1801
10 1591
11 1378
12 1201
13 989
14 896
15 787
16 663
17 533
18 463
19 446
20 377
21 312
22 268
23 251
24 217
25 170
26 131
27 130
28 107
29 71
30 70
31 87
32 69
33 75
34 50
35 53
36 42
37 33
38 35
39 32
40 27
41 16
42 21
43 19
44 21
45 14
46 24
47 4
48 11
49 11
50 14
51 15
52 11
53 14
54 6
55 11
56 2
57 9
58 7
59 9
60 7
61 7
62 5
63 4
64 5
65 6
66 3
67 4
68 5
69 2
70 1
71 2
72 2
73 3
74 2
75 2
76 2
77 3
78 2
80 1
81 5
82 5
83 3
84 1
85 3
86 1
87 2
88 1
89 3
90 2
91 1
92 2
93 1
94 1
95 5
96 2
98 2
99 1
100 1
101 1
102 2
103 1
104 2
106 3
110 1
111 1
114 2
115 1
118 1
120 1
122 1
127 1
130 1
132 1
133 1
134 1
135 2
136 2
137 2
138 1
141 1
144 1
145 1
146 1
149 1
154 1
155 1
163 1
168 1
169 1
170 1
176 1
177 1
179 1
183 1
201 1
207 1
211 1
219 1
240 2
244 1
253 1
258 1
259 1
287 1
312 1
338 1
