5 300000 20
0 1296221
1 19
2 8
3 9
4 1
5 2
7 2
8 1
9 1
10 2
11 2
12 2
13 2
15 1
16 2
18 1
19 1
21 1
22 1
33 1
38 1
52 2
57 1
76 1
99 1
130 1
151 1
169 1
214 1
243 1
309 1
360 1
519 1
544 1
668 1
867 1
875 1
1026 1
1298 1
1362 1
1731 1
2569 1
2635 1
2980 1
3141 1
3277 1
3630 1
3834 1
4747 1
5753 1
6746 1
6980 1
8266 1
8352 1
9499 1
9591 1
9757 1
9782 1
10614 1
11445 1
11599 1
11880 1
12056 1
13492 1
13729 1
13742 1
14050 1
14145 1
14655 1
14923 1
15204 1
15283 1
15335 1
15396 1
15969 1
15995 1
16413 1
17842 1
18380 1
18849 1
19390 1
19646 1
20181 1
20471 1
21124 1
21181 1
21344 1
21911 1
24813 1
25118 1
25481 1
25713 1
26310 1
26782 1
26993 1
27097 1
27854 1
27963 1
28077 1
28542 1
29608 1
29803 1
30248 1
30580 1
32316 1
32601 1
33316 1
35696 1
36487 1
36560 1
37274 1
38118 1
39205 1
42418 1
47018 1
49027 1
