5 300000 20
0 800000
1 249216
2 89397
3 46129
4 27897
5 18734
6 13346
7 9608
8 7457
9 5840
10 4690
11 3771
12 3000
13 2497
14 2019
15 1698
16 1450
17 1293
18 1073
19 923
20 787
21 682
22 563
23 491
24 434
25 415
26 328
27 306
28 250
29 230
30 193
31 204
32 149
33 140
34 151
35 108
36 104
37 95
38 68
39 79
40 60
41 47
42 44
43 45
44 35
45 34
46 28
47 29
48 19
49 16
50 18
51 20
52 16
53 13
54 13
55 16
56 4
57 9
58 7
59 6
60 7
61 6
62 9
63 4
64 5
65 6
66 3
67 3
68 7
69 1
70 2
71 4
72 4
73 2
74 1
75 1
77 1
78 2
79 1
81 1
84 3
85 4
87 1
90 1
91 1
95 1
100 1
103 1
