5 300000 20
0 900000
1 186075
2 68143
3 36106
4 22770
5 15855
6 11433
7 8578
8 6797
9 5529
10 4660
11 3819
12 3037
13 2676
14 2243
15 1997
16 1719
17 1420
18 1333
19 1139
20 993
21 902
22 786
23 752
24 684
25 583
26 541
27 465
28 434
29 393
30 367
31 308
32 290
33 262
34 281
35 184
36 225
37 197
38 167
39 168
40 150
41 142
42 137
43 139
44 103
45 100
46 85
47 95
48 89
49 76
50 49
51 57
52 64
53 59
54 57
55 42
56 37
57 42
58 43
59 32
60 17
61 34
62 22
63 26
64 23
65 15
66 19
67 22
68 18
69 8
70 18
71 18
72 23
73 10
74 7
75 18
76 13
77 9
78 9
79 9
80 4
81 6
82 12
83 5
84 7
85 5
86 8
87 3
88 5
89 3
90 2
91 8
92 5
93 5
94 4
95 3
96 4
97 2
98 1
100 1
101 2
103 3
104 2
106 1
108 2
109 1
110 1
111 3
112 2
113 2
115 2
116 1
117 1
118 1
119 1
122 1
123 2
125 1
127 1
129 1
131 2
133 2
134 1
157 1
