5 300000 20
0 1000000
1 130297
2 48251
3 26211
4 16864
5 12009
6 8856
7 6715
8 5317
9 4543
10 3880
11 3182
12 2758
13 2383
14 2061
15 1831
16 1661
17 1480
18 1296
19 1170
20 1073
21 1014
22 805
23 800
24 732
25 686
26 592
27 589
28 577
29 464
30 467
31 425
32 411
33 373
34 323
35 295
36 299
37 276
38 272
39 272
40 266
41 213
42 231
43 182
44 201
45 175
46 182
47 154
48 157
49 143
50 158
51 126
52 133
53 108
54 86
55 90
56 96
57 101
58 79
59 73
60 98
61 60
62 62
63 76
64 67
65 67
66 62
67 62
68 51
69 55
70 55
71 58
72 50
73 50
74 35
75 44
76 25
77 46
78 36
79 36
80 32
81 22
82 33
83 30
84 31
85 22
86 25
87 26
88 20
89 16
90 21
91 22
92 13
93 22
94 18
95 17
96 14
97 13
98 13
99 9
100 19
101 16
102 19
103 19
104 12
105 13
106 9
107 7
108 11
109 9
110 13
111 11
112 4
113 13
114 4
115 12
116 8
117 10
118 8
119 2
120 5
121 3
122 6
123 7
124 10
125 6
126 6
127 1
128 7
129 7
130 5
131 5
132 6
133 6
134 4
135 4
136 9
137 3
138 3
139 6
140 2
141 2
142 1
143 2
144 1
145 2
146 3
147 1
148 3
149 2
150 1
151 2
153 1
154 4
156 1
157 1
159 1
160 1
161 2
163 1
164 2
165 1
166 1
168 1
173 2
175 1
176 3
177 2
178 1
179 2
180 1
181 3
184 1
186 2
194 1
196 1
197 2
200 1
226 1
228 1
230 3
235 1
251 1
264 1
277 1
