5 300000 20
0 1100000
1 80493
2 30221
3 16703
4 10766
5 7856
6 5932
7 4513
8 3720
9 3000
10 2658
11 2270
12 1944
13 1752
14 1542
15 1409
16 1242
17 1162
18 1029
19 928
20 837
21 767
22 747
23 652
24 598
25 586
26 547
27 494
28 477
29 438
30 437
31 382
32 398
33 339
34 338
35 315
36 304
37 277
38 247
39 236
40 252
41 207
42 255
43 224
44 210
45 193
46 179
47 180
48 217
49 176
50 168
51 170
52 147
53 164
54 117
55 128
56 142
57 116
58 129
59 120
60 105
61 99
62 110
63 103
64 100
65 88
66 96
67 91
68 81
69 102
70 70
71 71
72 83
73 81
74 63
75 72
76 65
77 67
78 69
79 77
80 63
81 64
82 60
83 51
84 52
85 50
86 41
87 45
88 61
89 38
90 44
91 45
92 43
93 46
94 38
95 44
96 44
97 31
98 40
99 29
100 42
101 36
102 40
103 35
104 30
105 36
106 27
107 27
108 29
109 31
110 30
111 16
112 30
113 31
114 26
115 24
116 23
117 19
118 23
119 25
120 23
121 14
122 23
123 26
124 9
125 16
126 19
127 18
128 14
129 13
130 27
131 16
132 17
133 22
134 15
135 13
136 12
137 8
138 12
139 12
140 16
141 20
142 12
143 14
144 13
145 14
146 11
147 12
148 7
149 10
150 8
151 11
152 14
153 12
154 10
155 6
156 18
157 7
158 9
159 17
160 9
161 11
162 8
163 9
164 12
165 14
166 11
167 16
168 8
169 5
170 12
171 3
172 6
173 4
174 8
175 5
176 9
177 7
178 8
179 11
180 4
181 4
182 6
183 7
184 7
185 8
186 10
187 3
188 7
189 1
190 5
191 5
192 7
193 5
194 7
195 5
196 5
197 3
198 5
199 7
200 5
201 7
202 3
203 5
204 9
205 3
206 6
207 4
208 4
209 4
210 5
211 6
212 3
213 8
214 2
215 4
216 1
218 1
219 2
220 2
221 3
222 2
223 1
224 1
225 3
226 4
227 1
228 2
229 1
230 7
231 3
232 4
233 1
234 2
235 2
236 5
237 4
238 2
239 3
240 1
241 3
242 2
243 3
244 2
245 7
246 1
247 3
248 1
250 1
251 3
252 1
253 5
254 1
256 3
257 2
258 2
259 1
261 2
262 1
263 1
265 2
266 1
268 3
270 2
271 1
272 1
274 1
275 1
276 1
277 1
278 1
279 1
280 1
281 1
282 2
284 3
285 2
286 1
287 1
288 2
289 2
290 2
292 2
293 1
296 1
299 3
300 1
301 1
302 1
304 1
306 1
307 1
309 1
310 1
312 3
313 1
317 1
320 1
326 1
330 2
335 1
338 1
342 1
346 2
351 1
355 2
360 1
364 2
365 1
366 1
388 1
401 1
402 1
412 1
418 1
436 1
438 1
442 1
447 1
456 1
462 1
477 1
486 1
490 1
493 1
564 1
583 1
