5 300000 20
0 777751
1 14
2 5
3 5
4 1
5 2
7 1
10 1
11 1
12 1
13 1
15 1
16 1
18 1
19 1
21 1
22 1
33 1
38 1
52 2
57 1
76 1
99 1
130 1
151 1
169 1
214 1
243 1
309 1
519 1
544 1
668 1
875 1
1298 1
2569 1
2635 1
3277 1
3834 1
4747 1
5753 1
6746 1
6980 1
8266 1
8352 1
9591 1
10614 1
11445 1
11599 1
13492 1
13729 1
14655 1
15204 1
15969 1
15995 1
18849 1
19390 1
20471 1
21181 1
21911 1
24813 1
25118 1
25713 1
26310 1
26782 1
26993 1
27097 1
29608 1
29803 1
30248 1
30580 1
32316 1
32601 1
35696 1
36487 1
37274 1
38118 1
42418 1
49027 1
