5 300000 20
0 1200000
1 36683
2 13918
3 7743
4 4994
5 3736
6 2871
7 2194
8 1775
9 1475
10 1274
11 1134
12 1001
13 851
14 798
15 713
16 605
17 583
18 553
19 432
20 467
21 405
22 407
23 355
24 331
25 293
26 291
27 319
28 290
29 256
30 226
31 215
32 223
33 182
34 206
35 188
36 185
37 161
38 155
39 152
40 144
41 122
42 148
43 137
44 151
45 138
46 114
47 132
48 107
49 105
50 110
51 111
52 96
53 100
54 109
55 95
56 94
57 86
58 89
59 77
60 78
61 61
62 79
63 71
64 70
65 72
66 64
67 69
68 71
69 53
70 56
71 68
72 71
73 61
74 48
75 60
76 45
77 47
78 51
79 55
80 60
81 50
82 55
83 50
84 64
85 37
86 53
87 35
88 29
89 54
90 46
91 39
92 41
93 38
94 36
95 38
96 38
97 36
98 34
99 35
100 27
101 42
102 41
103 38
104 29
105 34
106 29
107 34
108 31
109 27
110 29
111 22
112 23
113 30
114 37
115 31
116 32
117 24
118 37
119 29
120 28
121 29
122 19
123 22
124 32
125 25
126 35
127 21
128 26
129 17
130 25
131 27
132 15
133 20
134 21
135 12
136 20
137 14
138 25
139 17
140 21
141 20
142 22
143 21
144 21
145 19
146 18
147 14
148 12
149 21
150 11
151 22
152 14
153 22
154 10
155 5
156 25
157 13
158 22
159 18
160 18
161 16
162 21
163 10
164 16
165 20
166 17
167 12
168 13
169 13
170 12
171 18
172 17
173 15
174 19
175 6
176 6
177 12
178 13
179 15
180 12
181 17
182 16
183 15
184 8
185 13
186 12
187 10
188 19
189 11
190 16
191 7
192 11
193 11
194 5
195 14
196 15
197 16
198 12
199 12
200 13
201 10
202 16
203 10
204 9
205 10
206 10
207 6
208 7
209 5
210 10
211 12
212 9
213 5
214 10
215 6
216 8
217 12
218 8
219 9
220 7
221 9
222 7
223 13
224 4
225 17
226 9
227 8
228 10
229 6
230 8
231 5
232 11
233 12
234 6
235 6
236 6
237 6
238 3
239 4
240 11
241 10
242 7
243 5
244 9
245 8
246 6
247 9
248 6
249 8
250 7
251 7
252 5
253 7
254 6
255 11
256 3
257 2
258 6
259 9
260 4
261 6
262 4
263 5
264 3
265 5
266 6
267 10
268 4
269 7
270 2
271 6
272 4
273 7
274 4
275 5
276 4
277 2
278 2
279 10
280 5
281 3
282 2
283 7
284 3
285 4
286 2
287 2
288 5
289 6
290 4
291 3
292 2
293 4
294 4
295 7
296 3
297 5
298 6
299 3
300 4
301 2
302 11
303 2
304 4
305 5
306 4
307 6
308 7
309 4
310 8
311 2
312 1
313 3
314 3
315 4
316 5
317 5
318 2
319 2
320 5
321 5
322 7
323 5
324 2
325 5
326 2
327 6
328 4
329 2
330 2
331 3
332 2
333 2
334 4
335 1
336 6
337 7
338 4
339 2
340 2
341 2
342 1
343 6
344 6
345 5
346 1
347 1
348 3
349 3
350 3
351 3
352 2
353 4
354 5
355 3
356 2
357 3
358 2
359 1
360 2
361 1
362 3
363 3
364 5
365 3
366 1
367 5
368 4
369 5
370 5
371 7
373 2
374 2
375 2
378 3
379 2
380 4
381 2
382 3
383 2
384 1
385 3
386 2
387 3
388 2
389 1
390 3
391 3
392 3
393 4
395 2
396 2
397 1
398 4
399 1
400 3
401 4
403 3
404 2
405 1
406 4
407 2
408 2
409 1
410 2
411 3
412 2
413 1
414 2
415 5
416 3
417 1
418 4
419 1
420 4
421 2
424 2
426 4
428 4
429 1
430 2
431 1
432 3
433 2
434 3
436 1
437 2
439 1
440 1
441 1
442 2
443 1
444 3
445 2
446 2
448 2
449 3
451 2
452 1
453 5
454 1
455 2
459 3
460 1
461 2
462 1
463 3
464 2
465 3
466 1
467 1
468 1
469 1
471 2
472 4
474 3
475 1
476 2
477 2
478 4
479 1
480 1
481 1
482 3
483 1
484 1
485 4
486 2
487 2
488 2
492 1
494 2
495 1
496 2
497 2
498 2
500 2
503 2
505 3
506 1
509 2
510 1
511 1
512 1
516 2
517 1
518 2
519 1
520 1
521 1
524 1
525 2
526 2
529 1
530 1
531 1
532 2
533 1
534 1
536 3
539 1
544 1
545 4
546 3
548 1
549 1
550 1
551 1
552 1
553 1
555 2
557 4
558 2
559 2
560 2
561 1
562 1
563 2
565 2
568 1
569 1
570 1
578 1
580 1
582 1
583 2
584 1
587 4
588 2
589 2
590 1
591 1
592 1
593 1
597 1
599 1
600 2
601 2
604 1
607 2
609 1
610 1
611 2
614 1
616 1
617 2
618 1
619 2
622 1
624 1
631 1
633 1
636 1
639 2
643 1
644 2
645 1
648 1
650 1
652 1
655 2
659 1
674 2
675 1
676 1
680 1
682 1
685 2
687 1
691 1
695 1
698 1
702 1
709 2
713 1
715 1
718 1
720 1
721 1
722 1
724 1
728 1
730 2
732 2
734 1
748 1
752 1
753 1
755 2
759 1
764 1
767 1
769 1
778 1
780 1
784 2
786 1
791 2
793 1
795 1
797 1
803 1
808 1
811 1
816 1
817 1
818 1
826 1
831 1
836 1
837 1
839 1
841 2
842 1
849 1
854 1
857 1
862 1
873 1
889 1
892 1
902 1
910 1
920 1
923 1
931 2
941 1
954 1
968 1
974 1
981 1
985 1
1003 1
1010 1
1017 1
1023 1
1031 1
1037 1
1083 1
1100 1
1105 1
1108 1
1115 1
1128 1
1133 1
1152 1
1157 1
1159 1
1186 1
1256 1
1309 1
1353 1
1374 1
1394 1
1404 1
1438 1
2015 1
