100 4000 50
0 297586
1 890
2 1685
3 2294
4 2610
5 2732
6 2725
7 2433
8 2145
9 1855
10 1602
11 1374
12 1178
13 988
14 869
15 710
16 631
17 543
18 462
19 408
20 365
21 335
22 289
23 244
24 187
25 185
26 152
27 152
28 135
29 123
30 94
31 100
32 105
33 72
34 75
35 54
36 63
37 50
38 53
39 54
40 46
41 42
42 38
43 31
44 30
45 32
46 22
47 32
48 23
49 35
50 23
51 19
52 25
53 17
54 22
55 16
56 17
57 19
58 19
59 11
60 20
61 11
62 12
63 10
64 9
65 9
66 4
67 9
68 5
69 11
70 9
71 4
72 5
73 7
74 8
75 9
76 6
77 10
78 6
79 6
80 4
81 5
82 4
83 2
84 6
85 5
86 5
87 6
88 5
89 2
90 6
91 3
92 3
93 4
94 3
95 3
96 4
97 9
98 5
99 4
100 4
101 3
102 1
103 1
104 3
105 3
106 3
107 2
108 3
109 5
110 5
111 3
112 1
113 4
114 2
115 6
116 2
117 4
118 6
119 1
120 4
122 2
124 1
125 3
126 6
127 1
128 1
129 6
130 1
131 5
132 5
133 3
135 1
136 2
137 1
138 1
139 3
140 1
141 2
142 1
143 1
145 1
146 1
147 3
148 2
149 1
150 1
151 1
152 1
153 2
154 1
155 2
157 1
159 1
160 2
161 4
162 3
165 1
166 1
167 2
168 2
169 3
170 2
171 2
173 1
175 1
176 1
177 2
179 1
181 2
182 1
183 1
185 1
187 1
191 2
192 1
195 1
196 1
197 1
198 2
201 2
202 1
203 1
204 1
205 1
207 3
209 1
210 1
212 1
216 1
217 1
218 1
222 2
226 2
229 2
230 1
232 1
245 1
247 5
254 1
256 3
259 3
260 1
265 1
266 1
268 2
270 1
274 1
275 1
282 1
284 1
285 1
286 1
291 1
292 1
293 2
294 2
301 1
309 1
312 2
315 1
318 1
320 1
321 1
324 1
326 1
329 2
330 1
331 1
333 1
334 1
335 1
340 1
346 1
347 1
348 1
351 1
356 2
360 2
362 2
363 1
369 1
384 1
400 1
401 1
404 1
411 1
424 2
435 1
438 1
439 1
443 1
446 1
448 1
461 1
466 1
472 1
474 1
484 1
492 1
495 1
504 1
540 1
541 1
546 1
548 1
564 1
595 1
642 1
750 1
821 1
