100 4000 50
0 309634
1 273
2 778
3 1303
4 1802
5 2126
6 2357
7 2177
8 1944
9 1706
10 1246
11 954
12 779
13 554
14 418
15 302
16 208
17 128
18 100
19 82
20 42
21 47
22 34
23 25
24 21
25 20
26 16
27 12
28 13
29 11
30 10
31 7
32 13
33 9
34 9
35 4
36 3
37 8
38 6
39 4
40 5
41 5
42 2
43 1
44 4
45 4
46 2
47 1
48 3
49 1
51 1
52 3
53 3
55 1
56 4
58 1
59 4
60 2
61 2
62 3
63 5
64 2
65 1
66 1
69 2
71 2
72 1
74 4
75 1
76 3
77 1
78 1
80 3
81 2
82 1
83 2
84 1
85 4
87 2
88 2
89 1
91 2
92 2
93 1
94 1
95 1
96 2
98 1
101 1
102 2
105 1
106 3
109 1
110 1
113 1
115 1
116 1
118 1
119 1
120 1
121 1
128 1
130 1
132 2
133 1
144 1
146 1
149 1
156 1
160 1
166 1
167 2
168 1
169 1
172 1
175 1
178 1
181 1
186 1
187 1
190 1
194 1
197 1
210 1
217 1
218 1
226 1
229 1
231 1
232 2
233 2
235 1
241 1
242 1
244 1
264 1
270 1
276 1
277 2
279 1
282 1
287 1
292 1
295 1
296 1
300 1
311 1
313 1
322 1
324 1
330 1
339 1
340 1
341 1
342 2
349 2
365 1
366 1
375 1
378 1
379 1
382 1
383 1
388 2
393 1
394 1
402 1
403 1
405 1
414 1
415 1
416 2
426 1
427 1
435 1
436 1
445 2
446 1
447 1
450 1
452 1
453 2
456 2
458 1
462 1
469 1
479 1
480 1
487 2
488 1
490 2
501 1
503 1
508 1
511 1
512 1
513 2
516 1
522 1
524 2
525 2
527 1
531 1
535 1
537 1
540 1
542 1
543 1
547 1
548 1
553 1
557 1
558 1
559 2
562 1
564 4
565 1
572 1
577 1
581 1
582 1
584 1
587 1
588 1
589 1
594 1
600 1
602 1
605 2
612 2
616 1
621 1
622 1
623 2
629 2
630 1
634 1
638 2
639 1
645 1
648 1
650 2
660 1
661 1
662 1
664 1
670 1
671 1
679 1
685 3
686 1
688 1
690 2
691 2
693 1
694 1
696 1
698 1
699 1
701 1
703 1
704 2
707 1
715 1
716 2
717 2
718 3
723 1
724 1
725 1
726 2
727 1
729 2
731 1
736 2
739 1
740 1
742 2
744 3
746 1
749 1
750 2
752 1
754 1
755 1
761 3
764 2
767 1
769 1
774 1
775 1
777 1
779 1
786 2
787 1
788 1
790 1
792 1
795 5
798 2
800 1
803 1
804 1
810 1
812 1
816 2
818 2
823 2
826 2
827 1
829 1
832 1
834 1
839 1
842 1
845 1
846 1
852 1
860 1
863 2
867 1
870 1
874 1
877 1
878 1
879 1
883 2
884 1
885 1
886 1
888 3
890 1
894 1
898 2
899 1
903 1
907 1
908 1
915 1
919 1
920 1
926 1
931 1
932 1
939 1
941 2
942 1
943 1
944 1
945 1
949 1
952 2
954 1
963 2
964 1
966 1
971 1
973 1
974 2
981 1
982 1
983 1
985 1
990 1
991 2
995 1
1000 1
1003 1
1006 1
1012 1
1016 1
1025 1
1026 1
1033 2
1034 1
1045 1
1047 1
1055 1
1060 1
1063 1
1078 1
1085 1
1089 1
1095 1
1103 1
1106 1
1120 1
1136 1
1139 2
1149 1
1176 1
1194 1
1222 1
1246 1
1253 1
1263 3
1285 1
