100 4000 50
0 314796
1 41
2 149
3 332
4 556
5 851
6 1137
7 1404
8 1472
9 1441
10 1390
11 1185
12 1040
13 849
14 674
15 491
16 397
17 252
18 200
19 153
20 109
21 86
22 45
23 41
24 36
25 26
26 16
27 11
28 14
29 15
30 9
31 9
32 5
33 8
34 4
35 6
37 2
38 4
39 3
40 2
41 4
42 4
43 3
46 1
47 1
48 6
49 3
51 2
53 3
54 2
56 2
57 2
58 3
60 1
62 1
63 2
64 3
68 3
69 1
70 2
72 1
73 1
74 1
75 1
77 2
78 2
81 1
82 2
87 1
89 1
90 1
92 1
96 1
97 1
98 1
99 1
100 1
102 1
110 1
114 1
118 1
119 1
126 1
128 1
130 1
135 1
138 2
140 1
141 1
143 1
148 1
152 1
169 1
173 1
191 1
193 1
201 1
202 1
208 1
219 1
223 1
227 1
232 1
242 1
272 1
284 2
305 1
307 2
314 1
334 1
337 1
344 1
362 1
363 1
365 1
373 1
374 1
375 1
376 1
385 2
392 1
404 1
413 1
418 2
420 1
428 1
437 1
438 1
444 1
447 1
459 1
462 1
467 1
479 1
484 1
491 3
492 1
494 1
498 1
500 1
505 1
508 1
512 1
513 1
515 1
519 1
520 1
521 2
523 1
527 2
528 2
530 1
534 1
538 1
539 1
543 1
548 2
561 1
568 2
572 1
586 1
601 1
604 1
612 1
614 3
624 1
625 2
634 1
639 1
649 1
656 2
660 1
667 1
669 1
672 1
678 1
680 1
682 1
684 2
687 1
690 1
692 1
694 1
695 1
696 3
697 1
701 1
702 1
707 2
708 1
710 1
711 1
712 1
714 1
721 1
728 2
729 3
732 2
733 1
735 1
737 1
738 1
742 2
743 1
744 2
748 1
750 3
753 1
755 2
758 1
759 1
761 3
765 1
766 2
767 3
769 2
770 1
771 1
772 1
773 1
774 1
778 2
780 2
781 2
783 2
784 1
786 1
788 3
789 1
790 1
793 1
798 1
799 2
801 1
803 2
804 1
805 1
806 1
808 1
809 1
814 1
817 1
818 1
820 1
827 1
829 1
832 1
834 1
835 2
837 1
838 2
845 2
847 1
850 2
855 1
857 1
861 1
862 1
864 1
870 1
876 1
882 1
883 1
887 2
890 1
893 1
896 1
901 1
902 1
912 2
916 1
917 1
919 1
920 1
924 1
931 3
932 2
934 1
941 1
942 1
945 1
947 1
948 2
952 1
954 1
958 1
962 1
970 2
975 2
979 1
982 3
983 2
991 3
994 1
995 1
996 1
998 1
999 1
1002 1
1003 1
1004 1
1007 1
1009 2
1010 1
1013 1
1017 1
1019 1
1025 1
1027 1
1032 1
1035 1
1036 1
1037 1
1039 1
1058 1
1068 1
1073 2
1074 3
1076 2
1083 1
1084 1
1088 1
1089 1
1097 1
1111 1
1113 1
1120 2
1124 1
1131 1
1159 1
1167 1
1172 1
1187 1
1189 1
1208 1
1211 1
1213 1
1214 1
1215 1
1220 1
1223 1
1226 1
1229 2
1231 1
1235 1
1241 1
1247 1
1254 1
1280 1
1289 1
1319 1
