100 4000 50
0 310658
1 196
2 579
3 1065
4 1591
5 1990
6 2167
7 2139
8 1952
9 1583
10 1347
11 1046
12 823
13 591
14 421
15 298
16 206
17 126
18 95
19 72
20 52
21 36
22 30
23 26
24 16
25 18
26 10
27 17
28 6
29 7
30 5
31 9
32 8
33 4
34 5
35 7
36 7
37 3
38 4
39 6
40 1
41 4
42 1
43 1
44 3
45 4
46 1
47 3
48 2
49 2
50 3
51 2
52 1
53 3
54 5
55 1
56 1
57 1
59 1
60 2
61 1
62 2
63 1
65 1
66 2
68 2
69 1
70 1
71 1
74 3
76 1
77 2
79 1
81 1
82 1
83 3
85 1
86 2
87 1
88 1
92 1
93 2
96 1
97 1
101 1
102 1
105 1
107 1
108 1
109 1
111 1
116 1
117 3
118 1
119 1
122 1
123 1
124 1
125 1
127 1
128 1
129 1
132 1
134 1
138 1
140 1
144 1
147 1
148 1
149 1
151 1
152 2
158 1
159 1
162 1
165 1
172 2
177 1
184 1
186 1
187 2
198 1
201 1
216 1
218 1
224 1
232 1
236 1
243 1
246 1
250 1
255 1
258 1
259 1
262 1
269 1
272 1
280 1
282 1
286 1
295 1
307 2
319 1
323 1
328 1
347 1
349 1
364 1
365 1
368 2
371 1
390 1
395 2
397 1
401 1
403 1
405 1
406 1
408 1
414 1
424 1
426 1
428 1
429 1
432 1
441 2
446 1
448 1
457 1
458 2
459 1
461 3
465 1
470 1
471 1
478 1
481 1
499 1
504 1
506 1
512 1
515 1
519 1
521 1
522 1
526 2
527 1
530 1
531 1
536 1
542 2
543 1
546 1
550 1
552 1
557 1
563 1
566 2
569 1
584 2
587 1
597 1
602 1
604 1
607 1
610 1
611 1
617 1
618 1
620 1
621 2
624 1
628 1
629 1
630 1
631 1
632 1
635 1
636 1
638 1
639 4
647 1
650 1
654 1
657 1
658 1
661 2
667 1
674 1
677 1
679 2
683 1
686 1
687 1
688 1
695 1
696 3
700 1
702 1
703 1
704 1
706 1
708 1
709 1
710 1
711 1
712 2
713 1
714 1
719 1
721 1
722 1
726 1
731 3
734 1
737 2
739 1
740 1
743 3
747 2
748 1
750 2
752 1
753 1
755 1
756 1
757 1
759 1
761 2
762 1
765 1
766 1
767 1
769 1
772 1
773 1
774 1
775 3
777 1
778 1
780 2
781 1
782 2
783 2
784 1
788 1
791 1
792 1
793 2
795 1
796 2
797 1
799 1
800 2
803 1
805 1
806 1
808 2
812 1
813 2
816 2
818 1
820 1
822 1
823 1
825 1
828 1
829 2
831 3
836 1
842 1
847 1
851 1
856 1
858 1
862 1
863 1
870 1
875 1
880 1
884 1
890 1
893 1
895 1
897 1
899 1
900 1
902 1
904 1
906 1
913 1
920 1
923 1
926 1
928 1
932 1
933 1
934 1
941 1
944 1
947 1
948 1
951 1
952 1
953 1
957 2
963 1
965 1
967 1
973 1
974 1
976 1
979 1
981 1
983 1
984 1
987 1
991 1
993 1
994 1
1001 1
1002 2
1003 1
1004 2
1010 1
1014 1
1015 3
1021 1
1022 2
1025 1
1031 1
1038 1
1039 1
1044 1
1047 1
1051 1
1052 1
1061 1
1065 2
1070 1
1075 1
1077 1
1093 1
1119 1
1134 1
1148 1
1157 1
1163 1
1169 1
1177 2
1181 1
1184 1
1190 1
1199 1
1210 1
1216 1
1217 1
1232 1
1235 1
1249 1
1258 1
1260 1
1271 1
