100 4000 50
0 304061
1 585
2 1325
3 2097
4 2441
5 2574
6 2604
7 2381
8 1978
9 1697
10 1260
11 1066
12 831
13 640
14 554
15 431
16 361
17 285
18 228
19 208
20 182
21 115
22 120
23 112
24 85
25 79
26 72
27 52
28 55
29 44
30 47
31 45
32 35
33 37
34 28
35 22
36 28
37 25
38 20
39 17
40 18
41 19
42 18
43 13
44 11
45 16
46 8
47 6
48 9
49 6
50 9
51 8
52 11
53 8
54 12
55 16
56 11
57 10
58 6
59 14
60 4
61 4
62 6
63 10
64 5
65 4
66 8
67 6
68 4
69 5
70 4
71 8
72 9
73 6
74 6
75 2
76 6
77 1
78 2
79 5
80 2
81 5
82 1
83 4
84 4
85 1
86 6
87 4
88 4
89 5
90 3
92 5
93 3
95 2
96 2
97 2
98 3
100 3
101 4
103 1
104 3
105 3
106 1
107 3
108 3
109 6
110 3
111 3
113 1
114 1
115 2
116 1
117 2
118 3
120 1
121 3
122 1
123 3
124 3
126 4
127 1
128 1
129 2
130 2
131 1
132 2
133 1
134 1
135 1
137 3
138 2
139 1
140 1
141 4
142 3
144 2
146 1
148 2
149 3
151 3
153 1
154 1
157 4
158 1
159 1
161 1
162 2
164 2
165 1
167 3
169 1
170 1
171 1
173 2
174 1
176 1
179 1
180 2
182 1
185 4
186 2
187 3
192 2
193 1
194 1
195 1
196 1
197 2
198 2
201 1
202 1
205 1
206 1
207 2
208 1
209 1
214 1
215 1
228 1
229 3
231 2
233 3
234 1
235 1
236 1
238 1
239 3
240 1
241 2
242 1
244 1
245 1
246 1
247 1
249 1
252 1
253 2
254 1
255 1
259 2
260 1
261 2
262 1
263 2
265 2
266 1
267 1
269 1
275 1
276 1
278 1
286 1
292 1
293 1
297 1
299 1
300 1
301 1
302 1
304 3
305 1
307 2
311 2
313 1
314 1
316 1
318 2
320 2
322 1
325 2
327 1
328 2
329 2
330 1
331 1
332 1
337 1
341 1
342 2
343 1
344 2
346 1
356 1
358 1
359 2
360 1
365 1
366 1
367 1
370 2
373 1
377 1
382 1
384 2
385 1
387 1
392 2
393 1
397 1
400 1
403 1
406 2
408 2
413 1
414 1
416 3
418 1
419 1
421 1
422 1
424 1
426 1
428 2
429 2
430 1
431 1
432 1
433 1
435 1
439 1
440 1
442 1
443 1
446 2
447 1
449 1
452 1
454 2
455 1
457 3
459 1
463 3
464 1
469 1
471 2
473 1
474 1
476 1
478 1
481 2
482 1
483 2
485 1
488 1
489 2
493 1
496 1
497 1
506 2
507 1
509 1
522 1
523 1
526 1
528 1
530 1
532 1
534 1
537 1
538 1
542 1
544 1
547 2
548 1
551 1
556 2
564 1
566 1
573 2
576 1
578 2
584 1
585 1
586 1
587 1
589 1
590 1
594 2
595 1
596 1
598 1
601 2
604 2
605 1
606 1
610 1
613 1
618 2
620 1
624 1
627 1
628 1
636 1
637 1
641 2
647 1
654 1
656 1
664 1
667 1
675 1
677 1
683 2
689 1
696 1
699 1
714 1
715 2
716 1
723 1
725 1
726 1
729 1
734 2
736 1
741 1
745 1
753 1
760 2
761 1
770 1
772 1
775 1
782 1
783 1
785 2
794 2
796 1
809 1
810 1
812 1
813 1
819 1
820 2
823 1
831 1
834 1
839 1
865 1
870 1
871 1
877 1
880 1
881 1
902 1
920 1
922 2
972 2
976 1
978 1
979 1
994 1
1005 1
1012 1
1025 1
1037 1
1045 1
