100 4000 50
0 314948
1 40
2 109
3 302
4 577
5 860
6 1114
7 1346
8 1434
9 1470
10 1277
11 1164
12 1068
13 848
14 682
15 526
16 369
17 257
18 214
19 156
20 103
21 101
22 63
23 45
24 44
25 20
26 21
27 11
28 18
29 11
30 6
31 14
32 11
33 6
34 6
35 7
36 6
37 5
38 2
39 4
40 1
41 4
42 2
43 5
44 2
45 2
46 3
48 2
49 1
50 1
51 1
52 1
53 3
59 1
60 4
61 1
62 1
63 1
65 2
66 4
67 1
70 1
74 2
77 1
78 1
79 1
84 1
85 1
88 1
89 1
91 1
92 1
94 1
97 1
98 1
101 1
104 3
105 1
107 1
109 1
110 1
122 1
125 1
126 1
133 1
134 1
137 1
146 1
148 1
152 1
153 1
156 2
163 1
174 2
179 1
180 1
186 1
191 1
210 1
212 1
213 1
218 1
229 1
239 1
246 1
251 1
255 1
263 1
284 1
288 1
302 1
304 1
331 1
334 1
339 1
343 1
348 1
357 1
361 1
363 1
364 1
368 2
381 1
386 1
391 1
395 1
413 2
418 1
420 1
426 1
432 1
442 1
443 1
444 1
450 1
458 1
466 2
467 1
472 1
473 1
487 1
498 1
500 2
505 1
510 1
516 2
518 1
521 2
522 1
524 2
525 1
528 1
532 1
534 1
536 1
538 1
545 1
552 1
561 1
566 1
570 1
584 1
586 1
589 3
599 1
600 1
601 1
618 1
619 1
621 1
624 1
627 1
629 1
631 2
634 1
639 1
647 1
649 1
651 1
652 1
656 1
659 1
661 1
664 1
675 1
680 1
685 1
688 1
695 1
696 2
708 1
709 1
711 2
713 2
714 1
715 1
716 1
718 1
723 1
724 3
725 1
726 1
727 2
728 2
729 2
730 1
734 1
736 2
739 1
740 2
742 1
743 1
744 1
745 2
746 1
749 1
751 1
752 1
755 2
758 2
762 2
763 1
764 1
765 2
766 2
769 1
772 1
773 1
775 1
776 1
778 1
780 1
782 1
783 1
784 1
785 1
786 2
788 1
789 1
790 1
792 4
794 1
795 1
796 3
797 1
798 1
800 1
802 3
803 1
804 1
806 1
807 2
808 1
811 1
814 1
816 1
819 1
820 2
821 1
825 1
826 2
832 1
834 1
836 1
838 1
843 1
846 1
857 1
860 2
873 1
874 1
878 1
880 1
884 1
888 1
890 2
896 1
899 1
901 1
911 1
916 2
919 1
923 1
926 1
928 1
930 2
935 1
939 1
941 3
945 1
949 1
950 1
952 1
954 1
956 1
960 1
963 1
964 1
969 1
981 1
982 1
983 1
986 1
991 1
992 1
993 2
994 2
997 1
999 1
1000 3
1001 1
1003 1
1004 1
1007 1
1012 1
1013 1
1015 1
1016 1
1017 2
1019 1
1022 2
1023 1
1026 1
1027 2
1035 1
1037 1
1038 1
1044 3
1047 1
1059 1
1065 1
1067 1
1071 1
1073 1
1078 1
1082 1
1083 1
1095 1
1117 1
1123 1
1125 1
1127 1
1128 1
1129 1
1142 1
1144 1
1154 1
1161 1
1163 1
1170 1
1172 1
1175 1
1182 1
1188 1
1194 1
1198 1
1205 1
1210 1
1226 1
1229 1
1232 1
1250 1
1252 1
1257 1
1265 1
1272 1
1326 1
