100 4000 50
0 301159
1 731
2 1551
3 2161
4 2568
5 2695
6 2520
7 2314
8 2029
9 1677
10 1502
11 1169
12 1008
13 858
14 687
15 575
16 497
17 359
18 336
19 298
20 241
21 217
22 203
23 167
24 139
25 125
26 105
27 110
28 91
29 85
30 69
31 74
32 59
33 50
34 41
35 44
36 47
37 34
38 41
39 27
40 36
41 27
42 19
43 28
44 20
45 20
46 16
47 19
48 23
49 13
50 12
51 19
52 20
53 12
54 14
55 22
56 7
57 10
58 7
59 9
60 8
61 10
62 8
63 8
64 7
65 11
66 9
67 12
68 7
69 6
70 4
71 10
72 9
73 6
74 5
75 8
76 4
77 8
78 6
79 5
80 5
81 4
82 8
83 1
84 5
85 9
86 5
87 9
88 3
89 6
90 2
91 4
92 10
93 3
94 3
95 2
96 1
97 4
98 4
99 2
100 3
101 2
102 2
103 3
104 1
105 5
106 2
107 4
108 4
110 1
111 4
112 1
113 2
114 3
116 2
117 5
118 7
119 3
120 3
121 6
122 1
123 4
124 1
125 1
128 1
129 1
130 1
131 2
132 1
133 1
134 2
135 1
136 3
137 2
138 2
139 3
140 2
142 3
144 1
145 2
146 3
147 2
148 1
149 3
150 2
151 2
152 2
153 3
154 2
155 1
156 3
157 2
158 4
159 1
160 1
162 1
163 2
165 3
166 3
167 3
168 2
169 3
171 1
173 1
175 4
176 5
177 2
178 1
181 1
183 2
184 1
187 3
188 2
189 3
190 1
192 3
193 1
194 2
195 1
196 2
197 1
198 2
199 1
200 2
202 1
203 1
205 3
211 1
214 3
216 1
217 2
218 2
220 3
223 1
224 2
227 2
228 2
230 1
231 3
233 1
234 3
236 5
238 1
239 1
240 1
241 2
242 2
243 1
246 1
247 1
250 1
253 1
256 3
257 1
263 1
264 1
270 2
274 1
275 1
278 1
285 1
290 1
293 1
296 2
297 1
300 3
301 2
302 1
306 1
307 1
313 2
314 2
316 1
318 1
322 1
323 1
324 1
325 2
326 1
328 1
330 2
332 1
335 1
340 1
344 1
349 1
350 1
352 2
353 1
354 1
359 1
361 1
362 1
365 1
367 1
369 1
374 2
375 1
378 1
379 1
387 1
390 2
392 1
393 1
395 1
397 1
400 1
402 1
403 1
404 1
405 2
408 2
410 1
411 1
415 2
417 2
422 1
425 1
428 1
437 1
442 1
443 1
449 1
450 1
453 1
459 1
463 2
468 1
471 2
472 1
474 1
476 1
480 1
482 2
483 2
487 1
489 1
494 2
496 1
498 1
504 1
509 1
511 1
512 1
515 1
517 1
518 1
524 1
527 1
528 1
532 1
540 1
543 1
547 1
551 1
558 1
560 1
571 1
572 1
580 1
584 1
588 1
591 1
592 1
593 2
594 1
601 1
602 1
613 1
627 1
630 1
635 1
638 1
646 2
647 2
653 1
654 1
655 1
656 1
657 2
669 2
684 1
695 1
697 1
709 1
719 1
730 1
735 1
736 1
758 1
759 1
761 1
771 1
778 1
849 2
852 1
860 1
958 1
962 1
