100 4000 50
0 311417
1 159
2 457
3 939
4 1427
5 1767
6 2052
7 2108
8 1968
9 1605
10 1365
11 1088
12 779
13 563
14 392
15 317
16 232
17 155
18 113
19 87
20 49
21 37
22 22
23 25
24 22
25 17
26 11
27 8
28 13
29 8
30 6
31 4
32 3
33 5
34 4
35 2
36 3
37 3
38 3
39 1
40 2
41 3
42 1
43 5
44 2
45 2
46 3
47 6
48 1
49 2
50 4
52 2
53 1
54 2
55 2
56 2
57 1
58 4
60 1
61 1
62 1
63 2
64 2
65 2
66 1
69 1
71 2
77 1
78 1
79 1
80 1
81 1
84 2
86 1
87 2
88 1
90 1
92 2
96 1
98 2
99 1
101 1
104 2
110 1
111 1
113 1
114 2
118 1
120 1
122 1
124 1
128 1
129 1
131 1
135 1
141 1
142 1
143 1
145 1
146 1
147 1
149 1
158 1
162 1
174 1
175 1
176 1
177 1
182 1
184 1
186 1
189 1
191 1
212 1
216 1
221 1
236 1
244 1
248 1
251 1
255 1
264 1
265 1
276 1
281 1
289 1
292 1
294 1
305 1
320 1
328 1
338 1
348 1
354 1
384 2
388 3
392 1
399 1
402 1
403 1
404 1
409 1
413 1
422 1
426 1
427 1
428 1
429 1
435 1
438 1
448 1
452 1
456 2
461 1
466 1
468 1
470 1
485 1
486 2
488 1
489 1
491 1
492 1
493 1
496 1
499 1
510 1
511 1
516 1
519 1
523 1
525 2
540 1
544 2
550 1
554 1
555 1
560 1
563 1
565 2
570 1
574 2
584 1
594 1
614 2
616 3
619 1
620 1
622 1
631 1
636 1
639 2
640 1
644 1
649 1
652 1
653 1
654 1
656 1
657 2
658 2
659 1
662 1
666 1
668 1
669 1
670 1
676 1
678 2
680 1
681 1
686 1
687 1
689 1
697 1
701 1
704 1
705 1
706 1
708 1
712 1
714 2
716 1
720 1
721 1
724 1
725 1
726 1
728 1
738 1
739 2
741 1
743 1
745 1
746 2
747 1
749 3
750 1
753 2
755 1
757 1
758 2
759 1
761 1
763 2
764 1
765 1
768 1
770 2
771 1
773 2
774 1
775 1
776 2
777 1
779 2
780 1
781 2
782 1
785 2
786 1
787 1
789 2
790 2
792 2
793 1
794 3
795 2
800 1
802 1
807 1
808 1
810 1
813 1
815 1
818 1
820 2
821 2
826 1
827 1
830 1
834 1
838 1
840 1
841 1
843 1
847 1
849 1
851 1
852 1
858 1
863 1
865 1
871 1
872 1
873 1
874 1
875 1
879 1
880 1
884 1
886 1
888 4
889 2
893 1
894 1
895 1
897 1
906 1
908 1
909 2
916 1
919 1
924 2
927 1
931 1
937 1
939 1
944 1
949 3
950 1
952 1
955 1
961 1
962 1
964 1
967 1
972 1
975 1
982 1
984 2
985 1
986 1
990 1
992 1
995 2
997 1
998 1
999 1
1001 1
1010 1
1016 1
1019 1
1020 1
1022 1
1024 1
1025 1
1033 1
1035 1
1036 1
1044 1
1047 1
1052 1
1054 1
1056 2
1057 1
1062 1
1074 1
1075 1
1076 1
1085 1
1088 1
1092 1
1094 1
1123 1
1129 1
1130 1
1149 1
1157 1
1168 1
1176 1
1177 1
1179 1
1182 1
1183 1
1190 1
1192 1
1207 1
1208 1
1213 2
1214 1
1224 1
1228 1
1236 1
1264 1
1281 1
1297 1
1315 1
