100 4000 50
0 306476
1 516
2 1103
3 1778
4 2297
5 2544
6 2506
7 2249
8 2025
9 1648
10 1288
11 1083
12 752
13 557
14 461
15 302
16 238
17 192
18 148
19 112
20 111
21 74
22 61
23 72
24 54
25 55
26 41
27 33
28 35
29 30
30 25
31 20
32 27
33 11
34 11
35 11
36 10
37 11
38 17
39 11
40 12
41 13
42 9
43 7
44 8
45 7
46 5
47 5
48 6
49 2
50 4
51 5
52 3
53 2
54 8
55 6
56 4
57 3
58 10
59 3
60 4
61 4
62 4
63 7
64 5
65 6
66 3
67 1
68 5
69 4
70 9
71 6
72 2
73 5
75 2
76 4
77 1
78 3
80 3
81 2
82 6
83 3
84 4
85 1
86 2
89 2
90 1
91 2
92 1
94 2
96 1
97 4
99 2
100 5
101 3
102 1
103 1
104 1
105 1
106 2
107 2
108 1
109 3
110 4
112 3
113 2
114 1
116 1
117 4
119 2
120 1
121 1
122 2
124 3
125 1
126 1
127 1
128 2
131 3
132 1
133 1
137 3
138 2
142 1
144 1
146 1
148 1
149 1
150 2
151 1
153 1
155 1
158 1
160 1
161 1
164 1
167 1
168 1
169 2
171 2
172 1
177 3
178 1
179 1
180 1
181 2
182 1
185 1
187 1
189 2
192 2
195 1
197 1
198 1
200 1
201 1
205 1
207 1
208 1
209 2
210 1
212 1
223 1
224 2
226 1
227 1
232 1
233 1
235 2
238 1
246 1
255 3
257 1
261 1
265 1
266 1
267 1
268 2
272 1
273 1
275 2
276 2
277 1
278 2
280 1
288 1
293 2
295 1
296 1
297 1
307 2
311 1
312 1
313 1
314 1
317 1
319 1
325 1
326 1
329 1
330 1
334 1
336 1
337 1
338 1
339 1
340 2
344 1
347 1
349 2
355 3
356 1
357 1
358 1
359 1
365 3
366 1
371 1
372 1
373 1
378 1
380 1
381 1
385 1
389 1
394 1
398 1
405 1
409 1
410 1
413 2
414 1
416 1
417 1
420 4
421 1
423 1
427 1
429 1
430 1
431 1
433 1
437 1
440 1
441 1
443 1
445 2
446 2
447 2
450 1
454 1
458 2
464 2
466 1
467 2
468 1
470 1
473 1
474 1
476 1
478 1
481 2
483 1
484 1
485 1
486 3
493 1
498 1
501 1
503 1
506 1
507 1
512 1
517 2
519 1
522 1
524 1
525 1
526 2
527 1
532 1
537 2
538 1
539 1
542 1
543 1
546 1
547 2
555 1
557 2
564 1
567 1
568 2
572 1
574 2
575 2
582 1
584 1
585 1
586 1
590 1
592 3
594 1
595 1
602 2
604 1
607 1
608 1
613 1
615 2
617 1
618 1
620 2
626 1
631 1
633 2
643 1
644 1
649 1
653 1
656 1
657 1
658 1
661 1
662 1
663 2
664 1
665 1
667 1
669 1
670 1
671 1
673 1
675 1
677 1
678 1
679 1
682 1
683 2
685 1
687 1
688 1
689 3
691 1
692 1
694 2
695 1
698 1
710 1
712 1
713 1
715 1
716 2
718 2
719 1
720 2
722 2
723 1
725 1
726 1
727 2
731 1
732 2
733 1
734 1
738 1
739 1
741 1
742 2
745 1
755 1
756 1
765 1
766 1
772 1
774 1
775 1
783 2
784 1
788 1
792 1
793 1
794 1
797 1
802 1
803 1
804 1
805 1
807 1
808 1
809 1
810 1
814 1
822 1
830 1
833 2
836 1
837 1
840 2
841 1
843 1
845 1
852 2
857 1
866 1
893 1
894 1
900 1
901 1
906 1
916 1
928 1
929 1
931 1
933 1
943 1
946 1
947 1
960 1
979 1
987 1
997 1
1000 1
1020 1
1021 1
1031 1
1033 1
1049 1
1058 1
1065 1
1072 1
1093 1
1094 1
1098 1
1138 1
1142 1
1151 1
1202 1
1222 1
