100 4000 50
0 313515
1 56
2 239
3 518
4 906
5 1228
6 1532
7 1656
8 1644
9 1585
10 1434
11 1181
12 918
13 758
14 545
15 390
16 301
17 219
18 161
19 118
20 87
21 68
22 39
23 27
24 25
25 19
26 21
27 14
28 8
29 10
30 6
31 4
32 3
33 5
34 7
35 4
36 6
37 4
38 4
39 3
40 1
41 6
42 3
43 2
45 1
46 2
47 3
50 2
51 2
52 1
53 3
56 1
57 1
59 1
61 1
63 1
65 3
66 1
72 2
73 1
74 3
75 1
76 1
82 1
83 2
85 1
86 1
88 1
93 1
94 2
95 3
97 2
98 1
101 1
104 2
105 1
107 1
109 1
111 2
119 1
127 1
129 2
136 1
141 1
154 1
158 1
174 1
177 2
180 1
185 1
189 1
190 1
191 1
195 1
210 1
226 1
236 2
237 1
249 2
257 1
268 1
272 1
301 1
302 1
322 1
329 1
341 1
342 1
355 1
365 1
382 1
384 1
394 1
402 1
404 1
406 1
412 2
413 1
418 1
430 2
432 1
434 2
437 1
438 1
443 1
450 1
452 1
463 1
465 1
466 3
467 1
468 1
469 1
470 2
485 2
486 1
497 1
500 2
504 1
510 1
516 1
526 1
527 1
531 1
532 2
533 1
545 1
546 1
548 1
550 1
554 1
555 1
564 1
565 1
570 1
572 1
587 2
598 1
602 1
612 1
614 1
618 1
626 1
634 1
637 1
644 2
645 1
647 1
649 1
656 2
662 1
665 2
666 1
675 1
676 1
677 1
688 3
689 1
690 1
693 1
694 1
698 1
699 1
701 1
702 1
715 2
717 1
718 1
721 1
723 2
725 1
732 1
734 1
735 2
736 2
738 1
741 1
745 3
748 1
752 2
755 1
759 1
760 1
761 1
762 4
763 1
765 2
766 4
767 1
768 1
769 1
771 1
774 2
778 1
782 2
783 3
785 2
787 3
788 2
789 1
791 4
793 1
797 2
799 1
800 1
802 1
803 1
804 1
808 1
810 1
811 1
816 1
818 1
819 1
824 4
827 1
828 1
830 1
831 1
836 1
837 1
839 1
840 1
841 2
842 2
847 1
849 1
850 1
851 1
852 1
861 2
862 1
863 1
866 2
873 1
875 1
879 1
886 1
893 1
895 1
899 1
905 1
907 1
910 1
911 1
917 1
918 1
923 1
924 1
925 1
928 1
929 5
936 1
938 2
940 2
941 1
943 2
949 1
951 1
954 1
958 1
960 1
963 1
964 1
965 1
970 2
971 1
974 1
978 1
979 1
980 1
983 1
985 2
986 1
987 1
994 1
995 1
1003 1
1006 1
1008 1
1011 1
1012 1
1018 1
1025 1
1030 1
1031 1
1035 1
1037 1
1038 1
1039 1
1042 1
1044 1
1046 1
1050 1
1055 2
1060 1
1062 1
1063 1
1064 1
1065 1
1068 1
1071 1
1074 1
1085 1
1091 1
1101 2
1110 1
1117 1
1121 1
1122 1
1135 1
1144 1
1151 1
1152 1
1153 1
1160 1
1170 1
1181 1
1185 1
1193 1
1207 1
1214 1
1216 1
1223 1
1231 1
1249 1
1250 1
1251 1
1259 1
1264 1
1281 1
1288 1
1338 1
