100 4000 50
0 314466
1 37
2 157
3 360
4 711
5 1005
6 1309
7 1451
8 1518
9 1471
10 1335
11 1158
12 990
13 800
14 621
15 484
16 362
17 267
18 192
19 145
20 91
21 76
22 57
23 44
24 35
25 27
26 11
27 19
28 6
29 12
30 9
31 5
32 5
33 1
34 4
35 12
36 3
37 2
38 1
39 3
40 4
41 2
43 2
44 2
45 2
46 3
47 4
48 3
49 2
50 2
51 1
52 1
53 1
54 4
56 3
57 2
58 1
61 2
65 2
66 1
68 1
69 2
70 1
73 1
75 1
77 2
78 1
79 1
80 1
81 1
85 1
86 2
87 2
88 1
89 1
90 1
96 1
99 1
102 1
107 1
109 1
110 1
114 1
118 1
121 1
122 1
130 1
134 1
136 1
142 1
153 2
161 1
164 1
168 1
170 1
177 1
181 1
182 1
183 1
186 1
188 1
196 1
211 1
217 1
223 1
243 1
254 1
266 1
295 1
301 1
310 1
325 1
354 1
355 1
366 1
368 1
378 1
389 1
390 1
396 1
399 1
405 1
409 1
412 1
414 1
415 1
416 1
419 1
425 1
436 1
438 2
439 1
445 1
451 1
452 1
453 1
457 1
463 1
468 1
469 1
471 1
473 2
486 1
490 1
493 1
494 1
498 1
499 1
502 1
511 1
513 2
516 1
520 1
521 1
527 1
531 1
533 1
535 1
538 1
542 1
546 1
547 1
549 2
552 1
557 2
558 1
563 1
565 1
575 1
587 1
589 1
595 1
607 2
619 1
627 1
633 2
640 1
653 1
655 1
658 1
660 1
663 2
667 1
671 1
673 1
677 1
679 1
680 1
681 1
691 1
702 1
703 1
704 1
707 2
708 1
718 2
720 2
722 1
723 2
724 1
725 1
728 1
730 1
732 1
736 1
737 2
739 1
740 1
741 3
742 1
743 1
745 1
746 1
748 1
751 1
753 1
754 1
755 1
757 1
758 2
759 1
760 1
761 1
763 1
764 1
765 1
766 1
767 1
768 1
769 1
772 1
773 3
774 2
775 2
776 1
777 1
778 1
779 3
780 1
783 2
784 1
786 3
788 2
791 2
793 2
795 1
796 1
798 1
799 1
800 2
801 2
806 1
810 1
815 2
816 1
818 2
820 1
824 1
825 1
826 1
828 1
829 1
831 1
833 2
835 1
848 1
849 2
850 1
851 1
852 1
855 2
858 1
861 1
863 1
864 1
874 1
876 1
883 1
886 2
893 1
896 3
899 1
902 1
903 1
909 1
916 1
918 1
928 1
931 1
932 1
934 1
935 1
936 1
937 2
940 1
942 1
943 1
945 1
947 1
948 1
949 1
953 1
954 1
960 1
961 3
965 1
966 2
974 1
975 1
978 1
979 1
980 1
982 1
985 1
987 2
990 1
991 1
993 1
995 1
998 1
1001 1
1006 1
1010 1
1012 1
1013 1
1015 1
1016 2
1018 1
1021 1
1024 1
1029 1
1030 1
1033 1
1035 1
1036 1
1038 1
1041 1
1044 1
1048 2
1049 1
1050 1
1054 1
1057 1
1068 1
1072 1
1082 1
1097 1
1105 1
1109 1
1114 1
1116 1
1145 1
1166 1
1180 1
1184 1
1188 1
1198 1
1206 1
1207 1
1211 1
1216 1
1218 1
1225 1
1227 1
1228 1
1229 1
1242 1
1265 2
1268 1
1275 1
1279 1
1285 1
1289 1
1295 1
