100 4000 50
0 314253
1 42
2 174
3 390
4 659
5 1081
6 1329
7 1575
8 1510
9 1549
10 1339
11 1222
12 997
13 762
14 646
15 442
16 283
17 260
18 188
19 162
20 88
21 61
22 58
23 36
24 33
25 23
26 13
27 14
28 16
29 11
30 7
31 6
32 5
33 4
34 9
35 5
36 5
37 3
38 7
39 3
40 4
41 2
42 4
43 1
44 3
45 4
46 1
47 2
49 2
50 1
51 5
53 3
54 1
57 3
58 1
61 1
67 2
68 1
69 3
70 1
72 1
74 2
75 1
79 1
82 1
84 1
86 1
89 1
91 1
92 1
98 1
101 1
110 1
111 1
113 1
114 1
115 1
120 2
125 1
126 1
130 1
131 1
134 1
147 1
153 1
154 1
169 1
173 1
181 1
189 1
190 3
198 1
206 1
211 1
232 1
239 1
244 1
258 2
265 1
266 2
276 1
302 1
303 1
327 1
352 1
358 1
366 1
372 1
378 1
382 1
385 1
388 1
389 1
401 1
410 1
415 1
417 1
422 1
425 2
427 1
430 2
433 1
441 1
444 1
455 1
457 2
470 1
472 1
478 2
480 1
485 1
486 1
487 2
491 2
503 1
506 1
516 1
519 1
527 1
529 1
530 1
531 2
539 1
542 2
547 1
561 1
562 1
563 1
565 1
567 1
574 1
583 1
586 1
587 1
604 1
606 1
608 1
621 1
622 1
624 1
629 1
634 1
640 2
641 1
645 1
648 1
653 1
655 1
662 1
664 2
667 1
674 1
675 1
679 2
680 1
685 1
687 1
689 2
697 2
699 1
700 1
703 1
706 1
709 1
713 2
714 2
715 1
721 1
726 1
729 1
731 1
733 3
735 1
737 4
739 2
740 1
744 2
745 1
748 1
750 1
751 1
752 2
759 1
760 2
763 2
764 1
765 1
766 1
767 1
768 1
769 2
772 2
773 1
776 1
778 1
779 1
781 1
782 1
784 1
785 1
786 1
787 2
788 2
790 2
792 1
794 2
796 1
799 2
800 1
801 2
803 1
804 2
805 1
808 2
810 1
812 1
814 2
816 1
817 1
818 1
820 1
821 1
822 2
823 1
824 2
827 2
831 1
832 1
835 1
839 1
840 2
843 1
844 1
845 1
846 1
847 1
850 1
853 2
854 1
855 1
865 1
868 1
869 1
877 1
878 1
887 2
893 1
895 1
900 1
903 1
911 2
912 1
914 1
920 1
921 1
927 1
929 1
938 1
940 1
941 1
942 2
944 1
949 1
951 1
953 1
954 1
955 1
956 1
957 1
964 2
965 2
967 1
970 1
979 1
980 2
981 2
988 1
990 1
991 1
992 1
993 2
996 1
1000 1
1001 2
1005 1
1006 1
1010 1
1012 1
1015 1
1017 1
1020 1
1021 2
1023 1
1030 1
1031 1
1033 1
1034 1
1039 1
1040 1
1045 1
1049 1
1050 1
1055 1
1060 1
1065 1
1069 1
1070 1
1092 1
1097 1
1098 1
1117 1
1124 1
1127 2
1138 1
1148 1
1150 1
1156 1
1162 1
1166 1
1169 1
1173 1
1185 1
1189 1
1190 1
1201 1
1202 1
1215 1
1221 1
1226 1
1235 1
1237 1
1241 1
1253 1
1270 1
1281 1
1283 1
1286 1
1315 1
