100 4000 50
0 288725
1 1270
2 2246
3 3022
4 3346
5 3345
6 3279
7 3146
8 2829
9 2513
10 2204
11 1858
12 1616
13 1448
14 1234
15 1036
16 886
17 719
18 725
19 565
20 484
21 382
22 340
23 280
24 244
25 212
26 191
27 179
28 133
29 123
30 118
31 105
32 84
33 97
34 57
35 52
36 48
37 49
38 47
39 39
40 28
41 35
42 35
43 23
44 20
45 20
46 20
47 21
48 14
49 13
50 14
51 10
52 13
53 11
54 9
55 4
56 5
57 5
58 3
59 5
60 3
61 6
62 3
63 6
64 5
65 1
66 2
67 4
68 2
69 2
70 2
71 4
72 5
73 3
74 2
76 1
77 3
78 3
79 1
81 1
82 1
83 1
84 1
85 2
86 2
87 1
89 1
90 1
91 2
92 1
93 1
95 1
96 1
97 1
109 1
111 1
114 2
121 1
128 1
131 1
149 1
154 1
161 1
222 1
