100 4000 50
0 311996
1 137
2 439
3 808
4 1286
5 1692
6 1870
7 1941
8 1764
9 1675
10 1363
11 1074
12 814
13 723
14 485
15 348
16 234
17 153
18 119
19 82
20 52
21 34
22 35
23 33
24 13
25 18
26 14
27 4
28 9
29 6
30 9
31 3
32 1
33 5
34 4
35 3
36 3
37 3
38 4
39 5
40 1
41 3
42 1
43 2
45 1
46 1
47 1
48 2
49 1
50 1
51 2
52 4
53 1
54 2
56 2
57 1
58 1
59 1
60 1
61 1
66 2
68 1
69 1
70 2
71 1
74 2
77 1
82 1
84 1
85 1
86 1
87 1
88 1
90 4
91 1
94 1
97 1
98 1
99 1
100 1
103 1
104 3
105 2
107 1
109 1
113 1
114 1
115 1
116 1
117 1
121 1
126 1
127 1
132 1
134 1
136 1
141 1
149 1
151 1
155 1
157 1
161 2
174 1
194 1
202 1
205 1
210 1
215 1
219 1
238 1
247 1
262 1
272 1
274 1
277 1
289 1
309 1
315 1
320 1
321 1
328 1
331 1
338 1
351 1
354 1
361 1
363 1
366 1
375 1
376 1
387 1
390 1
401 1
404 1
409 1
413 2
414 2
424 1
425 1
429 1
432 1
436 1
440 1
446 1
447 1
448 1
451 1
456 1
465 1
467 2
470 2
474 1
475 1
485 1
486 1
491 1
494 1
498 2
504 1
511 1
512 1
519 1
520 1
524 1
526 2
531 1
540 1
550 1
561 1
563 2
566 2
573 1
575 1
584 1
591 1
597 1
602 1
603 1
612 2
618 1
619 1
621 1
623 1
630 1
633 1
636 1
639 1
640 1
645 1
646 1
647 1
650 1
653 1
656 1
663 1
669 1
672 1
673 1
678 1
683 1
684 1
686 1
687 1
692 1
698 1
701 1
703 1
704 1
705 1
712 1
714 2
716 1
721 3
725 1
727 1
729 1
731 1
733 1
734 2
738 2
739 1
743 1
744 2
746 2
748 2
749 1
752 1
753 2
756 5
757 1
760 3
761 2
762 1
764 1
765 1
766 1
768 1
771 2
774 1
776 3
778 1
779 1
780 2
781 1
785 2
787 1
790 2
792 1
793 1
794 1
798 1
799 2
801 1
803 2
804 1
805 2
806 2
810 1
812 1
813 1
814 1
816 1
819 2
820 1
821 3
822 1
823 3
824 2
826 1
830 1
832 3
834 1
838 1
839 1
843 1
850 2
852 1
857 1
859 1
860 1
862 1
866 1
867 1
871 1
872 1
877 1
879 1
882 1
884 1
887 1
889 1
890 1
891 1
904 1
905 1
912 3
920 1
923 1
929 1
931 3
935 1
936 1
938 1
942 1
943 1
944 2
960 1
962 2
965 1
969 1
972 2
973 1
975 1
977 1
980 1
981 2
984 1
985 1
988 1
990 1
992 1
993 1
998 1
1003 1
1004 1
1005 1
1006 1
1016 1
1023 1
1024 1
1026 1
1028 1
1030 1
1032 1
1033 1
1036 1
1042 1
1046 1
1050 2
1051 1
1056 1
1058 1
1062 1
1067 2
1079 1
1090 1
1101 1
1103 1
1107 2
1115 1
1119 1
1129 1
1149 1
1159 1
1168 1
1179 1
1198 2
1205 1
1213 1
1214 2
1215 1
1218 1
1224 1
1225 2
1227 1
1230 1
1231 1
1234 1
1251 1
1281 1
1290 1
1308 1
