100 4000 50
0 313767
1 67
2 202
3 503
4 802
5 1152
6 1481
7 1599
8 1706
9 1540
10 1388
11 1120
12 971
13 746
14 579
15 439
16 299
17 246
18 168
19 109
20 92
21 59
22 38
23 36
24 29
25 23
26 8
27 20
28 14
29 7
30 11
31 3
32 8
33 7
34 1
35 8
36 2
37 3
38 4
39 4
41 4
42 2
43 3
44 3
45 1
46 1
47 4
48 6
49 1
50 1
52 2
53 1
54 3
55 1
56 1
57 2
58 1
59 2
60 1
61 2
62 2
65 1
67 1
68 2
69 1
72 2
76 2
78 1
79 1
80 1
82 1
85 2
86 1
88 1
90 2
94 1
96 1
100 2
101 2
103 1
104 1
107 1
109 1
114 1
120 1
126 1
129 1
134 1
135 1
138 1
143 1
144 1
156 1
158 1
167 1
172 1
174 1
192 1
203 1
219 1
222 1
242 1
247 1
252 1
253 1
254 1
255 1
256 1
276 1
283 1
305 1
307 1
318 1
319 1
322 1
339 1
345 1
362 1
369 2
370 1
374 1
383 1
386 1
387 1
389 1
395 1
401 1
406 1
414 1
417 1
423 1
429 1
431 1
441 1
446 1
447 1
455 2
460 1
463 1
473 1
476 1
479 1
484 1
495 1
496 1
504 1
505 1
509 1
513 1
515 1
516 2
521 1
527 1
530 1
531 1
533 1
535 1
537 1
539 1
544 1
552 1
565 1
578 1
583 1
584 1
586 1
588 2
589 1
598 1
606 1
608 1
609 1
612 1
614 1
638 1
641 2
642 2
643 1
645 1
646 2
650 2
651 1
654 2
663 2
666 1
675 1
681 1
684 1
690 1
695 1
699 1
700 1
701 1
705 1
707 1
709 1
716 1
718 1
719 1
720 1
721 2
722 1
725 2
726 1
727 1
728 2
734 1
736 1
737 2
738 1
744 1
748 2
749 1
750 1
751 2
757 1
758 3
760 1
762 1
764 1
766 2
767 1
768 1
770 2
771 2
772 1
773 2
774 3
775 1
779 1
780 2
781 2
782 1
784 3
785 1
789 1
790 1
792 2
793 1
796 2
797 1
799 1
800 2
801 1
802 2
803 2
804 2
806 1
807 1
808 1
811 1
812 1
813 1
814 1
817 1
819 1
820 1
822 2
823 1
824 1
834 1
836 1
839 1
841 1
846 1
848 1
852 1
853 1
858 1
866 1
867 1
871 2
872 1
873 1
875 1
876 1
877 2
883 1
889 1
892 1
896 2
900 1
902 1
906 1
907 2
908 1
916 1
917 1
919 2
926 1
928 1
932 1
934 1
936 3
944 1
949 1
955 1
956 1
959 1
960 2
961 1
969 2
971 1
972 2
977 2
979 1
981 2
986 2
992 2
994 1
997 1
999 1
1000 1
1002 2
1003 2
1005 1
1008 1
1011 1
1012 1
1014 1
1021 1
1024 1
1027 2
1030 1
1032 1
1033 1
1036 1
1039 1
1041 1
1045 1
1046 1
1049 1
1052 1
1055 1
1058 1
1062 1
1065 1
1069 1
1089 1
1091 1
1103 2
1119 1
1128 1
1144 2
1149 1
1173 1
1174 1
1180 1
1183 1
1186 1
1192 1
1203 1
1211 1
1216 2
1220 1
1229 2
1241 1
1243 1
1247 1
1263 1
1282 1
1298 1
1301 1
1305 1
