100 4000 50
0 314627
1 38
2 151
3 365
4 614
5 951
6 1237
7 1355
8 1532
9 1428
10 1355
11 1220
12 947
13 821
14 625
15 526
16 375
17 284
18 225
19 137
20 97
21 83
22 48
23 52
24 37
25 32
26 16
27 17
28 9
29 14
30 4
31 6
32 8
33 4
34 4
35 3
37 5
38 2
39 1
40 4
41 1
42 3
43 2
44 3
45 4
46 1
47 2
48 4
50 2
51 4
53 4
54 3
56 1
57 1
59 1
60 4
61 2
65 1
66 1
67 1
68 1
69 4
75 1
76 1
77 1
78 1
80 1
81 1
83 1
85 2
88 2
89 1
91 3
94 1
97 2
104 1
107 1
111 1
112 1
116 1
125 1
127 1
129 1
130 1
133 1
134 1
135 1
136 1
138 1
143 2
150 1
157 1
159 1
191 1
195 1
199 1
202 1
204 1
215 1
216 1
221 2
227 1
230 1
237 1
250 1
252 1
269 1
288 1
302 1
321 1
343 1
347 1
351 1
355 1
365 1
368 1
372 1
378 1
386 1
390 1
396 1
399 1
411 1
413 2
422 1
425 1
432 2
443 1
455 1
461 1
464 1
465 1
469 2
470 1
471 1
472 1
474 1
475 1
483 1
487 1
491 2
498 1
503 1
505 2
508 2
514 1
517 1
525 1
529 1
530 1
534 1
535 1
536 1
537 1
542 1
548 1
551 1
557 1
560 1
563 2
566 1
569 1
570 1
592 2
593 2
603 1
614 1
615 1
617 1
624 1
633 1
636 1
638 1
645 1
647 1
648 1
650 1
656 1
661 1
665 2
668 1
678 1
682 1
684 1
685 1
686 1
689 1
691 1
692 2
699 1
706 1
708 1
711 1
713 1
714 1
716 1
717 1
718 1
720 1
722 2
728 2
732 1
733 1
735 2
738 2
739 2
740 2
741 2
742 1
744 1
745 1
746 1
749 1
751 1
752 2
753 2
754 1
755 2
756 1
759 1
760 1
761 1
762 2
763 1
764 1
765 1
767 3
768 1
772 1
773 1
774 1
776 1
777 3
778 1
779 2
780 2
784 2
785 1
788 3
789 1
790 1
795 1
798 1
799 2
800 2
802 1
805 1
806 1
807 1
810 1
811 1
812 1
816 1
818 1
820 1
824 1
827 1
828 1
829 1
831 1
835 1
838 1
843 1
847 1
853 1
855 2
856 2
861 1
869 1
870 2
872 1
877 1
881 1
884 2
887 1
890 1
892 2
893 1
895 1
899 1
902 1
904 1
905 1
911 1
912 1
916 1
921 1
929 1
932 1
935 1
936 1
943 1
945 1
946 1
949 1
950 1
952 1
954 1
955 1
962 1
970 3
972 1
975 2
976 1
978 1
980 1
981 1
982 1
983 1
984 1
985 2
986 1
987 1
989 4
991 1
993 1
995 1
997 1
998 1
1000 1
1002 1
1006 2
1011 1
1012 1
1017 1
1019 1
1025 1
1034 1
1036 1
1038 1
1040 1
1047 1
1055 2
1059 1
1072 1
1077 1
1080 1
1083 1
1090 1
1099 1
1104 1
1106 1
1110 1
1112 1
1124 1
1129 1
1136 1
1137 1
1143 1
1144 1
1153 1
1168 1
1180 1
1181 1
1188 1
1201 1
1202 1
1203 1
1219 1
1221 1
1232 2
1237 1
1250 1
1264 1
1265 1
1282 1
1287 1
1290 1
1344 1
