100 4000 50
0 312871
1 84
2 270
3 636
4 1029
5 1370
6 1655
7 1869
8 1818
9 1601
10 1411
11 1178
12 928
13 744
14 502
15 365
16 257
17 167
18 120
19 98
20 59
21 49
22 39
23 19
24 26
25 19
26 16
27 13
28 4
29 7
30 6
31 9
32 4
33 7
34 3
35 4
36 1
37 4
38 1
39 3
40 1
41 2
42 2
43 3
44 2
45 1
46 1
47 3
48 1
49 1
50 3
51 2
52 1
53 1
54 3
55 2
56 1
61 1
62 1
63 2
67 1
69 2
70 2
74 2
75 2
76 3
78 1
79 1
80 1
81 1
82 1
83 1
86 1
90 1
94 2
96 1
98 1
104 1
106 1
109 1
112 2
119 1
120 2
124 1
125 1
126 1
127 1
130 1
137 1
147 1
153 1
169 1
171 1
185 1
191 1
194 1
202 2
206 1
212 1
226 1
227 1
231 1
239 1
246 1
248 1
253 1
269 1
272 1
288 1
305 1
316 1
320 1
322 1
347 1
355 1
360 1
369 1
371 1
372 1
382 1
385 1
386 1
395 1
401 1
411 1
412 3
415 1
421 1
426 2
428 1
437 2
442 1
447 1
450 1
458 1
460 1
464 1
468 1
471 1
476 1
482 1
490 2
495 1
500 1
509 1
510 1
513 1
516 1
520 1
521 1
524 1
525 1
528 1
530 1
531 1
532 1
534 1
536 1
539 1
540 1
544 1
545 1
549 1
559 1
569 1
578 1
581 1
591 1
594 1
596 1
597 1
603 1
612 1
613 1
617 2
620 1
622 1
624 1
631 1
635 1
639 1
642 1
645 2
656 1
657 1
661 1
662 1
679 1
684 1
686 1
692 1
694 1
698 1
699 2
702 4
703 1
705 1
707 1
708 1
709 1
712 1
717 1
720 2
721 1
728 2
730 1
731 1
732 1
733 2
734 1
735 1
739 1
740 3
742 1
743 1
746 1
748 1
749 1
750 2
753 1
754 1
755 1
756 1
757 2
759 1
761 2
762 2
764 1
767 3
768 1
771 1
772 1
774 2
775 1
778 1
779 1
780 2
782 1
783 1
784 1
785 3
786 2
790 2
791 1
793 2
796 1
797 1
799 2
802 1
803 1
804 2
806 1
812 2
815 1
816 1
819 1
823 3
825 3
829 1
830 1
836 1
839 2
841 1
842 1
844 1
845 1
846 1
848 1
851 2
854 1
855 1
856 1
858 1
864 1
868 1
871 1
873 1
874 1
877 1
881 1
884 1
890 1
891 1
894 1
896 1
900 1
903 2
907 1
908 2
915 1
916 1
917 1
919 1
921 2
923 1
924 1
925 1
935 1
938 1
940 1
944 1
950 1
957 1
958 1
965 1
966 1
968 1
969 1
970 2
971 1
972 1
974 1
977 1
978 1
982 1
983 1
993 2
994 1
995 1
996 1
1000 1
1003 1
1004 1
1007 1
1009 1
1010 1
1015 2
1021 1
1028 1
1030 2
1031 2
1032 1
1033 2
1034 1
1042 1
1044 1
1050 1
1051 1
1055 1
1061 1
1066 1
1072 1
1076 1
1082 1
1092 1
1100 1
1108 1
1109 1
1119 1
1135 1
1143 1
1150 2
1153 1
1157 1
1189 1
1190 1
1200 1
1206 1
1210 1
1215 1
1217 1
1221 2
1228 1
1230 1
1244 1
1246 1
1255 1
1259 1
1279 1
1285 1
1287 1
1288 1
