100 4000 50
0 293500
1 1055
2 1897
3 2625
4 2860
5 2966
6 2697
7 2586
8 2356
9 2089
10 1927
11 1651
12 1375
13 1257
14 1097
15 950
16 801
17 658
18 514
19 556
20 455
21 376
22 356
23 286
24 288
25 214
26 191
27 174
28 144
29 133
30 120
31 112
32 91
33 96
34 83
35 79
36 76
37 57
38 56
39 49
40 50
41 46
42 40
43 29
44 34
45 30
46 33
47 26
48 27
49 30
50 22
51 16
52 15
53 14
54 20
55 17
56 16
57 16
58 17
59 7
60 8
61 7
62 5
63 13
64 9
65 6
66 7
67 9
68 5
69 10
70 6
71 12
72 7
73 3
74 4
75 7
76 4
77 5
78 3
79 4
80 3
81 4
82 4
83 7
84 5
85 2
86 8
87 5
88 4
89 5
90 1
91 4
92 2
93 1
94 2
95 1
96 2
97 3
98 2
99 3
100 3
102 4
103 2
104 1
105 5
106 2
107 1
109 3
110 1
111 2
113 1
114 3
115 1
116 1
117 1
118 1
119 1
122 4
123 1
124 3
125 1
126 1
128 2
129 1
130 2
131 3
132 1
133 2
134 2
135 1
136 1
137 1
138 1
141 1
145 1
147 1
148 1
149 1
150 2
151 1
152 1
153 1
155 1
157 1
161 3
163 1
165 1
166 2
170 1
172 2
174 1
176 1
179 1
184 1
185 1
186 2
187 1
189 1
190 1
191 1
195 1
204 1
211 1
237 1
238 1
249 1
259 1
265 1
283 2
290 1
292 1
293 1
295 1
299 1
328 1
351 1
482 1
