154 37 27 24 23 23 23 22 22 21 20 20 19 19 19 19 18 18 18 18 
130 39 32 28 26 25 23 23 23 23 23 22 21 21 21 21 19 19 19 19 
179 38 30 26 26 25 22 22 22 22 22 22 22 22 21 21 21 19 19 19 
151 42 32 28 25 24 23 21 21 20 20 20 20 20 20 20 20 18 18 18 
169 39 32 28 24 24 20 20 19 19 19 19 19 19 19 19 19 19 19 19 
121 37 30 26 26 24 23 22 22 22 22 21 20 20 20 19 19 18 18 18 
172 43 30 26 26 24 24 24 23 22 22 21 21 21 21 21 21 21 21 21 
177 39 31 24 23 20 20 20 20 20 19 19 19 19 19 19 19 19 19 19 
146 39 30 28 26 25 24 23 23 23 22 21 20 20 20 20 20 20 20 20 
130 27 25 25 25 24 23 23 21 21 20 19 19 18 18 18 18 18 17 17 
140 36 29 29 25 24 23 22 22 22 22 22 21 19 19 19 19 19 19 19 
203 46 31 29 27 25 24 23 21 21 21 20 20 19 19 19 19 19 19 19 
145 39 31 28 24 23 23 22 21 21 21 19 19 19 19 19 19 19 19 19 
129 35 28 22 21 21 21 21 21 21 20 20 20 19 19 19 19 19 19 19 
168 37 32 29 25 25 25 25 25 24 23 23 22 22 22 21 21 21 21 20 
160 43 29 26 25 25 25 24 24 24 23 22 22 21 21 21 20 20 19 19 
115 34 29 26 23 23 23 23 22 21 21 21 21 21 21 21 21 19 18 18 
149 40 33 29 26 24 21 21 20 19 19 19 19 19 19 19 19 19 19 19 
165 42 34 28 26 23 22 21 21 21 21 21 21 21 20 20 20 20 20 20 
136 34 29 26 24 23 22 22 21 21 21 21 21 21 21 21 21 21 21 21 
150 48 34 32 28 27 25 23 23 22 22 22 21 21 21 21 21 21 21 21 
177 39 29 26 25 23 20 19 19 18 17 17 17 17 16 16 16 16 16 16 
163 39 31 25 25 24 23 23 21 20 20 19 19 18 18 18 18 18 18 18 
153 34 29 26 25 24 24 24 23 21 21 21 19 19 19 19 18 17 17 17 
161 36 31 28 27 24 23 22 21 21 20 20 19 19 19 19 19 19 19 19 
130 33 29 29 28 25 22 22 21 21 21 21 20 20 20 20 20 20 20 20 
171 42 31 27 23 21 21 21 21 20 20 20 20 20 20 19 19 19 18 18 
160 36 30 27 27 25 23 21 21 21 21 21 21 20 20 19 19 19 19 19 
156 41 34 28 25 23 23 23 23 21 21 21 21 21 20 20 19 18 18 18 
144 46 32 30 29 26 24 24 23 23 23 23 22 22 22 22 22 22 22 22 
157 38 28 24 22 22 21 20 20 20 20 20 20 18 18 18 18 18 18 18 
124 36 27 26 24 24 24 23 23 23 23 23 22 22 21 20 19 19 19 19 
103 35 29 25 25 24 24 24 23 23 23 21 20 20 20 19 19 19 19 19 
164 40 29 26 23 23 22 21 21 21 21 21 20 20 20 20 20 20 20 20 
195 47 29 27 24 23 23 23 23 22 22 21 21 20 20 20 20 20 19 19 
169 36 31 27 27 24 24 22 22 22 20 19 18 18 18 18 18 17 16 16 
152 33 29 26 24 22 21 21 20 19 18 18 18 18 18 18 18 18 18 18 
159 37 27 25 22 22 20 19 19 19 18 17 17 17 16 16 16 16 16 16 
140 35 29 28 26 26 24 23 23 23 21 21 21 21 20 20 20 20 20 20 
157 40 29 28 26 24 23 21 20 19 19 19 19 19 19 19 19 19 19 18 
121 37 28 23 21 21 21 20 20 19 19 19 19 19 19 18 17 17 17 17 
200 46 29 27 27 26 25 23 23 22 19 19 19 19 19 19 19 19 19 18 
159 40 35 27 23 22 21 21 20 20 20 20 20 20 19 19 19 19 19 19 
140 38 31 28 27 25 24 22 21 20 20 20 19 19 19 19 19 19 19 19 
151 35 28 26 23 22 21 21 21 21 21 21 20 19 19 19 19 19 19 19 
128 35 29 25 23 23 23 23 23 21 21 21 21 21 20 19 19 18 18 18 
161 33 27 26 25 24 23 21 21 21 21 20 20 20 20 20 19 19 19 19 
136 31 26 25 24 23 22 22 22 22 22 22 22 22 22 22 22 22 22 21 
158 41 30 27 25 24 24 24 23 23 23 23 22 21 21 21 21 20 20 20 
137 50 33 30 28 27 27 23 21 21 21 20 20 20 20 20 20 20 20 19 
