1092 713 535 434 357 308 255 201 152 102 76 65 51 47 43 39 39 37 35 35 
1099 708 533 413 350 301 260 210 161 122 94 73 57 54 48 39 38 36 33 33 
1096 718 523 412 347 293 241 189 140 111 81 68 60 53 47 41 40 39 39 39 
1106 705 540 439 368 315 277 242 214 176 137 105 76 65 51 48 46 43 41 40 
1107 708 541 428 341 293 254 213 177 152 127 104 79 63 54 48 43 41 41 37 
1100 718 544 434 363 316 268 226 176 144 110 89 72 63 54 49 45 42 40 38 
1091 722 522 423 345 286 243 196 157 122 100 83 68 65 57 51 47 47 44 43 
1077 695 527 438 365 318 276 222 179 136 99 71 59 44 39 39 38 36 35 35 
1105 709 528 433 364 315 285 250 200 155 127 101 77 64 59 54 51 51 46 42 
1092 697 531 441 363 311 273 239 207 179 140 119 101 85 70 62 60 55 50 48 
1100 718 531 429 361 326 275 231 200 158 120 92 79 71 60 48 46 46 43 41 
1069 736 545 433 367 315 287 251 228 192 165 134 108 92 75 64 54 51 46 45 
1088 720 529 419 359 303 249 213 184 165 139 117 91 76 60 55 50 47 45 43 
1083 720 541 443 374 310 260 236 197 161 135 110 87 66 60 50 43 42 39 38 
1114 711 532 443 363 313 275 240 201 168 133 111 90 78 57 51 43 39 37 37 
1110 691 526 427 353 310 261 206 153 114 92 71 64 57 52 46 44 40 40 38 
1089 681 511 408 351 305 268 233 180 140 96 72 56 49 42 40 38 34 33 31 
1104 710 530 431 368 307 264 229 181 132 92 74 60 53 47 45 43 41 40 39 
1070 703 523 434 362 314 274 237 190 156 117 89 69 60 54 46 42 38 37 37 
1108 731 547 441 369 315 276 244 199 157 111 85 70 60 51 44 40 37 37 36 
1103 699 514 417 357 303 257 220 190 162 138 120 107 81 71 63 58 53 49 47 
1116 703 515 428 362 303 262 227 183 141 107 88 71 58 47 45 45 41 40 38 
1098 696 517 416 346 291 247 206 168 143 124 100 84 75 63 55 53 49 47 46 
1098 719 541 434 358 302 250 211 170 135 102 73 62 53 47 42 37 37 36 35 
1114 712 523 437 375 317 270 246 205 157 124 100 78 66 59 50 46 42 40 40 
1099 700 517 416 364 304 271 233 200 166 125 98 78 65 55 48 45 43 42 42 
1123 737 547 431 356 305 264 222 188 157 126 110 96 80 70 59 56 45 41 37 
1132 713 517 426 333 268 216 161 119 89 69 58 53 51 49 44 40 40 40 35 
1119 736 539 422 355 299 259 212 166 118 89 73 59 52 51 44 43 41 36 36 
1077 698 511 421 347 299 258 226 175 134 113 89 78 65 57 52 44 42 39 36 
1094 695 521 422 345 293 262 224 184 144 99 75 62 50 44 38 36 35 34 34 
1099 707 525 436 370 313 263 218 178 137 101 81 64 54 47 43 42 41 39 37 
1093 725 540 438 365 314 269 228 208 179 144 117 98 79 63 52 45 44 41 40 
1111 718 538 429 358 311 276 225 186 138 105 76 64 56 49 44 41 39 37 34 
1097 709 531 423 353 300 250 213 164 133 95 76 61 51 45 42 41 38 35 33 
1118 707 535 437 347 305 253 204 154 131 107 82 66 58 56 52 49 44 40 37 
1102 718 536 417 355 290 248 198 146 102 79 63 58 54 48 46 45 43 41 39 
1099 695 536 424 367 308 278 247 219 181 143 118 93 75 66 56 51 47 45 43 
1085 700 529 424 350 309 270 234 209 175 133 101 78 71 64 54 48 45 42 41 
1077 701 538 432 369 319 273 249 211 182 148 121 99 79 62 56 51 45 41 39 
1085 712 527 414 344 289 254 219 183 141 107 86 74 65 57 52 49 48 45 45 
1116 732 558 444 355 302 256 214 166 126 95 73 54 48 45 39 37 37 35 35 
1097 715 550 443 375 326 280 238 194 141 106 76 57 46 44 41 39 39 37 35 
1103 726 551 433 358 313 260 215 180 150 111 81 61 55 50 46 45 42 40 39 
1099 705 539 431 355 313 275 236 187 132 103 72 63 57 46 43 41 41 40 38 
1058 686 505 410 349 311 269 236 201 167 137 110 92 77 67 59 56 49 46 42 
1106 729 546 442 377 324 285 245 208 175 146 113 91 74 64 61 54 52 50 46 
1119 716 533 436 358 300 242 200 155 123 89 74 61 53 48 45 43 40 36 35 
1118 723 551 439 376 309 264 215 179 141 101 86 74 59 49 45 41 39 38 36 
1105 727 529 428 369 321 278 252 219 184 149 119 92 79 65 57 48 44 40 38 
