50 3000 50
0 124990
1 629
2 824
3 771
4 567
5 381
6 280
7 135
8 102
9 58
10 52
11 41
12 43
13 23
14 28
15 22
16 22
17 15
18 12
19 12
20 15
21 6
22 12
23 5
24 8
25 11
26 7
27 6
28 10
29 11
30 6
31 5
32 1
33 2
34 8
35 4
36 7
37 7
38 4
39 4
40 4
41 4
42 7
43 2
44 6
46 2
47 2
48 3
49 3
50 5
51 1
52 2
53 1
54 3
55 3
56 2
57 2
58 2
59 2
60 5
61 3
62 4
63 2
65 1
66 2
68 5
69 1
70 3
71 1
72 1
75 1
76 1
78 2
80 1
81 2
83 1
85 1
86 3
88 1
89 1
90 1
91 3
92 1
93 1
94 2
96 1
98 1
99 3
100 3
107 1
109 2
110 1
111 2
114 1
118 2
119 1
120 2
122 1
123 1
124 3
125 3
127 2
129 2
133 1
135 2
140 1
141 3
143 2
145 2
149 2
150 3
153 2
157 3
159 1
162 1
163 1
164 1
165 1
167 4
169 1
170 1
174 1
176 1
177 1
180 1
181 1
183 1
184 1
185 1
187 1
188 1
191 1
192 1
194 2
195 1
196 2
197 1
198 1
206 2
208 1
211 1
213 1
217 2
226 1
230 2
233 1
236 2
238 1
245 1
246 1
247 1
248 1
253 1
259 1
267 1
268 2
269 2
270 1
272 1
273 1
274 1
277 2
285 1
299 1
302 1
317 1
318 1
320 1
326 1
330 1
335 1
336 1
341 1
344 1
351 1
353 1
356 1
362 1
364 1
367 1
369 2
370 1
384 1
386 1
388 1
391 1
399 1
402 1
403 1
404 1
407 1
408 1
411 1
425 1
434 2
436 1
450 1
451 1
455 1
457 1
460 1
461 1
470 2
471 1
474 1
476 1
481 1
482 2
487 1
489 1
495 1
496 1
497 1
507 1
508 1
512 1
519 1
534 1
537 1
545 1
553 1
554 1
557 1
560 1
563 1
566 1
568 2
571 1
574 1
581 1
591 1
592 1
596 2
601 1
604 1
605 1
609 3
610 1
611 1
615 1
618 1
621 1
632 1
641 1
643 2
645 1
651 1
652 1
655 1
659 1
660 1
661 1
665 2
673 1
689 1
691 1
694 1
695 1
699 1
700 1
709 1
713 2
714 1
721 1
723 1
728 1
730 1
731 1
736 1
740 1
745 1
748 1
750 1
769 1
771 1
772 1
773 1
775 1
779 2
780 1
784 1
792 1
793 1
800 1
802 1
805 1
807 1
809 1
818 1
826 1
829 1
830 1
831 2
835 1
844 1
868 1
880 1
888 1
891 1
924 1
929 1
946 1
965 1
970 1
987 1
1008 1
1017 1
1021 1
1025 1
1040 1
1046 1
1047 1
1063 1
1103 1
1177 1
