50 3000 50
0 128723
1 2
2 6
3 7
4 18
5 29
6 63
7 71
8 78
9 69
10 79
11 70
12 57
13 53
14 43
15 30
16 31
17 28
18 11
19 13
20 10
21 5
22 8
23 6
24 6
25 1
26 4
27 2
28 4
29 2
31 2
32 1
33 4
34 1
35 1
36 1
37 2
39 1
40 1
41 3
42 1
44 1
45 1
46 2
47 1
50 1
51 1
54 1
56 2
57 1
58 1
62 1
63 1
64 2
65 2
76 1
85 1
87 1
88 1
89 1
100 1
103 1
104 2
116 1
125 1
127 1
133 1
145 1
146 1
155 1
188 1
193 1
194 1
238 1
252 1
294 1
302 1
332 1
335 1
364 1
365 1
381 1
408 1
429 2
430 1
433 1
437 1
443 1
450 1
465 2
466 1
496 1
508 1
511 1
551 1
596 1
640 1
682 1
702 1
753 1
764 1
774 1
777 1
789 1
802 1
803 1
804 1
815 2
818 1
826 1
827 1
829 1
834 2
838 1
843 1
845 1
849 2
851 2
853 1
854 1
856 1
857 1
862 1
871 1
872 1
875 1
878 1
883 1
885 1
909 1
925 1
943 1
970 1
973 1
996 2
1000 1
1031 1
1032 1
1044 1
1051 1
1060 1
1068 1
1074 1
1075 1
1079 1
1081 1
1083 1
1084 1
1100 1
1108 1
1118 1
1120 1
1125 1
1127 2
1129 2
1138 1
1144 1
1146 1
1156 1
1159 1
1166 1
1170 1
1172 2
1173 1
1184 1
1202 1
1205 1
1210 1
1215 1
1217 1
1222 1
1233 1
1236 1
1239 1
1246 1
1250 1
1267 1
1281 1
1288 1
1293 1
1315 1
1326 1
1332 1
1336 1
1342 1
1343 1
1348 1
1351 1
1353 1
1369 1
1370 1
1378 1
1380 1
1381 1
1386 1
1387 1
1391 1
1401 1
1405 1
1411 1
1415 1
1417 1
1420 1
1434 1
1438 1
