50 3000 50
0 128587
1 3
2 9
3 28
4 43
5 69
6 104
7 88
8 88
9 100
10 77
11 70
12 68
13 44
14 39
15 33
16 13
17 6
18 15
19 12
20 12
21 5
22 5
23 4
24 3
25 1
26 4
27 3
28 1
29 3
30 1
31 1
33 1
34 2
35 1
36 3
39 1
40 1
41 1
42 1
44 1
45 2
47 2
48 1
49 1
50 3
51 1
52 1
54 3
55 2
56 1
83 1
88 1
89 1
92 1
96 1
109 1
111 1
112 1
115 1
133 1
137 1
143 1
144 1
156 1
171 2
194 1
199 1
288 1
303 1
336 1
351 1
355 2
378 1
383 1
391 1
394 1
401 1
403 1
415 1
417 1
425 1
444 1
459 1
460 1
467 1
482 1
527 1
534 1
550 1
554 1
760 1
771 1
781 1
788 1
789 1
797 1
803 1
805 1
812 1
817 1
819 2
820 1
821 1
830 1
834 1
839 1
843 1
849 1
851 1
852 1
853 1
854 1
857 1
859 1
860 1
863 2
865 1
867 1
871 1
872 1
882 1
885 1
889 1
898 1
900 1
910 1
912 1
965 1
1020 1
1025 1
1032 1
1034 1
1037 1
1050 1
1052 1
1061 1
1069 1
1070 1
1085 1
1086 1
1092 1
1099 1
1100 1
1107 1
1109 1
1112 1
1114 1
1115 2
1116 1
1127 1
1133 1
1149 1
1150 1
1158 1
1162 1
1163 1
1170 1
1174 1
1181 1
1185 1
1189 1
1193 1
1195 1
1206 2
1216 1
1232 1
1237 1
1239 1
1242 1
1245 1
1248 1
1257 1
1279 1
1295 1
1297 1
1298 1
1313 1
1314 2
1329 1
1337 2
1343 1
1349 1
1356 1
1357 1
1358 1
1362 1
1363 1
1367 1
1369 1
1373 1
1377 1
1385 1
1388 1
1398 1
1414 1
1416 1
1426 1
1437 1
1439 1
1453 1
