50 3000 50
0 128704
2 2
3 8
4 21
5 50
6 65
7 68
8 86
9 96
10 75
11 61
12 53
13 43
14 40
15 34
16 23
17 18
18 17
19 16
20 9
21 3
22 9
23 5
24 6
25 5
26 7
27 5
28 3
30 3
31 1
32 1
34 2
35 2
36 1
37 1
39 1
40 2
41 1
42 1
44 1
45 2
46 1
48 3
49 1
51 1
52 1
53 1
54 1
56 2
57 1
66 2
77 1
79 1
80 1
82 2
84 1
87 1
91 1
92 1
103 1
114 1
136 1
142 1
144 1
149 1
150 1
171 1
174 1
198 1
253 1
278 1
290 1
325 1
352 1
362 1
370 1
372 1
375 1
377 1
379 1
381 1
384 1
389 1
402 1
418 1
440 1
454 1
462 1
473 1
477 1
478 1
488 1
492 1
529 1
564 1
704 1
716 1
755 1
768 1
774 1
775 1
776 1
783 1
795 1
802 1
805 1
809 1
810 1
816 1
819 1
820 1
825 1
835 1
837 1
839 1
840 1
845 1
846 1
859 1
861 1
868 2
869 2
872 1
892 1
897 1
900 2
902 1
909 1
910 1
916 1
952 1
954 1
978 1
984 1
985 1
990 1
1052 1
1053 1
1066 1
1075 1
1076 1
1085 1
1087 1
1100 1
1104 1
1114 1
1118 1
1120 1
1121 1
1123 1
1124 1
1128 1
1131 1
1138 1
1140 1
1149 1
1152 1
1153 1
1156 2
1160 1
1164 1
1181 1
1189 1
1193 1
1194 1
1195 1
1215 2
1217 1
1224 1
1226 1
1232 1
1233 1
1235 1
1237 1
1238 1
1244 1
1249 1
1272 1
1273 1
1290 1
1299 1
1301 1
1305 1
1308 1
1315 1
1333 1
1348 1
1353 1
1360 1
1361 1
1362 1
1364 2
1366 2
1386 1
1388 1
1390 1
1392 1
1404 1
1407 1
1412 2
1420 1
1444 1
1489 1
