50 3000 50
0 128647
1 2
2 4
3 15
4 27
5 55
6 67
7 73
8 95
9 106
10 83
11 68
12 56
13 55
14 36
15 25
16 33
17 13
18 15
19 10
20 9
21 7
22 8
23 7
24 4
25 4
26 2
27 2
28 3
29 4
30 2
32 2
33 2
34 1
36 2
39 1
40 1
43 2
44 2
45 3
48 2
54 1
56 1
62 1
63 1
68 1
69 1
70 1
74 1
75 1
77 1
79 1
80 2
81 2
91 1
109 1
117 1
120 1
124 1
125 2
131 1
133 1
137 1
149 1
172 1
184 1
222 1
268 1
295 1
318 1
319 1
335 1
380 1
381 1
389 1
390 1
392 1
399 1
405 1
407 1
421 1
428 2
433 1
437 1
440 1
452 1
469 1
483 1
516 1
542 1
592 1
638 1
718 1
759 1
772 1
778 1
779 1
787 1
789 1
796 1
805 1
806 1
809 1
811 1
817 2
822 1
824 1
825 1
830 1
832 1
833 1
840 2
842 1
853 1
854 1
855 2
856 1
858 1
866 1
876 1
889 1
891 1
894 1
895 1
898 1
906 1
923 1
930 1
935 1
944 1
997 1
1014 1
1035 1
1051 1
1053 1
1056 1
1058 1
1066 1
1068 1
1071 1
1073 2
1077 1
1082 1
1087 1
1089 1
1090 1
1094 1
1096 1
1103 2
1106 1
1108 1
1117 1
1126 1
1132 1
1133 1
1139 1
1140 1
1153 1
1155 1
1177 1
1178 1
1185 1
1186 1
1196 1
1238 1
1240 3
1242 1
1243 2
1265 1
1273 1
1276 1
1278 1
1281 1
1299 1
1300 1
1302 2
1315 1
1323 2
1339 2
1344 1
1348 1
1353 2
1355 1
1360 1
1362 1
1368 1
1382 1
1386 2
1387 1
1388 1
1410 1
1412 1
1416 1
1426 1
1458 1
