50 3000 50
0 128736
1 1
2 4
3 6
4 26
5 33
6 57
7 53
8 74
9 60
10 73
11 73
12 65
13 55
14 54
15 34
16 23
17 20
18 17
19 15
20 11
21 8
22 9
23 7
24 2
25 5
26 2
27 3
29 1
31 3
32 2
33 1
34 1
35 3
36 2
38 3
39 2
41 2
42 1
43 2
44 1
46 2
49 2
51 1
53 1
57 1
60 3
63 1
70 1
71 1
72 1
76 1
81 1
86 1
95 1
104 1
107 1
108 1
109 1
111 1
119 2
135 1
139 1
144 1
154 1
158 1
172 1
182 1
212 1
227 1
234 1
265 1
311 1
325 1
327 1
331 1
340 1
368 1
369 1
380 1
405 1
418 1
420 1
425 1
429 1
450 1
462 1
472 1
480 1
482 1
488 1
493 1
495 1
526 1
534 1
596 1
741 1
747 1
761 1
783 1
786 1
792 1
802 1
804 1
808 1
815 2
817 1
818 2
822 1
833 1
840 1
842 1
843 1
845 1
852 1
856 1
857 2
860 1
861 1
870 3
877 1
878 1
880 1
881 1
889 1
894 1
912 1
923 1
926 1
927 1
929 1
962 1
985 1
1008 1
1012 1
1038 1
1039 1
1047 1
1049 2
1060 1
1065 1
1068 1
1074 1
1075 1
1079 1
1084 1
1087 1
1092 2
1096 1
1098 1
1099 1
1102 1
1119 1
1124 1
1125 1
1130 1
1136 1
1143 2
1144 1
1150 1
1157 1
1176 1
1178 1
1179 1
1180 1
1197 1
1203 1
1207 1
1209 1
1225 1
1235 1
1246 1
1253 1
1254 1
1267 1
1271 1
1279 1
1287 1
1288 1
1291 2
1308 1
1329 1
1336 1
1361 1
1365 1
1366 2
1369 2
1371 1
1372 2
1384 1
1388 1
1399 2
1401 1
1405 1
1409 1
1423 1
1431 1
1440 1
1456 1
