50 3000 50
0 128479
1 3
2 16
3 45
4 62
5 114
6 118
7 111
8 111
9 108
10 80
11 71
12 62
13 29
14 30
15 18
16 10
17 10
18 14
19 11
20 6
21 5
22 6
23 3
24 4
25 2
26 3
27 4
28 1
29 2
30 3
31 1
32 2
33 2
34 2
36 1
37 2
39 1
40 1
41 2
43 1
46 2
52 1
53 1
54 1
55 1
57 1
61 1
68 1
71 1
84 3
85 1
86 1
87 1
92 1
94 1
97 1
100 1
107 1
119 1
137 1
143 1
146 1
147 1
150 1
250 1
306 1
316 1
323 1
325 1
340 1
342 1
361 1
362 2
369 1
374 1
380 1
401 1
408 1
411 1
423 1
427 1
435 1
437 1
442 1
446 1
447 1
480 1
561 1
562 1
600 1
737 1
764 1
765 2
770 1
775 1
777 1
793 1
799 1
801 1
807 1
810 1
816 1
821 1
822 1
828 1
829 1
830 1
833 1
835 1
837 1
840 1
845 1
847 1
848 1
850 1
852 1
853 1
855 1
860 1
867 1
878 1
888 1
889 1
916 1
917 1
921 1
923 1
942 1
948 1
951 1
1031 1
1038 1
1040 1
1054 1
1063 1
1064 1
1066 1
1071 1
1072 1
1075 1
1077 1
1083 1
1091 1
1092 1
1094 1
1130 2
1131 1
1135 1
1137 1
1142 1
1147 2
1150 1
1152 1
1154 1
1166 1
1167 1
1169 1
1173 1
1183 1
1185 1
1195 1
1196 1
1199 1
1201 2
1202 3
1216 1
1227 1
1235 1
1236 1
1244 1
1248 1
1280 1
1285 1
1308 1
1309 1
1319 1
1324 1
1338 1
1339 2
1340 1
1352 1
1360 2
1369 1
1375 1
1380 1
1381 1
1383 1
1385 1
1396 1
1399 2
1401 1
1402 1
1403 1
1404 1
1419 1
1422 1
1424 1
