50 3000 50
0 114197
1 1420
2 1545
3 1521
4 1305
5 1149
6 1021
7 826
8 755
9 725
10 539
11 481
12 438
13 373
14 335
15 278
16 237
17 257
18 188
19 167
20 171
21 134
22 133
23 121
24 93
25 89
26 75
27 80
28 62
29 64
30 51
31 49
32 37
33 39
34 34
35 34
36 35
37 26
38 33
39 26
40 26
41 24
42 20
43 13
44 17
45 12
46 14
47 13
48 8
49 7
50 12
51 15
52 12
53 15
54 10
55 5
56 6
57 6
58 4
59 4
60 10
61 1
62 6
63 6
64 3
65 3
66 4
67 2
68 5
69 5
70 3
71 4
72 4
74 1
75 3
77 3
78 2
79 2
80 2
81 3
82 2
84 3
86 3
87 1
88 3
90 4
91 2
92 2
93 1
94 5
95 3
96 1
98 2
99 1
101 2
102 1
103 1
104 1
107 1
108 1
109 2
111 1
112 1
114 1
115 1
117 1
118 1
119 1
122 1
123 2
124 2
125 2
130 3
131 1
132 1
136 1
137 1
141 1
144 1
145 2
147 1
149 1
157 1
162 1
178 1
187 1
232 1
