50 3000 50
0 126381
1 319
2 501
3 557
4 446
5 332
6 213
7 124
8 78
9 60
10 39
11 27
12 14
13 13
14 16
15 10
16 7
17 10
18 9
19 3
20 4
21 5
22 6
23 3
24 4
25 5
26 4
27 2
29 4
30 2
31 3
32 2
33 2
34 1
35 2
36 5
37 1
38 3
39 4
40 3
41 3
42 5
43 3
44 1
45 1
46 2
47 3
48 1
50 1
51 2
52 3
53 3
54 5
55 2
56 1
59 2
62 2
63 1
67 1
68 1
70 1
71 3
73 1
75 1
77 3
78 1
83 1
84 1
85 1
86 1
91 4
92 1
95 2
96 1
99 1
100 2
102 1
103 1
104 2
107 1
111 1
112 1
113 1
116 1
117 1
118 1
122 1
127 1
128 1
130 1
131 1
140 1
142 1
144 1
146 2
147 2
150 1
151 1
153 1
154 2
156 1
158 1
159 1
160 1
165 1
167 2
173 1
176 1
178 1
179 1
180 1
181 1
186 2
191 1
202 1
203 2
206 1
210 1
211 2
220 1
221 1
229 1
230 2
232 1
246 1
247 1
248 1
251 1
253 1
254 1
255 1
260 1
266 2
267 1
270 1
271 2
274 1
276 1
277 1
278 1
290 1
291 2
293 1
301 1
302 1
304 1
314 1
336 1
338 1
342 1
345 1
348 3
358 1
365 1
374 1
379 1
381 2
394 1
398 2
401 1
406 2
408 1
410 1
440 1
458 1
465 1
476 1
478 1
485 1
487 1
488 1
498 1
508 1
509 1
513 1
516 1
529 1
532 1
544 1
550 1
553 1
556 1
573 1
597 1
603 1
605 1
610 1
611 2
614 1
615 2
623 1
633 1
637 1
649 1
654 1
655 1
665 1
670 1
681 2
696 1
706 1
709 1
713 1
718 1
719 1
724 1
725 1
727 1
739 1
744 1
745 1
748 1
753 1
755 1
756 1
760 1
761 1
763 1
764 2
768 1
770 1
772 1
776 1
781 1
785 1
787 1
793 1
796 1
799 1
800 1
801 3
804 1
806 1
808 1
811 1
813 1
816 1
817 1
820 1
822 1
823 1
825 1
829 1
830 1
833 1
834 1
839 1
848 1
851 1
857 1
858 1
861 1
863 1
872 1
880 1
882 1
895 1
896 1
905 1
910 1
922 1
939 1
952 1
958 1
966 1
974 1
992 1
1001 1
1002 1
1006 1
1011 1
1015 1
1025 1
1029 1
1030 1
1036 1
1040 1
1042 1
1044 1
1054 1
1072 1
1076 1
1095 2
1099 1
1129 1
1131 1
1143 1
1163 1
1167 1
1169 1
1189 1
1237 1
