50 3000 50
0 128669
1 1
2 8
3 11
4 28
5 40
6 62
7 76
8 81
9 85
10 76
11 78
12 67
13 54
14 37
15 30
16 28
17 21
18 18
19 11
20 15
21 5
22 5
23 7
24 4
25 5
26 6
27 2
28 4
31 2
32 3
34 1
35 3
36 4
39 3
40 2
41 1
42 1
46 1
52 1
54 2
58 1
60 2
61 1
64 1
66 1
67 1
68 1
71 1
72 1
74 1
75 1
78 2
84 1
95 1
103 1
125 1
128 1
138 1
144 1
156 1
163 1
178 1
186 1
213 1
297 1
312 1
322 1
333 1
338 1
354 1
355 1
376 1
381 1
387 1
394 1
401 1
425 1
428 1
431 1
435 1
436 1
438 1
445 1
455 1
457 1
461 1
467 1
491 1
547 1
549 1
716 1
752 1
754 1
771 1
773 2
782 2
794 1
796 1
807 1
808 1
812 1
815 1
826 1
828 1
833 1
843 1
844 2
848 1
849 1
863 1
865 3
869 1
871 1
873 1
876 2
880 1
881 1
887 1
890 1
904 1
906 1
908 1
921 1
943 1
971 1
1008 1
1031 1
1035 1
1043 1
1054 1
1057 1
1058 1
1060 1
1062 1
1065 1
1073 1
1082 1
1085 2
1086 1
1087 1
1095 1
1103 1
1107 1
1108 1
1111 1
1117 1
1120 1
1134 2
1137 1
1145 1
1146 1
1152 1
1153 1
1174 1
1175 1
1176 1
1200 1
1201 1
1207 1
1212 1
1217 1
1224 1
1238 2
1239 1
1256 1
1257 1
1260 1
1264 1
1268 1
1284 1
1301 1
1304 1
1320 1
1327 1
1328 1
1337 1
1343 1
1351 1
1355 1
1358 1
1361 1
1363 1
1367 1
1369 1
1376 1
1378 1
1382 1
1383 1
1385 1
1389 1
1399 1
1400 1
1406 1
1417 1
1424 1
1427 1
1428 1
