50 3000 50
0 127273
1 111
2 261
3 299
4 349
5 258
6 245
7 148
8 107
9 60
10 49
11 17
12 20
13 6
14 4
15 7
16 5
17 8
18 4
19 3
20 1
21 4
22 4
23 4
24 2
25 1
26 2
28 2
29 2
30 2
31 3
32 1
33 2
34 1
35 3
37 1
38 2
39 2
40 2
41 1
42 1
43 1
45 1
47 5
52 2
53 1
58 1
59 2
60 1
63 1
64 1
65 2
66 2
67 1
69 2
71 1
72 1
73 2
75 1
77 3
78 2
79 1
85 1
88 1
89 1
92 1
93 1
94 3
95 1
97 1
99 1
105 1
107 1
115 1
117 1
118 1
119 2
125 1
131 1
132 1
138 1
140 2
142 1
144 1
149 2
150 1
155 1
157 1
164 1
171 1
175 2
179 1
181 1
182 1
183 1
208 2
213 1
216 1
219 1
221 1
230 2
231 1
243 2
245 1
250 1
257 1
265 1
266 1
270 1
272 1
273 2
274 1
275 1
279 1
295 1
306 1
308 1
311 1
317 1
318 1
319 1
324 1
329 1
336 1
337 2
342 1
347 1
356 1
372 1
374 1
376 1
408 1
414 1
426 1
432 1
440 1
445 1
454 1
457 1
466 1
469 1
486 1
495 1
502 1
522 1
525 1
566 1
573 1
581 1
606 1
607 1
635 2
639 1
647 1
649 1
650 2
655 1
663 1
668 1
683 1
698 1
701 1
709 1
724 1
725 1
730 1
735 1
736 1
748 1
757 1
761 1
762 1
771 1
776 1
779 1
780 1
782 1
785 1
787 1
790 1
791 1
798 1
799 1
800 2
804 1
805 1
808 2
812 1
813 1
814 1
815 2
817 1
820 1
821 1
825 1
826 1
829 1
831 1
836 1
840 1
845 2
847 1
848 1
851 1
855 1
859 1
861 1
869 1
870 1
871 1
872 1
873 1
875 1
878 1
881 1
888 1
891 1
892 1
913 1
921 1
932 1
933 1
939 1
942 1
951 1
973 1
993 2
995 1
1002 1
1030 1
1032 1
1039 2
1048 1
1049 1
1054 1
1060 1
1070 1
1078 1
1080 1
1084 1
1090 1
1101 1
1107 2
1112 1
1115 1
1120 1
1143 1
1155 1
1162 1
1168 1
1172 1
1178 2
1183 1
1232 1
1243 1
1256 1
1273 1
1304 1
1311 1
1352 1
1359 1
1374 1
