50 3000 50
0 128539
1 3
2 9
3 30
4 49
5 67
6 106
7 110
8 107
9 91
10 97
11 69
12 69
13 45
14 34
15 27
16 20
17 13
18 11
19 6
20 2
21 8
22 3
23 4
24 2
25 4
26 2
27 4
28 5
29 2
31 1
32 2
33 4
34 1
35 2
37 1
39 1
41 1
42 3
43 1
46 2
47 1
52 1
53 1
62 2
64 1
71 1
74 1
75 1
78 1
79 1
80 1
81 1
82 1
86 2
88 1
90 1
94 1
100 1
127 1
140 1
149 1
157 1
162 1
163 1
193 1
214 1
337 1
339 1
347 1
351 1
358 1
363 1
378 1
397 1
401 1
402 1
422 2
430 1
434 1
441 1
446 1
454 1
462 1
463 1
471 1
473 1
494 1
523 1
538 1
562 1
734 1
754 2
773 1
775 1
777 1
782 1
783 1
789 1
792 1
794 1
801 1
807 1
809 1
822 1
828 2
831 2
834 1
839 3
842 1
843 1
846 1
847 1
858 1
868 1
869 1
871 1
874 1
875 1
886 1
887 1
889 1
904 1
909 1
912 1
927 1
961 1
999 1
1012 1
1033 1
1035 1
1047 1
1058 1
1060 1
1062 1
1066 1
1082 1
1085 1
1088 1
1094 1
1097 1
1105 1
1108 1
1112 2
1116 1
1119 1
1132 1
1138 1
1139 1
1140 1
1154 1
1156 1
1160 2
1163 1
1168 2
1171 1
1178 1
1184 1
1194 1
1200 1
1203 1
1215 1
1216 1
1219 1
1220 1
1240 1
1257 1
1268 1
1276 1
1284 1
1291 1
1292 1
1297 1
1302 2
1320 1
1321 1
1328 1
1331 1
1335 1
1345 1
1346 1
1350 1
1358 1
1359 1
1363 1
1368 1
1378 1
1382 2
1403 1
1404 1
1407 1
1415 1
1417 1
1418 1
1425 1
1443 1
1445 1
