50 3000 50
0 128623
2 6
3 24
4 36
5 52
6 64
7 76
8 90
9 84
10 82
11 86
12 63
13 62
14 40
15 35
16 27
17 18
18 19
19 10
20 6
21 8
22 3
23 5
24 2
25 2
26 2
27 3
28 5
29 2
30 3
31 3
34 3
35 2
38 1
39 2
42 1
43 2
46 3
49 1
50 2
55 2
59 1
60 1
61 1
65 1
69 1
74 1
75 1
82 1
83 1
94 1
99 1
104 1
111 2
114 1
119 1
127 1
146 1
150 1
187 1
197 1
198 1
203 1
286 1
293 1
299 1
301 1
305 1
319 1
322 1
335 1
390 1
395 1
409 1
410 1
418 1
424 1
426 1
430 1
433 1
436 1
437 1
442 1
449 1
488 1
496 1
505 2
540 1
562 1
688 1
756 1
765 1
768 1
773 1
783 1
790 2
793 1
794 1
796 1
801 1
810 1
816 1
821 1
823 1
824 1
832 1
833 1
835 2
836 2
848 1
849 1
853 1
859 1
860 1
861 1
864 1
866 1
868 2
870 1
879 1
885 1
889 1
901 1
911 1
912 1
918 1
1008 1
1028 1
1032 1
1040 1
1059 1
1063 1
1064 1
1070 2
1071 1
1078 1
1085 1
1086 1
1092 2
1104 1
1105 1
1114 1
1115 2
1120 1
1123 1
1133 1
1135 1
1136 1
1140 1
1141 1
1144 1
1151 1
1157 1
1159 1
1173 1
1181 1
1182 1
1197 1
1213 1
1215 1
1222 1
1231 1
1234 1
1235 1
1236 2
1252 1
1256 1
1260 1
1274 1
1276 1
1279 1
1299 1
1309 1
1311 1
1318 1
1324 1
1333 1
1334 1
1335 1
1337 1
1338 1
1359 2
1362 1
1372 1
1377 1
1381 1
1383 1
1384 1
1390 1
1392 1
1401 1
1417 1
1420 1
1439 1
1441 1
1444 1
