50 3000 50
0 128387
1 3
2 18
3 50
4 82
5 120
6 158
7 152
8 138
9 94
10 84
11 61
12 44
13 37
14 31
15 16
16 9
17 10
18 6
19 8
20 7
21 3
22 3
23 6
24 4
26 3
27 1
29 4
32 1
33 3
34 2
39 2
40 1
41 1
42 2
44 1
45 1
49 1
50 1
52 1
53 1
55 1
61 1
66 1
67 1
68 2
69 1
72 2
75 1
79 2
80 1
84 1
85 1
94 1
103 1
110 1
138 1
156 1
165 1
166 1
213 1
251 1
258 1
265 1
267 1
289 1
318 1
343 1
346 1
357 1
367 1
376 2
378 1
387 1
392 1
395 2
412 1
413 1
415 1
440 1
467 1
470 1
472 1
474 1
482 1
514 2
602 1
609 1
735 1
755 1
759 1
771 1
786 1
789 1
791 1
795 2
806 1
807 2
814 1
818 1
819 1
826 1
828 1
830 1
831 1
833 1
834 1
843 2
845 2
846 2
847 1
852 1
857 1
858 2
859 1
863 2
867 1
881 1
903 1
915 1
917 1
920 1
927 1
971 1
976 1
996 1
1007 1
1030 1
1052 2
1064 1
1066 1
1071 1
1082 1
1083 1
1084 1
1085 2
1088 2
1090 1
1094 1
1104 1
1108 1
1115 1
1131 1
1143 1
1149 2
1150 1
1171 1
1173 1
1174 1
1177 1
1180 1
1182 1
1190 1
1196 1
1211 1
1214 1
1215 1
1231 1
1234 1
1235 1
1237 1
1240 1
1243 1
1248 1
1256 1
1265 1
1267 1
1296 1
1309 1
1310 1
1330 1
1331 1
1339 1
1342 1
1356 2
1363 1
1372 1
1374 2
1380 1
1384 1
1385 1
1393 1
1395 1
1401 1
1404 2
1408 1
1415 1
1419 1
1424 1
1425 1
