50 3000 50
0 116352
1 1252
2 1413
3 1303
4 1119
5 956
6 837
7 729
8 640
9 566
10 474
11 380
12 331
13 302
14 247
15 225
16 198
17 180
18 158
19 142
20 100
21 94
22 123
23 95
24 89
25 75
26 62
27 58
28 53
29 60
30 54
31 42
32 30
33 43
34 25
35 30
36 28
37 29
38 33
39 23
40 26
41 18
42 25
43 18
44 28
45 19
46 13
47 18
48 18
49 11
50 10
51 10
52 14
53 7
54 13
55 12
56 14
57 10
58 7
59 15
60 9
61 8
62 10
63 5
64 6
65 6
66 4
67 7
68 6
69 4
70 5
71 1
72 4
73 2
74 4
75 7
76 3
77 5
79 4
80 3
81 4
82 1
83 4
84 3
85 4
86 2
88 5
89 6
90 3
91 4
92 3
93 3
95 4
96 2
97 3
98 5
99 1
100 3
101 4
102 2
103 1
104 1
105 3
107 1
111 3
112 1
113 2
115 2
116 1
119 1
122 1
123 2
124 1
125 1
126 2
130 1
134 1
135 1
136 2
137 2
138 2
139 3
140 4
141 1
142 1
143 3
146 3
148 1
149 1
152 1
154 3
155 1
156 1
157 1
160 1
162 1
163 1
164 1
169 2
170 1
171 1
174 2
179 1
180 1
185 1
186 1
187 1
189 1
191 1
195 1
196 2
197 1
200 1
201 1
203 1
204 1
205 1
210 1
211 2
217 1
229 1
235 2
237 1
239 1
241 1
242 1
244 1
247 1
249 1
250 2
251 1
257 1
274 1
278 1
280 1
314 1
325 1
373 1
380 1
