50 3000 50
0 123826
1 909
2 1016
3 890
4 615
5 421
6 299
7 191
8 128
9 121
10 94
11 65
12 57
13 55
14 36
15 27
16 33
17 31
18 21
19 24
20 17
21 24
22 24
23 22
24 12
25 14
26 12
27 10
28 17
29 6
30 11
31 11
32 6
33 9
34 3
35 5
36 4
37 4
38 2
39 3
40 2
41 8
42 3
43 4
44 7
45 8
46 5
47 6
48 4
49 5
50 2
51 5
52 4
53 1
54 3
55 6
56 2
58 4
59 1
61 4
62 1
63 5
64 1
65 6
66 4
67 3
68 2
69 4
70 2
71 3
72 2
73 2
74 6
75 1
76 2
77 2
78 4
79 1
80 1
82 2
83 2
86 2
87 2
88 3
89 1
90 2
91 1
92 3
93 1
94 3
95 1
96 3
101 1
102 4
103 3
106 3
107 3
109 3
110 1
111 1
112 2
117 1
118 1
119 2
120 2
122 3
123 1
124 3
126 3
128 2
129 3
130 1
131 1
134 1
135 2
138 1
139 2
142 1
146 4
147 3
148 1
149 1
151 3
152 3
154 1
157 1
158 1
159 1
160 2
161 1
163 1
165 1
166 3
168 1
169 1
170 1
172 1
173 1
174 1
176 1
177 1
185 1
186 1
188 1
189 2
191 1
192 1
193 1
194 1
200 2
203 2
207 2
210 1
212 1
214 1
216 1
217 1
218 1
223 2
226 1
228 2
229 1
231 1
232 1
234 1
235 1
237 2
238 1
240 1
241 1
244 1
246 1
250 1
252 1
260 1
261 1
264 2
270 1
273 1
277 2
288 1
295 1
303 1
304 1
306 1
315 1
316 3
318 1
319 1
327 1
336 2
337 1
345 1
354 1
355 2
358 1
362 1
368 1
373 3
377 1
378 1
379 1
380 1
384 1
386 1
388 2
391 1
395 1
396 2
407 1
408 3
420 1
422 1
429 1
433 3
436 1
437 1
438 1
439 2
442 1
443 1
444 1
450 1
452 1
457 1
462 1
465 2
466 1
471 1
472 1
474 1
475 1
477 1
484 1
489 1
492 1
495 1
496 1
508 1
509 1
511 1
514 1
517 1
519 1
522 1
528 1
532 1
539 1
541 1
544 1
545 1
547 2
548 1
556 1
557 1
562 1
563 1
572 1
576 1
578 1
586 1
595 1
599 2
600 1
602 1
603 1
609 1
615 1
616 1
617 1
633 1
637 1
639 1
646 2
647 1
658 1
659 3
661 1
672 1
680 1
685 1
697 2
699 1
702 1
708 1
709 1
712 2
713 1
721 1
723 1
741 1
745 2
757 1
762 1
765 1
767 1
771 1
774 1
780 1
781 1
790 1
810 1
828 1
853 1
860 1
862 1
864 1
901 1
915 1
920 1
937 2
941 1
950 1
987 1
989 1
1014 2
1016 1
