50 3000 50
0 111594
1 1822
2 1918
3 1792
4 1627
5 1387
6 1237
7 1078
8 903
9 765
10 685
11 584
12 536
13 411
14 404
15 334
16 296
17 253
18 209
19 179
20 206
21 144
22 127
23 119
24 101
25 76
26 76
27 64
28 54
29 39
30 37
31 41
32 44
33 37
34 31
35 20
36 32
37 27
38 18
39 24
40 15
41 16
42 15
43 10
44 9
45 11
46 16
47 7
48 9
49 7
50 3
51 12
52 3
53 1
54 8
55 3
56 2
57 1
58 4
59 1
61 2
62 3
63 3
64 2
65 3
66 4
68 2
69 4
72 1
74 1
75 2
76 3
77 1
78 1
79 2
80 2
81 3
83 2
86 2
88 1
91 1
94 1
112 1
116 1
