50 3000 50
0 125830
1 444
2 640
3 620
4 478
5 353
6 236
7 153
8 88
9 61
10 40
11 36
12 29
13 17
14 19
15 10
16 13
17 11
18 16
19 7
20 10
21 5
22 7
23 8
24 8
25 4
26 4
27 5
28 1
29 3
30 3
31 5
32 4
33 5
34 3
35 1
36 3
37 3
38 2
39 5
40 4
41 1
42 2
43 2
44 5
46 2
47 4
49 1
50 4
51 3
52 2
53 3
54 2
55 2
56 2
57 2
58 1
60 3
61 2
62 1
63 1
64 1
65 3
66 2
67 1
68 3
71 1
74 5
76 1
77 2
78 1
79 1
80 2
84 3
87 1
90 1
94 2
95 2
96 1
97 2
98 1
101 1
104 1
105 1
108 2
109 1
110 2
111 1
113 1
114 1
115 1
116 1
117 1
119 1
121 1
123 3
124 1
125 1
126 1
128 1
131 2
132 1
134 1
135 1
141 1
143 1
144 2
145 1
150 2
151 1
154 2
162 1
164 1
165 1
166 2
169 1
170 1
171 1
172 1
173 1
174 1
179 3
183 1
184 1
185 2
186 1
187 1
188 1
189 1
197 1
198 1
199 1
202 1
207 1
212 1
217 1
225 1
226 1
230 2
234 2
238 1
243 1
252 1
253 2
254 1
258 1
259 1
262 1
271 1
276 1
277 2
280 1
287 1
290 1
293 1
300 1
302 1
304 2
306 1
309 1
310 1
311 1
312 1
313 2
323 1
332 1
340 1
343 1
347 1
351 1
361 1
368 1
370 1
388 1
397 1
401 1
403 1
406 2
412 1
414 1
416 1
417 1
434 1
445 1
446 1
468 1
469 1
470 1
471 1
483 1
484 2
486 1
487 1
494 1
496 1
506 1
513 1
514 1
519 1
533 1
537 1
545 1
550 1
553 1
556 1
558 1
560 1
568 1
578 1
580 1
582 1
583 1
587 1
590 1
600 1
605 1
617 1
619 1
629 1
635 2
641 1
648 1
651 1
652 1
654 1
674 1
675 2
678 1
679 1
681 1
684 1
687 1
689 1
691 1
693 1
707 1
708 1
709 1
714 4
726 1
727 1
732 1
737 2
738 1
747 2
748 2
752 1
753 1
758 1
762 1
765 2
767 1
769 1
787 1
791 3
796 1
797 2
801 1
803 1
804 1
806 1
809 1
813 2
815 1
819 1
824 1
825 1
843 2
847 1
854 1
855 1
860 1
863 1
868 1
879 1
889 1
890 1
892 1
900 1
908 1
911 1
942 1
944 1
946 1
967 1
970 1
972 1
975 1
976 1
982 1
986 1
992 1
1015 1
1045 1
1064 1
1068 1
1069 1
1081 2
1088 1
1131 1
1135 1
1159 1
1206 1
