50 3000 50
0 127519
1 66
2 161
3 246
4 266
5 294
6 227
7 142
8 114
9 62
10 57
11 34
12 18
13 13
14 9
15 8
16 4
17 2
18 5
19 4
20 4
21 1
22 5
23 4
24 3
25 4
26 1
27 3
28 3
29 2
30 1
31 4
32 1
33 3
35 5
36 1
37 3
38 1
39 1
40 3
41 1
43 1
44 1
46 1
52 1
53 2
54 1
56 1
59 2
61 2
63 1
65 1
66 2
77 1
79 2
81 2
86 1
94 1
95 2
106 1
112 1
114 1
119 1
120 1
124 1
125 1
139 1
143 1
148 1
154 1
161 1
169 1
182 1
183 1
184 1
187 2
188 1
189 2
194 1
196 1
197 1
203 1
205 1
209 2
211 1
217 1
219 1
224 1
226 1
228 1
231 1
232 1
233 1
243 1
250 1
254 1
255 1
269 1
271 1
284 1
302 1
306 1
310 1
316 1
317 1
318 1
325 1
327 1
329 1
337 1
338 1
348 1
349 1
353 1
373 1
374 1
381 1
392 1
410 1
416 1
421 1
422 1
432 1
433 1
447 1
456 1
484 1
487 1
525 1
540 1
543 1
555 1
563 1
581 1
597 1
604 1
611 1
618 1
622 1
627 1
634 1
647 1
650 1
669 1
676 1
677 1
686 1
692 2
723 1
730 1
734 1
737 1
743 1
756 1
759 1
764 1
771 1
776 1
788 1
789 1
793 1
798 1
802 1
805 1
807 1
810 1
812 1
814 1
818 1
821 1
822 1
824 1
825 2
829 2
831 1
833 1
835 2
838 1
839 1
841 1
845 1
846 1
848 1
851 1
855 1
857 1
858 1
859 2
862 1
864 1
867 1
872 1
874 1
878 1
880 1
887 1
890 2
893 2
900 1
915 1
930 1
932 1
933 1
963 1
975 1
981 1
984 1
986 1
994 1
1029 1
1054 2
1057 1
1060 1
1063 1
1065 1
1073 1
1082 1
1085 1
1087 1
1091 2
1092 1
1093 1
1095 1
1100 1
1107 1
1108 1
1109 1
1112 1
1118 1
1140 1
1159 1
1167 1
1171 1
1173 1
1189 1
1198 1
1199 1
1211 1
1222 1
1245 1
1249 1
1263 1
1268 1
1276 1
1279 1
1314 1
1362 1
1425 1
1431 1
