50 3000 50
0 120361
1 1183
2 1330
3 1103
4 879
5 698
6 555
7 429
8 317
9 270
10 227
11 200
12 159
13 124
14 126
15 100
16 95
17 76
18 58
19 56
20 54
21 40
22 49
23 37
24 40
25 31
26 44
27 34
28 30
29 29
30 23
31 25
32 30
33 23
34 20
35 21
36 16
37 15
38 14
39 20
40 7
41 6
42 14
43 7
44 13
45 9
46 6
47 14
48 13
49 8
50 9
51 6
52 6
53 4
54 6
55 8
56 5
57 4
58 6
59 7
60 8
61 4
62 6
63 7
64 4
65 9
66 2
67 7
68 5
69 12
70 4
71 2
72 2
73 5
74 4
75 2
76 4
77 2
78 4
79 5
80 1
81 2
82 4
83 1
84 4
85 3
86 2
87 1
88 3
89 2
90 3
91 5
92 1
93 2
94 1
95 6
96 7
97 3
98 4
99 4
100 1
101 2
102 1
105 1
106 5
107 3
108 3
109 3
110 1
111 2
112 1
113 2
114 1
115 4
116 4
118 2
119 1
120 1
121 3
122 1
124 1
125 4
126 2
127 1
128 2
129 2
131 1
132 1
133 1
134 3
135 2
137 3
138 2
139 1
142 2
143 1
144 1
145 1
146 2
147 2
148 1
149 1
150 1
152 2
153 1
155 1
159 2
161 2
163 1
165 1
166 1
167 1
168 2
170 2
171 1
172 4
173 3
174 1
176 2
177 1
178 4
179 2
183 2
185 1
187 3
189 3
190 1
191 1
192 1
193 1
194 2
197 1
198 1
201 2
202 2
204 1
206 1
208 2
211 1
212 1
214 2
215 1
219 2
224 2
225 2
228 1
229 1
230 1
231 1
232 1
237 1
238 1
240 1
241 2
243 1
245 1
246 2
247 1
249 1
250 1
251 1
253 1
254 2
256 1
258 1
260 1
263 1
264 2
266 1
267 1
269 1
270 1
271 1
282 1
283 1
285 1
287 2
291 2
296 2
297 1
301 1
305 1
308 1
310 1
320 1
322 2
324 1
327 3
328 1
329 1
335 2
339 1
345 1
347 1
351 1
352 2
354 1
355 1
357 1
361 2
370 1
373 1
375 1
376 1
378 1
380 1
395 1
398 1
399 2
400 1
402 1
403 1
428 2
434 1
436 1
449 1
456 3
457 1
465 1
472 1
477 1
480 1
481 1
490 1
494 1
497 1
506 1
507 1
509 1
512 1
514 1
516 1
521 1
544 1
546 1
560 1
561 1
574 1
576 1
588 1
590 1
599 1
611 1
612 1
617 1
622 1
630 1
633 1
659 1
691 1
747 1
767 1
774 1
880 1
