50 3000 50
0 128687
1 1
2 5
3 9
4 19
5 41
6 64
7 57
8 77
9 86
10 103
11 80
12 58
13 56
14 36
15 30
16 25
17 18
18 20
19 4
20 11
21 7
22 6
23 3
24 5
25 5
26 7
27 3
28 1
29 3
30 2
31 2
32 3
33 1
34 3
35 3
36 1
37 1
38 1
39 2
40 2
41 3
42 1
43 1
45 1
48 1
54 2
55 1
56 2
58 1
64 1
67 3
69 1
71 1
74 1
77 1
82 1
86 1
91 2
95 1
108 1
109 1
113 1
120 1
121 1
134 1
183 1
187 1
198 1
213 1
268 1
288 1
298 1
314 1
331 1
332 1
344 1
360 1
369 1
370 1
377 1
388 1
389 1
394 1
408 1
409 1
416 1
431 1
434 1
437 1
439 1
445 1
457 1
483 1
526 1
598 1
706 1
746 1
751 1
760 1
766 1
786 1
790 1
798 1
801 1
802 1
803 1
809 1
815 1
819 1
820 1
826 1
828 1
835 1
838 2
840 1
847 1
848 1
849 1
851 1
854 1
858 1
860 1
864 1
866 1
868 1
871 1
906 2
918 2
920 1
929 1
940 2
970 1
1008 1
1054 1
1055 1
1057 1
1071 1
1072 1
1074 1
1075 1
1076 1
1085 1
1088 1
1095 1
1103 1
1105 1
1107 1
1116 1
1119 1
1120 1
1122 1
1124 1
1134 2
1142 2
1146 1
1149 1
1153 1
1156 1
1163 1
1167 1
1184 1
1189 1
1195 1
1196 1
1206 1
1212 1
1218 1
1219 1
1224 1
1231 1
1233 1
1239 1
1254 1
1256 1
1260 1
1262 1
1268 1
1282 1
1292 1
1296 1
1301 1
1321 1
1328 2
1334 2
1338 1
1341 1
1356 1
1357 1
1360 1
1364 1
1365 1
1373 1
1378 1
1381 1
1386 1
1389 1
1391 1
1402 1
1407 1
1420 1
1423 1
1433 1
1436 1
