50 3000 50
0 128753
2 4
3 8
4 14
5 28
6 50
7 62
8 59
9 80
10 66
11 72
12 63
13 57
14 36
15 35
16 31
17 18
18 17
19 14
20 13
21 9
22 12
23 7
24 4
25 6
26 4
27 4
28 4
29 2
30 3
31 3
32 1
34 1
36 4
37 1
38 1
40 1
41 1
42 1
43 1
44 1
50 1
52 1
53 1
55 2
56 1
58 1
61 1
62 1
67 1
69 1
73 4
78 2
80 1
81 1
83 1
84 1
101 1
102 1
114 1
129 1
136 1
141 1
143 1
166 1
167 1
179 1
215 1
230 1
261 1
269 1
286 1
297 1
330 1
366 1
383 1
395 1
404 2
405 1
417 1
426 1
431 1
432 1
433 2
437 1
438 1
441 1
448 1
453 1
456 1
506 1
596 1
643 1
708 1
749 1
760 1
764 2
766 1
767 1
773 1
792 1
800 1
801 1
803 1
805 1
820 1
822 1
826 1
827 1
831 1
837 1
842 1
843 1
846 1
847 1
848 1
852 1
856 1
858 1
859 1
860 1
863 1
864 2
883 1
888 1
897 1
906 1
912 1
917 1
920 1
937 1
941 1
987 1
1023 1
1045 1
1057 1
1058 2
1061 1
1072 2
1082 1
1095 1
1101 1
1104 1
1107 1
1111 1
1119 1
1121 1
1126 1
1127 3
1136 2
1139 1
1143 1
1144 1
1145 1
1146 1
1153 1
1174 1
1175 1
1179 1
1189 1
1191 1
1193 1
1196 1
1204 1
1208 1
1224 1
1226 1
1228 1
1231 1
1236 1
1247 1
1249 1
1269 1
1276 1
1294 1
1295 1
1296 1
1316 1
1324 1
1325 2
1329 1
1332 1
1333 1
1338 1
1354 1
1362 1
1363 1
1376 1
1379 1
1381 1
1384 1
1393 1
1395 2
1397 1
1398 1
1400 1
1405 1
1417 1
1418 1
1428 1
