50 3000 50
0 127405
1 87
2 188
3 268
4 319
5 270
6 234
7 174
8 107
9 58
10 46
11 29
12 12
13 9
14 12
15 7
16 2
17 4
18 4
19 2
20 2
21 3
22 3
23 2
24 2
25 2
27 4
28 5
29 4
30 2
31 4
32 2
33 2
34 3
35 1
36 2
37 2
38 1
39 1
40 3
41 2
42 3
43 1
44 1
46 1
48 2
49 1
50 3
51 2
54 1
56 1
57 4
60 1
64 4
65 1
68 1
69 1
71 1
72 1
76 1
81 1
87 1
88 1
90 2
91 1
92 1
96 1
97 1
100 1
122 1
127 1
133 1
135 1
138 2
143 1
145 1
149 1
156 1
157 1
165 1
167 1
168 1
170 1
173 1
183 1
184 1
185 1
190 1
194 1
206 1
209 2
210 1
214 1
218 1
219 1
222 2
225 2
237 1
240 1
253 2
254 1
264 1
265 2
278 1
281 1
285 1
292 1
297 1
298 1
304 2
306 1
307 1
318 1
322 1
323 1
333 1
340 1
347 1
352 1
356 1
359 1
361 1
382 1
401 1
424 1
425 1
435 1
439 1
454 1
455 1
460 1
464 1
474 1
490 1
494 1
520 1
536 1
549 1
578 1
586 1
588 1
590 1
609 1
617 1
628 1
631 1
635 1
639 1
653 1
662 1
672 1
674 1
682 1
691 1
701 1
707 1
719 1
728 1
734 1
740 1
754 1
762 1
765 1
767 1
769 1
771 2
773 1
784 1
786 1
787 1
788 1
790 2
794 1
799 1
801 2
804 1
805 1
807 1
808 1
811 1
817 1
825 3
832 1
833 1
834 1
835 1
839 1
841 1
843 1
845 1
847 2
849 3
851 1
857 2
860 1
870 1
875 1
877 1
881 1
887 1
891 1
893 1
894 1
897 1
898 1
903 1
905 1
916 1
924 1
936 1
952 1
976 1
988 1
1009 1
1015 1
1021 1
1026 1
1029 2
1049 1
1052 1
1053 1
1064 1
1076 1
1082 1
1085 1
1092 1
1097 1
1098 1
1107 1
1114 1
1120 1
1125 1
1131 1
1134 1
1139 1
1145 1
1146 1
1156 1
1157 1
1164 1
1198 2
1213 1
1222 1
1235 1
1236 1
1248 1
1254 1
1255 1
1274 1
1321 1
1355 1
1384 1
1409 1
