50 3000 50
0 127100
1 137
2 313
3 373
4 355
5 306
6 220
7 139
8 82
9 70
10 32
11 32
12 9
13 14
14 7
15 8
16 5
17 6
18 4
19 3
20 6
21 5
22 7
23 2
24 4
25 4
26 2
27 4
28 1
29 2
30 2
31 2
32 2
35 1
36 2
37 1
38 2
39 1
40 2
41 1
43 2
44 2
46 2
47 3
48 1
50 1
51 2
52 1
53 1
57 3
59 1
63 1
64 2
67 2
70 1
76 1
77 1
78 1
85 1
87 1
88 1
90 1
93 2
94 2
95 1
98 1
100 1
101 1
102 2
103 3
105 1
107 1
111 1
119 2
121 1
122 1
124 1
126 1
128 1
130 2
131 1
142 1
144 1
147 2
153 1
155 1
156 1
159 1
161 1
165 1
166 1
170 1
172 1
173 1
174 1
179 1
187 1
188 1
189 1
192 1
196 1
200 1
201 1
208 1
210 1
216 1
222 3
229 1
231 1
237 1
246 2
249 1
251 1
258 1
260 2
261 1
264 1
269 1
270 1
276 1
277 1
286 1
287 1
309 1
313 1
315 1
317 1
319 1
323 1
325 2
330 1
332 1
335 1
337 1
346 1
367 1
370 2
373 1
385 1
392 1
414 1
423 1
424 1
439 1
441 1
450 1
458 1
466 1
468 1
488 2
513 1
515 1
544 1
556 1
559 1
568 1
590 1
595 1
607 1
616 1
617 1
618 1
630 1
639 1
641 1
644 1
652 1
659 1
668 1
670 1
671 1
683 1
684 1
693 2
712 1
723 1
726 1
737 1
738 1
739 1
746 1
750 1
751 2
752 1
754 1
767 1
770 1
771 1
774 2
775 1
777 1
779 1
780 1
785 1
787 1
791 1
792 1
793 1
796 2
806 1
811 1
815 1
819 1
823 1
825 3
826 2
830 1
831 1
832 1
834 1
839 1
844 1
856 2
857 1
859 1
861 1
862 1
868 2
869 1
878 1
880 1
886 1
899 1
904 1
912 1
913 1
914 1
922 1
928 1
930 1
940 1
953 1
985 1
989 1
990 1
993 1
1009 1
1055 2
1058 1
1059 1
1061 1
1062 1
1067 1
1068 1
1076 1
1080 1
1090 2
1091 1
1100 1
1108 1
1117 1
1136 1
1146 1
1164 1
1165 1
1167 1
1176 1
1179 1
1186 1
1188 1
1194 1
1243 1
1253 1
1257 1
1259 1
1284 1
1318 1
1323 1
