50 3000 50
0 128785
2 1
3 5
4 17
5 24
6 30
7 54
8 47
9 63
10 76
11 82
12 59
13 49
14 32
15 44
16 40
17 30
18 16
19 10
20 14
21 12
22 3
23 5
24 6
25 5
26 7
27 3
28 1
29 3
30 3
31 1
32 2
33 1
34 1
35 4
36 3
37 2
38 2
39 3
40 2
41 1
42 2
44 1
45 2
50 1
52 1
53 1
54 1
55 1
56 1
59 1
60 1
61 2
63 1
76 1
78 1
79 1
82 1
86 2
88 1
90 1
96 1
101 1
106 1
128 1
129 1
151 1
153 1
159 1
168 1
189 1
202 1
212 1
277 1
315 1
327 1
338 1
345 1
360 1
366 1
371 1
388 1
389 1
391 1
405 1
412 1
420 1
427 1
434 1
450 1
452 2
462 1
464 1
473 1
493 1
496 1
498 1
597 1
688 1
742 1
756 1
759 1
774 1
778 1
779 1
791 1
801 1
815 1
819 1
826 1
829 1
831 1
837 1
838 1
839 1
840 1
841 1
846 2
847 1
848 1
851 1
854 1
856 1
864 3
868 1
871 1
882 1
888 2
907 1
909 1
910 1
915 1
916 1
951 1
973 1
991 1
993 1
1038 1
1039 2
1057 1
1060 1
1061 1
1062 1
1069 1
1074 1
1077 1
1080 1
1092 1
1093 1
1101 1
1108 1
1112 1
1113 1
1120 1
1121 1
1124 1
1125 1
1133 1
1135 1
1140 1
1141 1
1143 1
1149 1
1156 1
1173 1
1181 1
1183 1
1194 1
1195 1
1206 1
1214 1
1231 1
1233 1
1234 2
1241 1
1245 2
1252 1
1254 1
1277 1
1278 1
1282 1
1290 1
1295 1
1298 1
1309 1
1318 1
1325 1
1336 1
1341 1
1343 1
1346 2
1357 1
1365 1
1366 1
1371 1
1373 1
1382 1
1386 1
1387 1
1400 1
1405 1
1415 1
1420 1
1437 1
1440 1
1450 1
