50 3000 50
0 127599
1 50
2 136
3 206
4 258
5 248
6 218
7 163
8 128
9 81
10 57
11 45
12 19
13 12
14 12
15 9
16 7
17 8
18 3
19 3
20 7
21 3
22 3
23 1
24 4
25 6
26 2
28 1
29 2
30 1
31 3
32 2
33 3
34 1
35 2
37 2
38 2
41 2
43 2
47 1
48 1
49 1
53 1
55 2
57 1
58 1
62 1
63 1
67 1
74 1
81 1
82 2
83 1
84 2
85 1
87 1
102 1
103 2
107 1
118 1
123 1
132 1
135 1
138 1
139 1
144 1
155 1
158 1
164 1
168 1
170 1
172 1
173 1
174 1
187 1
189 1
192 2
195 3
201 1
205 2
224 1
225 1
227 1
234 1
237 1
239 1
243 1
246 1
247 1
257 1
260 1
273 1
279 1
287 1
298 1
303 1
305 1
307 1
310 1
319 1
322 1
328 2
329 1
334 1
338 1
342 1
356 1
363 1
372 1
377 1
392 1
397 1
403 1
411 1
418 1
424 1
428 1
433 1
441 1
464 1
486 1
513 1
545 1
551 1
553 1
575 1
595 1
603 1
610 1
621 1
623 2
625 1
650 1
657 1
662 1
668 1
674 1
683 1
685 1
719 1
736 2
738 1
739 1
746 1
764 1
770 1
772 1
779 1
785 1
788 2
791 1
799 1
802 1
804 1
805 1
808 1
813 1
818 2
821 2
824 3
825 3
828 1
835 1
836 1
837 1
838 1
839 2
841 1
842 1
843 1
845 1
850 1
855 1
861 2
863 1
867 1
868 1
869 1
872 1
875 1
876 1
877 1
879 1
886 1
887 1
893 1
894 1
895 1
918 1
928 2
934 1
945 1
949 1
953 1
998 1
1013 1
1017 1
1026 1
1042 1
1043 1
1062 1
1081 1
1088 1
1098 1
1102 1
1106 1
1110 2
1111 2
1121 1
1123 1
1124 1
1135 2
1142 1
1143 1
1149 1
1151 1
1154 1
1155 1
1177 1
1178 1
1182 1
1185 1
1202 1
1208 1
1213 1
1221 1
1249 1
1254 1
1262 1
1264 1
1270 1
1302 1
1366 1
1377 1
1384 1
1422 1
