50 3000 50
0 128762
1 1
3 4
4 16
5 20
6 41
7 51
8 63
9 77
10 74
11 72
12 62
13 46
14 47
15 51
16 30
17 22
18 15
19 8
20 14
21 6
22 5
23 10
24 3
25 2
26 5
27 8
28 8
29 4
30 1
31 7
32 1
33 3
34 1
35 1
37 1
38 2
40 2
41 1
44 1
45 1
46 2
49 1
50 3
53 2
56 1
58 1
59 2
62 1
63 1
70 1
75 1
77 1
80 1
81 1
88 1
95 1
100 1
109 1
111 2
117 1
118 1
122 1
126 1
128 1
129 1
142 1
184 1
187 1
195 1
250 1
253 1
309 1
315 1
316 1
323 1
325 1
375 1
376 1
393 1
394 1
398 1
405 1
423 1
429 1
431 1
436 1
443 1
448 1
460 2
480 1
539 1
550 1
575 2
710 1
760 1
762 1
764 2
768 1
771 1
780 1
785 1
786 1
789 1
792 2
810 1
811 1
818 1
819 1
820 1
824 1
826 3
828 1
833 1
836 1
838 1
844 1
853 1
857 1
874 1
875 1
882 1
883 1
889 1
915 1
928 1
933 1
936 2
955 1
962 1
990 1
992 1
1020 1
1054 1
1055 1
1057 1
1059 1
1069 1
1086 1
1101 1
1102 1
1105 1
1109 1
1111 1
1114 3
1124 1
1127 1
1131 1
1135 2
1139 1
1140 1
1154 1
1160 1
1161 1
1162 1
1181 2
1184 1
1187 1
1193 1
1196 1
1198 1
1207 1
1210 1
1211 1
1222 1
1227 2
1232 1
1236 2
1240 1
1250 1
1275 1
1282 1
1300 1
1303 1
1305 1
1313 1
1318 1
1322 1
1323 1
1325 1
1327 1
1349 1
1354 1
1359 2
1363 1
1372 1
1374 2
1378 1
1384 1
1390 1
1395 1
1399 1
1403 1
1411 1
1422 2
1447 1
