50 3000 50
0 128745
1 2
2 1
3 6
4 12
5 32
6 58
7 47
8 76
9 71
10 69
11 72
12 66
13 47
14 40
15 39
16 29
17 30
18 19
19 11
20 10
21 9
22 7
23 6
24 6
25 7
26 4
27 4
28 1
29 2
30 2
31 5
34 1
35 1
36 1
37 1
38 6
39 1
40 1
41 1
42 1
45 1
46 1
48 1
49 2
50 1
51 1
52 2
57 1
58 1
60 1
61 1
63 1
65 2
77 1
81 1
84 1
88 1
92 1
96 2
104 1
108 1
115 1
133 1
142 1
143 1
145 1
154 1
168 1
183 1
200 1
241 1
242 1
245 1
274 1
294 1
314 1
315 1
326 1
365 1
366 1
381 1
384 2
385 1
387 1
439 1
462 1
463 1
471 1
474 1
475 1
479 1
481 1
505 1
531 1
542 1
581 1
698 1
712 1
713 1
772 1
782 1
785 1
789 1
800 1
802 1
805 1
809 1
819 1
824 1
828 2
830 2
833 1
836 1
846 2
851 1
855 1
856 1
858 2
860 1
866 1
868 1
870 1
876 1
877 1
878 1
879 1
886 1
898 1
901 1
904 1
912 1
923 1
1025 1
1034 1
1036 1
1055 1
1056 1
1061 1
1067 1
1069 1
1074 1
1077 1
1078 1
1081 1
1086 1
1102 1
1105 1
1107 2
1112 1
1114 1
1126 1
1127 1
1128 1
1134 2
1138 1
1139 1
1142 1
1144 1
1146 2
1154 1
1164 1
1176 2
1179 1
1183 1
1196 1
1207 1
1210 1
1213 1
1228 1
1233 1
1242 1
1252 1
1254 1
1261 1
1265 1
1267 1
1269 1
1277 1
1279 1
1282 1
1286 1
1298 1
1300 1
1301 1
1337 1
1338 1
1343 1
1354 1
1363 1
1367 1
1370 1
1380 1
1381 1
1382 1
1384 1
1390 1
1405 2
1409 1
1411 1
1432 1
1436 1
1447 1
1461 1
