50 3000 50
0 122206
1 1063
2 1250
3 1014
4 763
5 568
6 370
7 288
8 236
9 157
10 134
11 104
12 97
13 75
14 69
15 58
16 51
17 43
18 41
19 42
20 34
21 43
22 33
23 31
24 26
25 24
26 18
27 24
28 18
29 20
30 18
31 13
32 10
33 11
34 16
35 14
36 6
37 13
38 3
39 11
40 7
41 4
42 12
43 4
44 2
45 6
46 5
47 8
48 6
49 3
50 5
51 7
52 5
53 9
54 6
55 4
56 3
57 3
58 5
59 3
60 5
61 2
62 3
63 4
64 5
65 4
66 5
67 3
68 3
69 3
70 2
71 4
72 4
73 3
74 5
75 2
76 5
77 2
79 3
80 3
81 3
82 1
83 1
84 1
85 1
87 4
88 3
89 1
90 6
91 1
92 2
93 2
96 2
97 1
99 4
100 1
101 2
102 1
103 4
104 1
105 2
106 1
107 2
108 2
109 2
111 4
112 1
114 3
115 2
116 1
117 1
118 2
120 1
121 2
123 4
124 1
125 1
126 2
128 1
129 1
130 1
131 1
132 1
133 3
135 2
136 3
138 2
139 1
140 6
141 2
142 1
144 1
145 1
146 2
147 1
149 2
150 1
151 3
152 1
153 1
154 1
156 3
157 1
160 1
162 5
163 2
164 1
166 4
168 1
169 1
171 1
172 1
174 3
176 1
177 1
178 2
179 1
180 2
186 2
187 1
189 1
190 1
192 1
193 3
195 2
197 2
202 1
203 2
204 2
210 1
218 1
221 1
222 1
223 2
226 1
228 1
231 1
232 1
233 1
234 1
237 1
238 2
239 1
241 1
243 1
246 1
248 1
249 1
251 1
254 1
256 1
264 1
265 1
267 1
271 2
277 2
279 1
280 2
289 1
292 1
294 1
297 1
300 2
305 1
307 1
309 3
311 2
313 1
315 1
318 1
319 1
321 1
323 1
324 1
325 1
328 1
330 1
331 1
333 1
334 1
340 1
351 2
352 1
353 1
355 1
357 1
361 2
364 1
365 1
368 1
371 2
373 2
374 1
375 1
378 2
381 1
383 1
384 1
385 2
388 1
389 1
390 1
394 1
396 1
398 1
403 1
406 1
411 2
413 1
414 1
416 1
417 1
418 1
427 1
429 1
431 1
432 1
439 2
444 1
446 1
447 1
462 1
467 1
469 1
478 1
484 1
491 1
493 1
494 1
495 1
505 3
511 1
519 1
522 1
526 1
527 1
538 2
539 1
541 1
544 1
548 1
560 1
568 1
570 2
572 1
574 1
578 1
582 1
591 1
592 1
596 1
600 1
603 1
613 2
624 1
634 1
653 2
655 1
677 1
679 1
694 1
715 2
726 1
729 2
735 1
747 1
756 1
759 1
761 2
763 1
771 1
772 1
777 1
798 1
850 1
888 1
890 1
945 1
974 1
