703 541 465 425 403 387 372 363 347 341 329 325 320 316 308 299 299 297 294 290 287 281 281 280 278 
687 522 459 422 396 379 363 348 339 332 328 323 319 313 309 305 302 302 298 296 292 289 288 283 282 
691 533 473 437 402 383 366 355 350 340 333 324 321 317 314 306 303 299 295 290 289 286 283 283 282 
701 539 477 440 412 392 370 358 346 336 331 325 318 312 309 306 300 297 288 287 283 281 281 278 275 
686 535 458 422 395 384 373 361 355 347 342 335 329 321 312 309 307 304 301 296 293 291 288 283 283 
671 531 461 420 396 383 370 362 348 339 331 326 318 314 312 307 305 301 301 299 294 290 287 282 280 
710 536 466 432 410 387 365 364 357 356 345 341 330 327 322 317 315 310 303 298 297 295 290 289 288 
699 534 466 430 402 381 368 358 346 335 327 319 315 311 305 301 297 295 291 289 288 286 281 280 280 
688 523 473 436 416 389 365 350 344 335 330 325 318 314 314 308 304 300 299 297 297 294 290 286 283 
706 548 483 433 408 386 366 354 345 338 330 326 325 316 308 305 302 301 296 292 289 286 285 282 279 
697 537 464 431 409 393 379 366 355 351 342 336 326 319 314 309 305 301 297 295 292 291 290 287 286 
711 537 472 433 398 387 366 357 348 341 335 327 322 316 315 312 308 304 303 298 297 295 292 288 282 
715 534 464 425 406 384 370 362 348 341 335 330 325 322 316 312 304 301 301 294 291 290 286 283 283 
699 541 475 430 397 378 364 357 350 339 332 330 322 314 309 302 296 295 291 286 285 283 280 277 276 
693 519 457 432 404 387 372 358 346 335 330 326 319 313 306 302 297 291 289 288 285 283 280 275 274 
714 540 474 443 412 393 378 364 355 346 341 329 324 321 315 311 308 305 302 299 296 296 294 293 289 
693 524 477 431 401 388 375 363 355 347 337 326 323 320 315 305 302 300 296 294 291 289 286 286 281 
696 542 469 429 396 381 370 359 347 338 328 322 315 314 308 304 299 295 287 283 280 280 277 275 274 
692 530 459 422 393 373 359 351 342 335 329 322 317 312 305 302 298 296 296 294 291 289 285 281 279 
691 531 458 421 398 373 354 340 336 330 327 321 315 308 306 301 295 294 292 286 285 281 278 277 273 
705 537 460 424 401 385 374 362 353 345 342 338 328 323 318 312 309 305 302 299 294 292 291 289 287 
699 544 476 434 412 399 383 366 356 344 337 326 324 316 311 309 302 300 298 292 287 285 284 281 278 
703 543 472 430 405 387 378 359 351 337 328 322 322 318 312 309 305 302 301 298 298 297 292 292 291 
704 535 468 419 394 369 352 338 328 317 316 309 306 304 299 296 293 290 285 284 284 281 280 277 275 
709 542 477 438 417 393 371 360 352 345 338 332 329 326 318 316 314 306 305 301 296 291 290 289 287 
712 532 463 434 404 385 365 356 347 339 333 330 324 314 309 304 300 296 294 289 286 282 282 282 280 
689 525 467 430 407 387 374 364 358 351 344 336 324 321 313 306 304 296 295 294 294 290 286 279 274 
706 535 470 433 406 385 372 365 351 341 328 323 318 315 310 309 307 302 298 297 292 288 283 281 277 
705 526 476 432 403 386 367 353 338 330 321 314 310 305 303 300 299 297 296 292 291 289 288 288 287 
711 544 470 424 396 382 370 352 342 335 333 328 322 317 311 310 308 304 302 300 299 296 293 290 289 
698 530 460 413 388 377 361 350 340 333 328 323 318 311 306 299 297 293 288 286 285 283 283 281 281 
709 531 471 444 413 385 368 351 345 337 331 321 320 317 309 307 304 300 299 297 295 293 287 285 285 
715 542 464 423 395 378 360 351 342 333 329 323 316 313 311 309 301 299 295 291 290 287 285 284 283 
705 547 470 427 400 382 361 351 339 336 332 327 319 314 307 301 298 296 294 289 288 288 286 281 281 
698 537 460 425 396 375 361 351 343 334 329 322 316 316 314 309 307 302 296 291 289 287 284 282 279 
707 541 472 429 403 377 365 358 347 341 334 327 321 317 315 308 306 300 295 292 288 286 280 280 275 
681 520 445 419 397 381 368 356 348 338 327 325 315 313 312 307 304 299 297 295 292 286 279 277 277 
685 517 449 416 390 368 353 343 333 324 320 317 314 306 302 296 293 291 287 286 285 285 283 283 282 
695 547 475 421 399 381 368 348 342 339 327 323 316 312 307 306 303 301 300 299 298 297 295 294 291 
698 533 458 423 400 381 365 350 340 334 327 323 315 309 307 303 301 300 299 296 293 293 287 286 286 
696 532 463 421 402 385 369 356 346 338 333 326 321 317 308 303 301 292 287 285 282 281 281 278 274 
687 536 467 435 408 387 374 363 352 339 330 323 319 314 310 309 307 302 298 295 293 291 286 284 282 
697 539 466 432 403 385 368 362 355 345 335 333 329 322 315 311 306 302 300 300 298 296 296 296 295 
703 534 474 434 402 381 370 358 348 339 331 323 315 310 309 306 300 296 294 291 287 284 281 279 275 
710 522 458 422 408 392 375 357 350 344 337 328 319 315 313 309 305 301 298 296 293 289 283 282 278 
696 524 455 431 402 371 357 348 339 334 326 318 314 312 302 301 300 297 296 294 290 288 288 285 283 
684 521 465 419 385 366 353 346 338 330 327 324 320 317 314 309 305 301 298 296 294 291 288 284 279 
692 531 457 417 392 372 353 347 338 333 326 322 315 313 306 303 296 293 289 284 282 281 278 276 274 
717 541 465 424 401 378 362 353 342 338 335 325 321 315 308 306 303 302 298 295 292 289 286 286 282 
706 536 466 430 406 387 373 364 351 340 333 329 324 320 315 313 309 303 297 295 293 290 289 287 285 
690 523 452 421 396 379 369 360 352 344 338 335 330 325 323 319 316 312 307 305 301 298 296 294 293 
702 541 464 418 403 379 368 356 344 338 329 323 316 312 309 303 302 298 296 295 291 287 286 285 282 
697 546 466 429 401 381 373 358 352 340 327 320 310 305 303 301 300 292 289 287 286 284 282 281 278 
721 541 456 426 391 373 362 349 342 334 329 322 320 316 311 305 299 293 289 287 287 286 283 283 279 
675 528 470 429 401 390 376 365 355 346 340 329 322 311 306 304 299 297 295 291 289 287 285 283 280 
702 537 468 429 401 378 360 354 350 344 334 329 325 321 317 314 311 305 303 296 293 289 286 284 280 
692 539 460 426 397 382 370 356 353 343 333 329 326 320 317 311 307 304 300 296 292 290 285 285 285 
717 529 465 431 402 388 369 358 342 336 328 324 317 312 308 302 301 299 298 296 293 291 289 287 284 
701 534 466 420 402 378 364 351 342 332 324 317 313 309 306 303 300 295 292 290 287 283 283 281 278 
714 539 468 429 404 388 365 352 349 340 333 327 322 316 310 306 303 301 296 291 290 288 284 282 279 
686 538 468 436 406 382 364 354 343 334 327 319 314 311 307 305 299 298 295 294 291 288 287 283 280 
701 538 464 418 388 371 352 344 335 330 324 321 318 316 310 305 302 297 293 290 288 285 285 281 281 
697 530 462 431 398 376 364 352 345 339 332 324 320 316 314 311 308 306 302 298 295 292 288 287 284 
704 540 483 448 410 393 382 360 349 339 333 329 323 319 314 309 307 304 302 300 297 295 292 290 286 
690 514 458 426 396 382 369 355 348 338 330 326 319 313 306 304 300 298 296 295 292 291 287 285 283 
705 537 457 426 402 390 374 355 343 336 330 327 318 315 309 305 302 297 293 289 286 284 281 278 278 
695 544 478 433 402 382 360 350 343 337 330 328 319 317 311 309 304 301 299 295 295 292 289 286 279 
699 539 467 428 407 390 370 361 349 338 330 325 320 315 308 305 303 301 296 289 287 285 283 282 281 
693 532 467 432 410 387 367 356 348 338 334 331 326 320 314 308 305 303 298 295 293 288 284 282 280 
711 535 462 426 398 381 367 358 346 338 329 326 322 314 310 307 306 305 303 300 300 298 296 294 292 
700 532 461 426 401 383 371 359 351 339 335 326 321 315 310 305 301 299 298 296 294 290 288 285 283 
677 515 457 409 396 378 365 352 339 338 329 324 321 316 313 307 302 296 293 291 290 289 286 284 282 
713 522 470 426 400 382 368 357 343 330 327 325 319 314 307 305 301 301 300 300 297 294 294 292 290 
711 540 471 431 402 384 364 351 339 332 328 323 318 311 308 303 302 300 298 297 292 289 287 285 278 
714 547 470 435 404 389 375 362 353 340 331 328 322 315 309 307 302 299 297 295 292 289 285 282 280 
689 536 461 429 401 384 371 356 350 341 333 330 327 322 315 312 306 304 300 298 295 291 288 287 284 
694 523 467 423 402 388 369 356 347 344 333 326 320 312 302 299 298 296 295 292 288 286 284 282 279 
706 530 459 429 405 385 370 353 346 341 333 328 321 315 310 307 301 297 296 293 291 288 286 286 282 
687 533 464 418 395 375 358 348 337 328 319 313 312 311 307 304 300 296 291 287 285 283 281 278 276 
702 540 473 434 403 382 370 352 345 335 332 329 321 316 315 312 310 308 303 300 297 293 292 290 287 
713 535 461 430 404 385 369 358 350 342 332 325 322 316 309 304 299 292 289 284 281 280 276 276 273 
700 541 472 435 412 390 372 362 350 342 336 328 325 319 313 309 303 297 295 293 292 290 287 283 280 
682 537 472 435 407 385 378 363 349 338 334 326 323 317 314 311 308 298 296 293 290 286 285 284 283 
708 535 470 434 403 378 368 354 342 335 330 325 317 312 307 307 299 296 295 293 287 285 281 280 278 
707 527 462 432 419 401 381 369 358 350 342 332 325 321 318 316 313 306 303 300 298 297 294 291 290 
699 529 465 431 399 380 367 353 348 339 336 331 322 317 312 307 303 300 297 292 287 285 282 281 278 
693 520 451 419 398 379 368 355 346 338 336 330 325 321 315 313 311 308 301 298 295 292 291 288 288 
706 533 461 421 396 376 363 350 340 337 327 322 315 312 311 305 302 296 294 293 293 289 287 285 282 
691 520 461 422 391 376 361 350 342 333 328 324 319 317 310 305 302 300 295 292 289 286 285 285 282 
699 540 473 423 401 380 368 359 353 343 338 329 320 313 306 302 294 293 291 289 284 283 283 281 277 
690 524 471 433 406 390 375 361 356 343 337 330 323 315 310 308 307 305 302 298 294 292 291 291 289 
700 530 454 416 389 375 359 346 341 338 332 325 319 315 311 304 301 297 294 290 284 283 283 283 278 
724 530 447 414 394 377 360 352 342 332 326 324 321 317 309 302 297 293 290 287 285 284 282 280 277 
709 539 468 424 391 370 364 351 340 329 323 318 316 313 308 304 304 301 298 293 291 287 286 285 283 
704 548 469 422 401 373 355 345 332 326 318 314 308 303 298 294 294 292 290 289 288 285 283 281 280 
700 544 481 435 411 387 366 358 352 340 336 331 325 320 315 310 307 304 300 299 296 292 290 289 286 
704 536 464 419 400 384 371 364 350 344 332 330 326 325 316 313 310 307 304 300 296 292 289 285 284 
683 531 468 434 405 382 370 359 346 335 328 320 316 310 309 306 305 302 300 299 297 293 290 284 282 
716 553 470 425 391 373 355 348 341 336 330 323 316 314 312 308 304 300 298 296 291 288 286 285 284 
713 542 482 435 402 387 368 356 342 331 322 317 312 311 309 304 301 293 288 282 280 278 276 274 272 
