100 3000 50
0 258799
4 1
6 1
7 1
13 1
14 1
15 1
23 1
27 1
30 1
33 1
39 1
42 1
44 1
47 1
48 1
55 2
63 1
71 2
73 2
75 1
78 1
85 1
87 1
89 1
93 1
95 1
102 1
103 1
110 1
115 1
118 2
121 1
127 1
128 1
131 1
134 1
136 2
144 1
149 1
152 1
154 1
155 1
157 1
178 1
186 1
189 1
201 1
204 1
209 1
214 1
224 1
228 1
229 1
232 1
241 1
256 1
262 1
265 1
281 1
288 1
291 1
292 2
301 1
304 1
307 1
308 1
316 1
321 1
326 1
330 1
331 1
332 2
333 1
356 1
359 1
362 1
367 1
371 1
386 1
390 1
391 1
393 1
397 1
404 1
405 1
408 1
409 1
413 1
417 1
418 1
422 1
425 1
428 1
434 1
441 1
446 1
452 1
455 1
456 1
468 1
485 1
500 1
505 1
529 1
546 1
551 2
556 1
572 1
574 1
576 1
586 1
591 1
597 1
613 1
619 1
624 1
629 1
631 1
643 1
648 1
649 1
652 1
653 1
658 1
659 1
680 1
688 1
692 1
694 1
699 2
712 1
716 1
717 1
719 1
723 1
729 1
752 1
759 1
783 1
788 1
789 1
791 1
793 1
801 2
809 1
810 1
812 1
822 1
824 1
825 1
827 1
835 1
837 1
840 1
842 1
844 1
849 1
850 2
859 1
860 2
861 2
865 1
867 2
869 1
872 1
874 1
876 1
877 1
878 1
880 1
882 1
883 1
884 3
890 1
891 1
894 1
895 1
896 1
897 2
899 1
905 1
909 1
912 2
918 1
919 1
922 1
925 1
926 1
927 1
928 1
929 1
930 1
933 1
934 1
935 1
936 1
938 1
942 1
946 1
947 1
948 1
954 2
955 1
972 1
974 2
975 1
979 1
981 1
982 1
1011 1
1014 1
1033 1
1037 1
1039 1
1044 2
1053 1
1063 1
1086 1
1096 1
1105 1
1114 1
1136 1
1137 1
1144 1
1152 1
1156 2
1163 1
1166 1
1167 1
1172 1
1181 1
1182 1
1187 1
1191 1
1198 1
1199 1
1201 1
1203 1
1205 1
1206 1
1213 1
1214 1
1225 1
1228 1
1233 1
1238 1
1239 2
1243 1
1245 1
1247 1
1261 1
1269 1
1285 1
1287 1
1288 2
1291 1
1296 2
1298 1
1303 1
1315 1
1319 1
1321 1
1323 1
1331 1
1334 1
1348 1
1349 1
1350 1
1351 1
1352 1
1358 1
1360 1
1365 2
1370 2
1373 1
1391 1
1397 1
1398 1
1399 1
1409 2
1421 1
1424 1
1434 1
1435 2
1439 1
1451 1
1462 1
1463 2
1464 1
1468 1
1469 1
1471 1
1473 1
1474 1
1478 1
1479 1
1481 1
1482 1
1484 1
1489 1
1490 1
1493 1
1494 2
1495 1
1496 1
1499 1
1501 1
1504 1
1505 2
1506 2
1507 1
1510 1
1511 1
1516 1
1518 1
1519 1
1521 1
1522 1
1526 2
1527 1
1529 1
1531 2
1536 1
1537 2
1538 1
1565 1
