100 3000 50
0 258765
1 2
2 1
3 2
5 1
6 2
7 3
8 1
9 2
12 2
13 1
14 1
15 2
16 1
17 1
18 1
21 1
23 1
24 1
26 2
29 1
31 1
32 1
37 2
39 2
50 1
53 1
55 1
62 1
67 1
68 2
69 1
77 2
82 1
84 1
88 1
92 1
95 1
96 1
100 1
102 2
108 1
110 2
112 1
116 1
117 1
120 1
126 2
129 2
130 1
131 1
138 1
139 1
152 1
154 2
158 1
161 1
171 1
188 1
191 1
209 1
211 1
224 1
228 1
237 2
242 1
244 1
245 1
261 1
278 2
279 1
281 1
294 1
298 1
301 1
302 1
303 1
308 1
310 1
318 1
322 1
333 1
336 1
338 1
342 1
343 1
347 2
348 1
352 1
353 1
356 1
359 1
361 1
364 1
366 2
367 1
375 2
377 1
380 1
381 1
383 1
385 1
386 1
392 2
395 1
403 1
416 1
419 1
426 1
431 1
435 1
442 1
444 3
448 1
449 1
450 1
457 1
479 1
483 1
486 1
504 1
549 1
550 1
566 1
567 1
573 1
578 1
586 1
587 1
600 1
603 1
613 2
616 2
619 2
620 1
628 1
629 1
635 1
638 1
640 1
644 1
647 1
662 1
677 1
680 1
683 1
693 1
722 1
724 1
738 1
748 1
750 1
752 2
761 1
769 1
771 1
797 1
802 1
809 1
811 1
813 1
814 1
815 1
825 1
827 1
836 1
838 1
844 2
845 2
857 3
858 2
860 3
865 3
870 2
873 1
877 2
878 2
881 1
882 2
887 1
890 2
893 1
898 3
900 1
901 1
902 2
903 2
909 1
912 1
913 1
914 2
915 1
920 2
923 1
925 1
926 1
928 3
930 1
933 1
943 1
950 1
952 1
953 1
954 1
956 1
961 2
963 1
965 1
967 1
969 1
971 1
972 1
976 1
980 1
988 1
989 1
1008 1
1034 1
1040 1
1041 1
1045 1
1050 1
1061 1
1074 1
1075 1
1078 1
1090 1
1118 1
1131 1
1137 1
1140 1
1146 2
1147 1
1151 1
1152 1
1153 1
1155 1
1156 1
1162 1
1169 1
1173 1
1183 1
1184 1
1185 1
1186 2
1190 2
1204 1
1214 1
1215 1
1220 1
1222 1
1228 1
1246 1
1247 1
1250 1
1255 2
1256 1
1257 1
1258 1
1266 1
1268 1
1273 2
1275 1
1283 1
1287 1
1291 1
1292 1
1293 1
1296 1
1303 1
1307 1
1313 1
1321 1
1338 1
1342 3
1353 1
1355 1
1362 1
1370 1
1382 1
1384 1
1388 1
1390 1
1396 1
1413 1
1417 1
1422 2
1429 1
1433 1
1439 1
1444 1
1448 1
1449 1
1456 1
1461 1
1466 1
1467 1
1471 1
1472 2
1474 1
1481 1
1484 1
1486 2
1488 1
1491 1
1492 1
1497 4
1498 1
1502 1
1503 4
1505 1
1507 1
1508 1
1509 1
1513 1
1516 1
1517 1
1519 1
1528 2
1529 1
1534 1
1538 1
1544 1
1551 1
1552 1
1554 1
1555 1
