100 3000 50
0 258800
4 1
6 1
7 1
9 1
12 1
15 1
31 2
32 1
33 1
37 1
48 2
50 1
52 1
53 1
68 1
70 2
72 1
73 1
78 1
81 1
84 1
86 1
90 1
94 1
95 2
96 2
107 1
109 1
110 1
120 2
122 1
126 2
133 1
142 1
143 1
148 1
152 1
164 1
173 3
178 1
181 1
186 1
204 1
206 1
221 1
225 1
226 1
229 1
246 1
250 1
259 1
261 1
287 1
289 2
291 1
297 1
300 1
315 1
316 2
326 1
328 1
332 1
343 1
356 1
359 1
364 1
366 1
370 1
374 1
375 1
379 1
383 1
388 2
390 2
394 1
399 1
401 2
408 1
411 1
414 1
415 1
423 1
430 1
432 1
435 1
454 1
466 1
467 1
475 1
476 1
478 1
482 1
483 1
485 1
503 1
508 1
517 1
537 1
545 1
563 1
578 1
584 1
590 1
599 1
610 2
618 1
620 1
632 1
633 1
643 1
645 1
650 1
653 1
658 1
668 1
669 1
678 1
687 1
694 1
695 1
697 1
704 1
709 1
713 1
722 1
736 1
741 1
744 2
753 1
758 1
767 1
771 1
775 1
779 1
780 1
785 1
787 1
792 2
794 1
811 1
822 1
829 3
830 1
832 1
834 1
836 1
843 1
852 1
853 1
854 1
856 1
860 2
863 3
864 2
867 1
873 1
875 1
876 1
880 2
881 1
882 2
885 2
886 2
888 1
890 1
896 2
897 1
898 1
901 1
903 1
910 2
918 2
919 1
926 1
932 1
933 1
934 1
935 1
936 1
938 2
939 1
941 1
945 1
946 1
952 1
953 1
954 1
956 1
961 1
973 1
975 1
980 1
983 1
987 2
988 1
1001 1
1004 1
1014 1
1033 1
1049 1
1059 1
1067 2
1075 1
1078 1
1086 1
1089 1
1091 1
1092 1
1094 1
1108 1
1135 1
1139 1
1144 1
1153 1
1154 1
1161 2
1173 1
1175 1
1177 1
1178 1
1179 1
1185 1
1186 2
1188 1
1201 2
1202 1
1212 1
1214 1
1216 1
1224 1
1225 1
1227 1
1232 1
1239 2
1243 1
1250 1
1256 1
1258 1
1262 1
1264 1
1268 2
1282 1
1283 1
1284 1
1292 1
1297 1
1301 1
1305 1
1307 1
1317 1
1322 1
1336 1
1339 1
1340 1
1344 1
1345 1
1349 1
1350 1
1356 1
1357 1
1360 1
1363 1
1371 1
1382 1
1393 1
1396 1
1404 1
1413 1
1416 1
1426 1
1428 1
1429 1
1439 1
1446 1
1450 1
1463 2
1464 1
1468 1
1474 1
1475 1
1479 1
1482 1
1483 2
1484 1
1487 1
1489 1
1492 1
1493 2
1494 2
1495 2
1496 1
1497 2
1503 2
1504 1
1505 2
1506 2
1507 2
1508 1
1511 1
1513 1
1516 1
1517 2
1518 1
1519 2
1521 1
1526 1
1528 1
1532 1
1536 1
1537 1
1572 1
