100 3000 50
0 258793
4 2
6 2
7 2
9 1
11 1
16 2
23 1
32 1
36 1
37 1
38 1
39 2
43 1
46 1
47 1
50 1
53 1
59 1
60 1
62 1
64 1
73 1
74 1
79 1
88 1
90 1
92 1
93 1
96 2
101 1
103 1
110 2
112 1
116 1
117 1
123 1
124 2
131 1
132 2
141 1
143 1
145 1
151 1
153 1
156 1
180 1
181 2
193 1
201 1
202 1
230 1
234 1
235 1
258 1
261 1
264 1
265 1
279 2
281 1
283 1
306 1
308 1
322 1
334 1
338 1
340 1
348 2
349 1
351 1
352 1
356 1
365 1
369 1
370 1
384 1
394 1
398 1
400 1
401 2
406 1
410 1
413 1
415 1
418 1
421 1
423 1
424 1
426 1
428 1
434 1
436 1
438 1
439 1
446 1
451 1
452 1
473 1
474 1
482 1
484 1
494 1
499 1
509 1
520 1
540 1
544 1
545 1
550 1
553 1
577 1
578 1
580 1
583 1
584 1
599 1
615 1
616 1
619 1
621 1
622 1
636 1
637 1
661 1
671 1
688 1
692 1
700 1
703 1
708 1
713 3
723 1
724 1
728 1
737 1
740 2
751 1
755 2
765 1
776 2
792 1
799 1
805 1
810 1
814 1
817 1
818 1
825 1
826 1
827 1
832 1
840 1
841 1
844 1
847 1
857 2
858 2
860 1
862 2
863 1
864 1
868 1
871 1
874 1
878 2
883 1
884 1
885 2
887 1
891 1
893 3
894 1
895 1
896 1
897 2
901 1
903 2
907 1
908 1
910 1
913 1
915 1
916 1
917 1
919 1
925 1
929 1
930 2
933 1
934 1
937 1
944 1
950 1
955 3
956 1
964 2
965 1
967 1
972 1
976 1
982 1
991 1
993 1
995 1
997 1
1000 1
1004 1
1011 1
1032 1
1034 1
1037 1
1050 1
1068 1
1072 1
1074 1
1080 1
1098 1
1109 1
1124 1
1129 1
1136 2
1137 1
1141 1
1143 1
1150 1
1152 1
1156 2
1162 1
1166 1
1171 1
1172 1
1180 1
1182 1
1186 1
1187 2
1191 1
1193 1
1196 2
1197 1
1225 1
1226 1
1227 1
1231 2
1235 1
1246 1
1253 2
1254 1
1259 1
1262 1
1270 1
1271 1
1272 1
1276 1
1281 1
1285 1
1288 1
1290 1
1301 1
1302 1
1310 1
1312 1
1315 1
1318 1
1320 2
1324 1
1329 1
1335 2
1338 1
1347 1
1351 1
1371 1
1374 1
1394 1
1401 1
1402 1
1404 1
1413 1
1420 1
1429 1
1436 1
1437 1
1457 1
1461 1
1462 1
1464 1
1465 1
1468 1
1471 1
1472 1
1473 1
1475 1
1476 1
1478 1
1479 1
1483 1
1487 1
1488 1
1492 2
1494 1
1496 2
1497 1
1498 2
1500 2
1502 2
1503 2
1504 1
1506 1
1508 2
1513 1
1516 1
1517 1
1518 1
1521 1
1525 1
1527 1
1528 1
1529 1
1532 1
1535 1
1536 1
1538 1
1539 1
1563 1
