100 3000 50
0 220947
1 5160
2 4317
3 3863
4 3298
5 2827
6 2415
7 2153
8 1855
9 1576
10 1385
11 1163
12 974
13 889
14 749
15 667
16 565
17 534
18 435
19 379
20 384
21 294
22 271
23 210
24 194
25 164
26 206
27 136
28 124
29 99
30 103
31 91
32 85
33 64
34 61
35 52
36 51
37 32
38 42
39 26
40 29
41 27
42 27
43 20
44 22
45 28
46 20
47 17
48 11
49 8
50 10
51 7
52 6
53 6
54 4
55 4
56 6
57 6
58 4
59 6
60 5
61 5
62 3
63 3
64 5
65 2
66 2
67 2
68 2
69 1
71 2
72 2
75 3
77 2
78 1
79 1
80 1
84 2
88 2
92 1
95 2
96 1
97 1
99 1
101 1
