100 3000 50
0 258798
4 1
6 1
7 1
8 1
11 1
17 1
19 2
24 1
29 1
30 1
34 1
36 1
39 1
41 1
43 1
50 2
53 1
60 1
69 1
72 1
73 2
75 1
76 1
83 1
91 1
94 1
99 1
104 3
107 2
108 1
112 1
119 1
124 1
126 1
130 1
135 1
136 1
138 1
150 1
151 2
152 1
156 2
169 1
174 1
188 1
193 1
198 1
207 1
216 1
225 1
228 1
243 1
248 2
261 1
279 1
288 1
292 1
295 1
311 1
313 1
317 1
320 1
322 1
332 2
334 2
335 1
344 2
354 1
368 1
371 2
378 1
384 1
397 1
398 1
399 1
400 2
404 1
410 1
411 1
415 1
417 1
420 1
422 1
431 1
436 1
440 1
441 1
446 1
456 1
459 1
460 1
463 2
481 1
483 1
489 1
491 1
501 1
515 1
536 1
552 1
558 1
561 1
584 1
592 1
605 2
606 1
609 1
610 1
618 1
622 1
623 1
636 1
645 1
646 1
664 1
669 1
672 1
676 1
681 1
682 1
684 1
699 1
703 1
705 1
711 1
719 1
726 1
731 1
739 1
745 1
748 1
757 1
760 1
762 1
764 1
786 1
788 1
795 1
800 1
816 1
817 1
819 1
825 2
830 1
834 1
836 1
848 1
849 1
850 1
853 1
855 1
859 1
860 3
862 1
863 1
867 2
872 1
874 1
876 1
879 1
880 1
883 1
884 1
888 2
892 2
894 2
895 1
899 1
900 1
901 2
904 3
905 1
906 1
908 1
909 1
912 1
914 1
920 1
921 1
922 1
923 2
924 1
925 1
926 2
927 1
929 1
931 1
933 1
934 1
943 1
945 1
947 1
951 1
954 1
962 1
968 1
981 1
983 1
1002 1
1006 1
1016 1
1018 1
1019 1
1034 1
1037 1
1053 1
1055 1
1061 1
1063 1
1064 1
1067 1
1077 1
1085 1
1099 1
1132 1
1141 1
1147 1
1153 1
1159 2
1162 1
1166 1
1169 1
1170 1
1173 1
1174 2
1175 1
1177 2
1187 1
1197 1
1202 1
1204 1
1208 2
1210 1
1220 1
1225 1
1226 1
1229 1
1230 1
1232 2
1235 2
1257 1
1263 1
1267 1
1270 2
1273 2
1282 1
1285 1
1288 1
1289 2
1297 1
1298 2
1300 1
1301 1
1309 1
1311 1
1313 1
1315 1
1322 1
1323 1
1326 1
1336 1
1340 1
1352 1
1366 1
1367 1
1370 1
1374 1
1377 1
1406 1
1411 1
1419 1
1423 1
1425 1
1431 1
1442 1
1452 1
1453 1
1457 1
1460 1
1463 2
1466 1
1467 1
1468 1
1469 1
1478 1
1479 1
1481 1
1482 2
1483 1
1484 1
1485 1
1489 1
1491 1
1493 2
1494 1
1495 1
1498 1
1501 1
1502 2
1505 1
1506 1
1507 1
1509 1
1511 1
1515 1
1516 1
1517 1
1518 2
1521 1
1528 1
1531 1
1532 1
1533 1
1534 1
1537 2
1540 1
1543 1
1548 1
1558 1
