100 3000 50
0 258800
4 1
6 2
7 1
13 1
14 1
15 1
27 2
33 1
34 1
35 1
39 1
44 1
46 1
51 1
54 1
61 1
64 1
70 2
76 2
78 1
92 1
95 2
96 1
98 1
100 1
101 1
102 1
111 1
118 1
120 1
122 1
125 1
129 1
135 1
139 1
144 2
147 1
152 1
158 1
160 1
162 1
170 1
174 1
175 1
178 1
202 1
203 1
204 1
205 1
206 1
214 1
226 1
241 1
253 1
261 1
262 1
266 1
278 1
285 1
293 1
296 1
300 1
305 1
309 1
310 1
323 1
332 1
339 1
341 1
350 1
355 1
361 3
365 2
367 1
372 1
379 1
382 2
383 1
389 1
394 1
397 2
414 1
417 1
420 1
430 1
432 1
436 1
445 2
449 1
453 1
455 1
461 1
475 1
476 1
479 1
482 1
506 1
509 1
525 1
558 1
565 1
588 2
590 1
599 1
606 1
607 1
609 1
618 1
619 1
624 1
633 1
634 1
635 1
643 1
646 1
650 1
653 1
658 1
669 1
693 1
701 2
703 1
706 1
718 1
728 1
734 1
742 1
744 1
745 1
747 1
753 1
765 1
778 2
779 1
785 1
789 1
794 1
798 1
809 1
811 1
812 2
813 1
816 1
822 1
827 1
830 1
834 1
837 1
840 1
841 1
846 2
850 1
852 1
855 1
863 1
867 1
868 1
870 1
871 3
875 2
877 1
878 1
883 1
884 1
886 3
888 2
889 1
891 1
893 2
895 2
902 1
903 1
904 1
906 1
909 2
911 3
912 1
915 1
916 1
924 2
925 1
928 1
929 2
941 1
948 1
949 1
950 1
955 1
963 1
966 1
971 1
972 1
975 1
976 1
985 1
986 1
992 2
1009 1
1016 1
1018 2
1032 1
1037 1
1044 1
1084 1
1090 1
1095 1
1108 1
1128 1
1130 1
1133 1
1139 1
1147 1
1150 1
1160 1
1162 1
1170 1
1180 2
1182 1
1190 1
1193 2
1196 1
1203 1
1205 1
1207 1
1212 1
1214 1
1216 1
1219 1
1220 1
1228 1
1235 1
1242 1
1244 1
1249 2
1251 1
1256 1
1259 1
1260 1
1263 1
1265 1
1272 1
1273 1
1277 1
1285 1
1286 1
1287 1
1288 1
1294 1
1298 1
1300 1
1301 1
1303 1
1310 1
1312 1
1334 2
1346 1
1350 1
1351 1
1353 1
1358 2
1360 1
1370 1
1376 1
1382 1
1383 1
1384 1
1388 1
1395 1
1400 2
1409 1
1420 1
1437 1
1444 1
1464 1
1467 1
1469 2
1471 1
1477 1
1478 1
1480 1
1481 1
1482 3
1484 1
1485 2
1486 1
1488 2
1489 2
1491 1
1492 2
1493 1
1496 1
1497 1
1499 1
1501 1
1502 1
1503 1
1507 1
1508 1
1509 1
1511 1
1512 2
1514 1
1515 2
1516 1
1518 3
1519 1
1522 1
1523 1
1529 1
1531 1
1533 1
1536 1
