100 3000 50
0 258788
5 2
6 1
7 2
9 3
12 2
13 1
17 1
18 1
19 1
23 1
29 1
31 1
40 2
42 2
48 1
50 2
55 1
57 1
71 1
72 1
77 1
82 1
84 1
86 3
92 1
99 2
100 1
103 1
108 2
109 1
110 1
111 2
113 1
123 1
125 1
129 1
137 3
139 2
146 1
151 1
157 1
165 2
168 1
176 1
189 1
193 1
201 1
203 1
210 1
214 1
235 1
245 1
246 1
257 1
267 1
270 1
274 1
287 1
292 1
302 1
312 1
317 1
324 1
325 1
331 1
337 1
343 2
347 1
351 1
353 1
355 1
359 1
360 1
361 1
364 1
366 1
379 1
389 1
394 1
398 1
403 2
407 1
413 1
415 2
426 1
427 1
431 1
438 1
441 1
442 1
443 1
454 1
460 1
462 1
469 1
470 1
484 1
511 2
517 1
520 1
527 1
545 1
555 1
559 1
572 1
575 2
580 1
588 1
590 1
611 1
613 1
614 1
624 1
629 1
636 1
638 1
660 1
663 2
665 1
671 1
677 1
681 1
686 1
696 2
703 1
704 1
705 1
713 1
719 2
730 1
735 1
743 1
745 1
755 1
763 1
775 2
785 1
789 1
801 1
802 1
811 1
814 1
817 1
819 1
821 1
828 2
829 1
832 1
838 2
840 1
843 1
848 1
850 1
851 1
855 1
858 1
861 1
864 1
865 1
866 1
869 1
870 1
871 1
872 1
873 1
875 1
879 1
881 2
888 1
891 1
892 1
895 1
898 1
900 1
902 2
904 1
905 1
906 2
908 1
911 1
915 1
916 1
918 1
921 1
922 2
924 1
926 1
927 1
929 1
934 1
935 1
940 1
941 1
942 1
943 1
948 1
949 1
952 1
953 1
956 1
958 1
959 1
960 1
967 1
971 1
975 1
983 1
985 1
991 1
993 1
994 1
1019 1
1026 1
1033 1
1051 2
1059 1
1088 1
1089 2
1107 1
1109 1
1110 1
1119 1
1124 1
1132 1
1148 1
1153 1
1168 1
1170 1
1172 1
1176 1
1178 1
1181 1
1183 1
1187 1
1190 1
1192 1
1193 2
1194 1
1201 1
1209 1
1212 1
1219 1
1222 1
1224 1
1226 1
1233 1
1238 1
1251 1
1252 1
1256 1
1257 1
1261 1
1264 1
1269 1
1276 1
1279 1
1289 2
1290 1
1292 1
1296 1
1297 1
1298 2
1300 1
1302 1
1303 1
1305 1
1310 3
1331 1
1332 1
1334 1
1335 1
1345 1
1347 2
1359 1
1375 1
1383 1
1384 1
1387 1
1389 1
1434 1
1445 1
1446 2
1453 1
1460 1
1461 1
1462 2
1466 1
1467 1
1470 1
1471 2
1473 1
1476 2
1478 1
1479 1
1484 1
1485 1
1487 1
1490 1
1492 1
1493 1
1494 3
1495 1
1496 1
1498 1
1502 1
1504 1
1505 1
1506 2
1508 1
1509 1
1510 1
1511 1
1513 1
1515 1
1521 1
1522 1
1524 1
1527 1
1529 2
1530 1
1533 1
1538 2
1540 1
1547 1
