100 3000 50
0 244258
1 3056
2 2141
3 1489
4 1125
5 867
6 671
7 536
8 462
9 386
10 337
11 288
12 230
13 215
14 156
15 167
16 160
17 109
18 113
19 103
20 92
21 76
22 97
23 92
24 63
25 66
26 50
27 65
28 58
29 43
30 43
31 40
32 36
33 39
34 39
35 49
36 29
37 26
38 26
39 17
40 21
41 19
42 23
43 21
44 26
45 24
46 19
47 16
48 19
49 12
50 11
51 18
52 20
53 10
54 12
55 11
56 12
57 11
58 16
59 13
60 16
61 12
62 13
63 14
64 5
65 15
66 12
67 11
68 10
69 12
70 7
71 12
72 7
73 7
74 3
75 10
76 6
77 7
78 8
79 7
80 9
81 6
82 5
83 6
84 7
85 2
86 6
87 5
88 5
89 4
90 8
91 8
92 7
93 7
94 1
95 7
96 2
97 4
98 3
99 4
100 6
101 8
102 9
103 6
104 1
105 3
106 5
107 6
108 4
109 4
110 1
111 7
112 4
113 4
114 2
115 5
116 8
117 3
118 5
119 7
120 2
121 3
122 3
123 4
124 2
125 7
127 7
128 4
129 3
130 3
131 2
132 4
133 5
134 4
135 2
136 6
137 3
138 5
139 5
140 5
141 1
142 2
143 2
144 6
145 5
146 3
147 4
148 4
149 3
150 4
151 4
152 2
153 2
154 2
155 1
156 3
157 1
158 2
160 2
161 4
163 4
164 1
165 3
166 1
167 4
168 7
169 2
170 1
171 2
172 2
173 1
174 2
175 1
176 1
178 3
179 2
181 1
182 3
183 2
184 2
185 2
186 2
188 2
189 1
190 1
191 1
192 1
193 3
194 3
195 1
196 1
198 2
199 1
200 2
203 1
204 1
205 1
206 1
209 2
210 4
211 3
212 4
213 2
214 2
215 1
216 1
217 1
218 2
219 2
220 2
221 1
222 1
223 2
224 3
228 1
230 2
231 1
232 3
233 1
234 2
235 2
237 1
238 1
239 1
240 4
241 2
242 3
244 1
246 1
247 3
248 3
250 1
251 2
252 1
253 2
254 1
255 2
256 1
257 3
258 4
260 3
261 2
263 1
264 1
265 1
266 1
268 3
271 1
272 2
274 1
275 1
276 2
278 1
279 1
282 2
283 1
286 1
287 1
290 2
291 1
292 1
295 1
297 1
300 1
301 1
304 2
305 2
307 2
309 1
310 1
313 2
314 2
315 2
317 1
319 1
321 1
325 1
327 1
329 1
330 1
331 2
332 1
333 1
335 3
341 2
345 1
346 2
349 1
350 1
351 1
352 1
358 1
359 1
361 1
362 1
364 1
367 1
368 1
369 1
373 1
380 1
382 2
384 1
386 2
389 2
392 1
393 3
395 1
396 1
400 1
403 2
404 1
407 2
409 1
410 1
411 1
413 2
414 1
420 1
422 1
424 1
426 1
427 1
433 1
436 1
439 1
440 1
449 1
450 1
457 1
458 3
459 1
470 1
472 1
474 1
475 1
480 1
481 1
484 1
487 1
488 1
490 1
502 1
504 1
506 1
510 1
516 1
519 1
528 1
530 1
537 2
538 1
542 1
548 1
550 1
551 1
556 1
565 1
576 1
578 1
579 1
582 2
589 1
591 1
593 1
596 2
597 1
598 1
600 1
605 1
606 1
608 1
611 2
617 1
619 1
620 1
621 1
622 1
635 1
636 1
641 2
649 1
650 1
654 1
657 1
667 1
676 1
686 1
687 1
694 2
704 1
706 1
707 1
712 1
724 1
735 1
737 1
738 1
745 2
756 1
762 1
764 1
765 2
779 1
781 1
786 1
803 1
808 1
814 1
822 2
826 1
827 1
840 1
843 1
867 1
885 1
893 1
899 1
940 1
946 1
989 1
1002 1
1003 1
1051 1
1069 1
