100 3000 50
0 258799
4 1
6 1
7 1
9 1
10 1
18 2
19 1
32 1
33 1
37 1
43 1
48 2
50 2
53 1
60 1
63 1
65 1
72 3
77 1
87 1
88 1
91 1
97 1
98 1
102 1
105 1
108 1
111 1
114 1
117 1
123 1
126 2
127 1
128 1
129 2
139 1
144 1
146 1
157 1
160 2
169 1
171 2
187 1
200 1
209 1
224 1
228 1
229 1
256 1
263 1
266 1
271 1
273 1
275 1
281 1
284 1
291 1
296 1
307 2
311 1
312 1
315 2
318 1
332 1
338 2
347 1
349 1
353 2
355 1
357 1
358 1
373 1
374 1
378 1
380 1
384 1
389 1
399 1
401 1
402 1
406 1
408 1
414 1
417 1
423 1
427 1
430 1
431 1
435 1
436 1
441 1
463 1
482 1
487 1
508 1
535 1
536 1
538 1
552 1
554 1
574 1
575 1
592 1
595 1
597 1
602 1
606 1
610 1
616 1
618 1
622 1
625 1
632 1
641 1
649 1
654 1
659 1
660 1
664 1
668 1
669 1
672 1
676 1
677 1
685 1
690 1
698 1
706 1
709 1
712 1
731 1
738 1
743 1
753 1
758 1
773 2
777 1
778 1
784 1
793 1
797 1
802 1
808 1
811 1
813 1
818 2
819 1
822 1
823 1
825 1
828 1
830 1
840 2
851 1
860 1
863 1
864 1
865 1
866 1
870 1
871 2
872 1
880 1
882 1
884 2
885 1
888 1
889 1
891 1
892 1
896 1
900 1
907 2
911 1
913 1
917 2
920 1
921 1
924 1
925 3
931 2
932 1
933 1
936 2
937 1
939 1
941 1
942 1
943 1
945 2
946 1
948 1
949 2
950 1
955 1
963 1
967 1
975 1
984 2
989 1
998 1
1000 1
1010 1
1023 1
1031 1
1032 1
1033 1
1036 1
1043 1
1044 1
1102 1
1115 1
1118 1
1119 1
1125 2
1132 1
1136 1
1138 1
1141 1
1142 1
1144 1
1155 1
1158 1
1167 1
1168 2
1169 1
1172 1
1176 1
1179 1
1195 1
1197 1
1201 1
1209 1
1211 2
1212 1
1218 1
1221 1
1222 1
1237 1
1240 1
1246 1
1247 1
1252 1
1262 3
1265 2
1270 1
1271 1
1277 1
1278 1
1280 1
1287 1
1292 1
1295 1
1296 1
1308 1
1316 1
1322 1
1325 1
1326 1
1337 2
1347 1
1350 1
1355 1
1369 1
1379 1
1381 1
1382 1
1392 2
1397 1
1398 1
1405 1
1415 1
1425 1
1428 1
1434 1
1438 1
1446 1
1456 1
1460 1
1462 1
1464 1
1465 1
1467 2
1470 1
1471 1
1473 1
1474 1
1475 2
1481 1
1483 1
1484 1
1485 1
1492 2
1493 2
1495 1
1496 1
1497 1
1498 1
1499 1
1501 1
1502 1
1504 1
1505 1
1507 1
1508 2
1511 1
1512 1
1515 1
1516 1
1519 1
1525 2
1526 1
1527 1
1529 1
1533 2
1535 1
1538 1
1540 1
1544 1
1562 1
