100 3000 50
0 258799
4 1
6 1
7 1
11 1
16 1
20 1
26 1
28 1
33 1
35 1
39 1
41 1
50 1
61 1
63 1
64 1
66 1
67 1
74 1
76 2
83 1
84 2
86 1
93 1
95 3
100 1
102 1
104 1
105 1
108 1
111 1
112 1
114 1
116 1
118 1
125 1
127 1
128 1
135 2
141 1
142 1
146 1
149 1
157 1
166 1
167 1
172 1
207 1
209 1
228 1
229 1
239 1
252 2
253 2
258 2
266 1
274 1
277 1
286 1
299 1
301 1
324 1
326 2
327 1
332 1
339 1
348 2
351 1
352 1
355 1
362 1
371 1
374 1
375 1
378 1
384 1
388 1
393 1
396 1
399 1
401 1
405 1
406 1
411 1
413 1
415 1
419 1
422 1
423 1
425 2
428 1
441 1
445 1
456 1
459 1
462 1
475 1
502 1
506 1
544 1
552 1
554 1
562 1
567 1
568 1
571 1
589 1
604 2
610 1
613 1
625 1
626 1
641 1
642 1
648 1
650 1
651 1
653 1
658 1
661 1
664 1
672 1
676 1
692 1
698 1
699 1
707 2
712 2
736 1
755 1
767 1
780 1
781 2
786 1
792 2
795 3
796 2
800 1
802 1
807 2
841 1
843 1
844 1
845 2
846 1
851 1
852 2
856 1
864 1
866 1
873 1
877 1
879 1
884 1
885 1
888 1
893 2
894 1
898 1
902 2
904 1
905 1
906 1
908 2
912 3
913 1
914 2
916 1
917 1
918 1
919 1
920 1
922 1
923 1
924 2
925 1
927 3
931 1
932 1
933 1
937 2
938 1
939 1
941 1
950 1
951 1
958 1
959 1
960 1
966 2
971 1
978 2
986 1
998 2
1011 1
1019 1
1020 1
1028 1
1032 1
1054 1
1055 1
1056 1
1069 1
1087 1
1094 1
1110 1
1117 1
1135 1
1138 1
1142 1
1143 3
1148 1
1151 1
1154 1
1155 1
1156 1
1157 1
1158 1
1160 2
1164 1
1170 1
1174 1
1182 1
1200 1
1203 1
1205 1
1224 1
1229 1
1230 1
1237 1
1241 2
1242 1
1247 1
1251 1
1254 2
1262 1
1263 2
1266 1
1267 1
1271 1
1272 1
1273 1
1275 1
1289 1
1295 1
1297 1
1301 1
1304 1
1313 1
1324 1
1325 1
1328 1
1334 1
1340 1
1348 1
1351 1
1353 1
1363 1
1364 1
1367 1
1375 2
1380 1
1387 1
1389 1
1402 1
1403 1
1430 1
1433 1
1435 1
1442 1
1446 1
1453 1
1460 1
1462 1
1465 1
1467 1
1469 1
1474 1
1475 1
1480 1
1481 1
1483 1
1485 1
1487 3
1488 2
1489 1
1491 1
1492 1
1493 1
1494 1
1496 1
1499 1
1501 1
1502 1
1504 2
1506 1
1507 1
1508 1
1509 1
1511 1
1512 2
1513 3
1515 1
1517 1
1519 1
1520 1
1525 1
1526 1
1531 1
1533 1
1540 1
1547 1
1561 1
