100 3000 50
0 258702
1 5
2 12
3 5
4 5
5 1
6 5
7 2
8 1
9 6
10 1
12 4
13 4
14 1
15 2
16 2
17 1
21 2
22 1
24 2
26 2
27 1
31 2
33 2
36 1
37 1
38 1
40 1
44 1
47 1
48 1
50 2
51 1
55 1
56 2
59 2
61 1
62 1
68 1
69 1
70 4
76 1
77 2
78 2
80 1
81 1
82 1
85 2
87 1
90 1
91 1
92 1
93 1
96 1
97 1
101 1
103 1
108 2
112 1
117 1
118 1
120 1
123 1
124 1
126 1
128 2
129 1
131 1
134 1
139 1
146 1
165 1
167 1
168 1
172 1
176 1
179 1
182 1
203 1
210 1
211 1
218 1
233 1
238 1
243 1
246 1
252 1
253 1
254 1
255 1
256 1
260 1
262 1
264 1
266 1
272 1
274 1
285 1
290 1
295 1
297 1
299 1
302 1
321 1
324 1
325 1
329 1
332 1
333 1
341 1
342 1
345 1
347 1
348 1
352 1
353 1
354 1
355 1
358 1
364 2
367 1
368 1
374 1
378 1
379 1
383 1
384 1
392 1
398 1
402 1
403 1
409 1
411 1
429 1
432 1
436 1
437 1
438 1
444 1
445 1
454 1
455 1
469 1
477 2
482 1
486 1
495 1
514 1
518 1
519 1
520 1
522 1
538 1
541 1
542 1
551 1
560 1
561 1
569 1
581 1
582 1
591 1
600 1
602 1
604 1
611 1
612 1
614 1
622 1
623 1
631 2
645 1
650 1
654 1
656 2
660 1
661 2
674 1
682 1
684 1
725 1
732 2
734 1
745 1
752 1
755 1
756 1
779 1
783 1
789 1
795 2
798 1
799 1
801 1
802 1
803 1
808 1
812 1
813 1
816 2
821 1
831 1
832 1
833 1
834 1
841 1
842 1
843 3
845 1
846 1
847 1
848 1
852 1
858 1
859 1
860 1
861 1
862 1
864 1
868 1
871 1
874 1
876 1
877 2
881 2
885 1
888 1
889 1
892 1
896 1
903 1
905 1
906 1
910 1
911 1
913 1
916 1
919 1
922 1
923 1
924 1
927 1
930 1
931 2
932 1
937 1
939 1
943 2
947 1
949 1
952 3
954 1
957 2
960 1
977 1
979 1
980 1
982 1
993 1
999 1
1002 1
1006 1
1007 1
1011 1
1016 1
1036 1
1068 1
1078 1
1091 1
1096 1
1110 1
1117 1
1135 2
1139 1
1145 1
1149 1
1152 1
1154 1
1156 1
1163 1
1164 1
1167 1
1168 1
1172 1
1179 1
1182 1
1183 1
1187 1
1193 1
1201 2
1204 1
1207 1
1208 1
1209 1
1213 1
1220 2
1227 1
1237 1
1241 1
1243 1
1245 1
1246 1
1248 1
1250 1
1252 1
1253 1
1260 1
1263 1
1264 1
1284 1
1285 1
1293 1
1294 1
1296 1
1300 1
1301 1
1311 1
1312 1
1320 1
1331 1
1336 1
1338 1
1344 1
1353 2
1366 2
1371 1
1374 1
1377 1
1392 1
1395 1
1401 1
1404 1
1424 1
1426 1
1427 1
1432 1
1433 2
1434 1
1436 1
1443 1
1447 1
1448 1
1450 1
1455 1
1457 1
1463 2
1470 1
1471 1
1473 2
1477 1
1480 1
1482 1
1483 2
1488 2
1492 1
1495 2
1497 1
1501 1
1503 1
1505 2
1512 2
1517 1
1518 1
1521 1
1526 1
1527 2
1528 1
1530 1
1535 1
1542 2
1563 1
