100 3000 50
0 258754
1 2
2 2
3 1
5 3
6 1
7 2
8 1
9 2
10 1
11 2
12 3
13 1
14 1
16 2
17 2
18 4
20 1
22 2
23 1
24 1
25 1
30 4
31 1
32 1
36 1
39 1
45 1
49 1
50 1
52 1
56 1
65 1
66 1
74 2
80 1
85 2
86 2
90 1
91 1
92 1
93 1
102 1
105 1
108 1
113 1
115 1
119 1
120 1
122 1
128 2
129 1
131 1
133 1
135 1
137 1
141 1
143 1
145 1
152 1
154 1
158 1
167 1
183 1
191 1
192 1
194 1
207 1
217 1
227 1
230 1
232 1
234 1
237 1
247 1
250 1
258 1
263 1
277 1
278 1
285 1
294 1
295 2
297 2
301 1
305 1
306 1
309 1
311 1
314 1
316 1
317 2
318 2
324 1
335 1
353 1
354 1
365 1
366 1
371 1
375 1
376 1
378 2
379 1
389 1
390 2
391 1
396 1
411 1
415 1
417 1
422 1
424 1
426 1
427 1
437 1
444 1
454 1
455 1
457 2
461 1
463 1
465 1
475 1
482 1
488 1
507 2
534 1
538 1
552 2
565 1
572 1
581 1
584 1
590 2
594 1
608 1
612 2
614 1
624 1
627 2
631 1
633 1
636 1
656 1
659 1
664 1
667 1
683 2
692 1
703 1
712 1
719 1
721 1
733 1
736 1
745 1
752 1
753 1
763 1
764 1
767 1
774 1
784 1
788 1
793 1
799 1
809 1
817 1
818 1
819 1
822 1
826 1
827 1
833 1
836 1
837 2
839 2
842 2
843 1
846 1
850 1
861 1
862 1
866 1
869 1
871 1
873 1
874 1
876 1
877 1
878 1
880 1
881 1
882 2
883 1
885 1
886 1
890 1
893 1
894 1
895 1
899 2
902 2
903 1
909 1
910 1
912 1
915 1
918 1
921 1
922 2
925 1
929 2
930 1
933 2
934 1
938 2
939 1
945 1
947 1
949 1
951 1
952 1
953 1
956 1
961 1
967 1
968 1
969 1
972 1
977 1
979 1
984 1
988 1
993 1
1002 1
1006 1
1016 1
1026 1
1037 1
1048 1
1052 1
1078 1
1094 1
1104 1
1105 1
1106 1
1110 1
1122 1
1136 1
1137 2
1146 1
1153 1
1160 1
1163 1
1168 1
1171 1
1175 1
1180 1
1181 1
1183 1
1189 1
1200 2
1207 1
1209 1
1213 1
1214 1
1218 2
1220 1
1222 1
1225 1
1229 1
1234 1
1237 1
1255 1
1264 1
1267 1
1271 1
1274 1
1278 1
1279 1
1281 1
1287 1
1293 1
1295 2
1300 1
1305 2
1313 2
1323 1
1325 1
1330 1
1336 2
1340 1
1341 1
1342 1
1355 1
1356 1
1360 1
1366 1
1367 1
1369 1
1382 1
1383 1
1390 1
1401 1
1420 1
1434 1
1441 1
1443 1
1444 1
1447 2
1466 1
1474 1
1475 1
1478 2
1480 1
1482 3
1483 1
1485 1
1486 2
1488 1
1489 2
1490 2
1497 1
1499 1
1500 2
1501 1
1508 1
1510 2
1511 2
1512 1
1513 1
1514 3
1515 1
1517 1
1518 1
1522 1
1525 1
1526 1
1527 1
1546 1
1551 1
1556 1
