100 3000 50
0 256844
1 628
2 321
3 160
4 85
5 69
6 50
7 37
8 29
9 28
10 22
11 16
12 21
13 11
14 17
15 16
16 8
17 10
18 9
19 11
20 6
21 12
22 10
23 7
24 12
25 4
26 7
27 4
28 3
29 5
30 10
31 7
32 5
33 3
34 3
35 4
36 4
37 3
38 6
39 3
40 3
41 2
42 5
43 4
44 4
45 2
46 5
47 5
48 2
49 2
50 1
51 3
52 1
53 1
54 3
55 2
58 5
60 2
61 2
62 1
63 3
64 1
65 1
67 1
68 2
70 3
71 1
72 3
73 1
75 2
76 4
77 3
78 3
79 3
80 1
81 3
82 2
83 1
85 1
86 3
88 4
90 2
91 3
92 1
94 3
95 3
96 2
97 1
98 1
99 1
100 2
101 3
102 4
103 1
104 2
105 1
107 3
108 2
109 4
110 4
112 2
114 1
115 2
116 4
117 1
119 1
120 3
121 1
122 1
123 1
124 4
125 1
126 2
132 4
133 1
134 3
135 4
139 1
141 2
142 1
144 1
146 1
147 1
149 1
150 1
151 3
154 1
156 1
157 1
158 3
159 1
160 1
161 1
162 2
163 1
165 1
166 2
167 2
168 2
169 5
171 1
172 3
173 2
174 1
175 2
176 1
178 3
181 1
183 2
184 2
185 1
189 1
190 1
191 3
193 4
194 2
196 1
197 2
201 1
204 1
207 2
211 1
213 1
214 1
216 1
217 1
220 1
222 2
223 1
224 1
225 1
226 1
227 1
228 2
230 3
232 1
234 1
235 1
236 2
238 1
239 1
242 1
243 1
244 3
246 1
249 1
251 2
256 2
257 1
264 2
266 1
269 1
271 1
272 1
274 1
276 3
277 1
278 1
279 3
280 1
283 1
285 1
287 1
288 1
290 1
293 1
295 1
301 1
305 1
307 1
308 1
309 1
310 1
311 1
313 1
314 1
316 1
317 1
319 1
320 2
323 1
326 1
332 1
333 1
335 3
337 1
338 1
340 1
341 1
342 1
345 1
348 1
349 1
352 1
353 1
354 1
355 1
362 1
363 1
365 1
366 1
367 1
371 1
375 1
380 1
385 1
387 1
389 2
391 1
393 2
395 1
396 1
398 2
400 1
401 1
403 1
405 1
406 1
408 2
409 1
411 1
413 1
415 1
417 2
424 2
425 1
427 1
429 3
430 1
433 1
436 1
437 1
439 1
443 3
444 1
445 1
448 1
450 1
456 1
460 1
462 1
464 1
468 1
469 2
470 1
471 1
473 2
474 2
476 1
478 1
479 1
480 1
487 1
489 2
490 1
492 1
493 2
501 1
502 1
505 2
507 1
510 1
516 1
519 1
520 1
521 2
525 1
526 1
527 1
532 1
542 1
547 1
549 1
550 1
554 1
555 1
560 1
565 1
566 1
569 2
571 2
573 1
574 1
579 1
590 1
602 1
605 1
608 1
611 1
617 1
618 1
630 1
633 1
635 1
639 1
641 2
642 1
648 3
649 1
650 1
653 1
658 1
659 1
666 1
669 1
674 1
677 1
681 1
683 1
684 1
698 3
704 1
706 1
707 1
708 1
719 1
723 2
728 1
730 1
736 1
737 1
747 1
756 1
758 1
759 1
760 1
762 1
767 1
770 1
772 1
774 1
777 1
778 1
779 1
780 1
782 1
786 1
788 1
789 2
792 1
797 1
798 1
801 1
806 1
812 1
815 1
820 1
823 1
827 1
842 1
851 1
853 1
854 1
857 1
861 1
868 1
873 1
874 1
876 1
877 2
878 2
880 1
882 1
884 1
885 1
886 1
894 2
895 1
898 2
902 1
904 1
906 1
907 1
911 1
915 1
916 1
918 2
919 1
920 1
921 1
927 1
934 1
939 1
942 1
943 1
948 1
951 2
958 2
971 1
972 1
976 1
980 1
981 2
990 1
1005 1
1022 1
1027 1
1029 1
1031 1
1037 1
1041 1
1050 1
1057 1
1065 1
1067 1
1068 1
1071 1
1074 1
1085 1
1086 1
1097 2
1104 1
1110 1
1111 1
1119 1
1123 1
1126 1
1137 1
1138 1
1140 1
1141 1
1145 1
1152 1
1154 1
1171 2
1179 2
1180 1
1184 1
1191 1
1192 1
1201 1
1203 1
1206 1
1208 1
1222 1
1223 1
1224 1
1228 1
1231 1
1237 1
1249 1
1250 1
1257 1
1258 1
1272 1
1280 1
1286 1
1288 1
1290 1
1297 1
1336 1
1351 1
1359 1
1365 1
1366 1
1372 1
1382 1
1404 1
1405 1
1408 1
1413 1
1453 1
1454 1
1487 1
1513 1
