100 3000 50
0 258783
1 2
2 1
5 2
6 2
7 1
9 1
12 1
13 1
14 1
15 2
18 1
20 1
21 1
22 1
23 1
29 1
31 1
33 1
38 1
41 2
43 1
47 1
50 1
51 1
55 1
68 1
70 1
75 1
82 2
85 1
86 1
88 1
91 1
93 1
101 1
103 2
106 1
108 1
112 1
119 2
123 1
124 1
125 1
127 1
132 1
135 1
136 1
137 1
141 2
147 1
152 1
153 1
156 1
165 1
181 1
188 1
192 1
194 1
199 1
202 1
210 1
226 1
229 1
231 1
247 1
248 1
271 1
272 1
277 1
288 1
290 2
299 1
302 1
306 1
325 1
327 1
330 1
335 1
336 1
340 1
344 1
345 1
352 1
353 1
357 1
358 1
366 2
376 1
377 1
386 1
392 1
397 1
401 1
404 1
408 1
410 1
411 1
415 1
419 1
420 1
426 2
432 1
434 1
435 1
446 1
460 1
465 1
468 1
488 1
493 1
495 2
503 1
507 1
511 1
513 1
533 1
537 2
556 1
562 1
564 1
571 1
578 1
588 1
598 1
601 1
603 1
606 1
627 1
633 1
641 1
648 1
654 1
660 1
672 1
677 1
682 1
685 1
688 1
691 1
700 1
701 1
706 1
729 1
742 1
747 1
751 1
753 1
755 2
758 1
762 1
765 1
776 1
789 1
793 1
795 2
806 1
811 1
814 1
826 1
829 1
830 1
831 1
833 1
838 1
840 1
845 1
849 1
850 2
851 1
860 1
863 2
864 2
865 1
867 2
870 1
871 1
873 1
878 3
879 1
880 1
881 2
884 1
887 2
889 1
890 1
891 1
892 1
900 2
905 1
906 1
910 1
912 1
914 1
915 1
917 1
920 1
922 1
923 1
925 1
926 1
929 1
938 2
939 1
940 1
941 1
943 1
948 1
951 1
954 1
955 1
973 2
977 1
985 1
987 1
988 1
991 1
995 1
996 1
1002 1
1010 1
1014 1
1015 1
1030 2
1038 1
1048 1
1053 1
1067 1
1093 1
1111 1
1112 1
1119 1
1120 1
1126 2
1145 1
1148 1
1153 1
1156 1
1164 1
1165 1
1180 1
1188 1
1190 4
1195 2
1201 1
1203 2
1204 1
1207 1
1208 1
1211 1
1226 1
1228 3
1232 1
1233 1
1239 1
1242 2
1249 1
1250 1
1251 1
1254 1
1256 1
1267 1
1269 1
1270 1
1276 2
1290 1
1302 1
1303 1
1304 1
1305 1
1309 1
1311 1
1325 1
1333 1
1334 1
1345 1
1360 1
1361 1
1364 1
1365 1
1371 1
1378 1
1383 1
1384 1
1385 1
1386 1
1394 1
1412 1
1419 1
1426 1
1434 1
1437 1
1443 1
1449 1
1454 1
1457 1
1461 1
1462 3
1464 1
1465 1
1466 1
1467 1
1468 1
1472 1
1475 1
1481 1
1486 2
1487 1
1490 1
1491 1
1494 2
1498 1
1499 1
1500 2
1501 1
1502 1
1504 1
1505 1
1509 2
1513 1
1514 1
1519 1
1525 1
1528 1
1532 1
1533 1
1534 1
1539 1
1543 1
1546 1
1551 1
1554 1
1563 1
1566 1
1588 1
