100 3000 50
0 258607
1 22
2 14
3 15
4 12
5 9
6 8
7 3
8 7
9 3
10 4
11 2
12 2
13 5
14 2
15 1
16 1
17 1
18 1
19 1
20 2
21 3
22 3
23 1
26 2
28 1
29 3
30 1
32 2
34 2
37 2
38 1
39 4
40 2
41 1
43 3
44 2
45 2
48 1
49 1
51 1
52 1
54 1
55 1
58 1
59 1
63 1
64 1
68 1
70 2
71 1
73 1
74 1
76 2
77 1
79 2
80 2
81 1
82 1
86 2
88 1
90 1
94 1
97 2
98 1
103 1
105 2
106 1
108 1
109 2
110 1
112 3
114 3
115 2
120 1
122 1
126 2
130 1
135 3
142 2
143 1
145 1
146 1
148 1
154 1
168 1
179 1
181 1
200 1
201 1
205 1
207 1
209 1
211 1
217 1
228 1
235 2
240 2
243 1
245 1
248 1
250 1
251 1
252 1
254 2
257 1
265 1
279 1
281 1
284 1
288 1
300 1
302 1
303 1
304 1
305 1
306 1
314 1
315 2
318 2
321 1
324 1
326 1
328 1
335 1
337 1
338 1
341 1
342 1
346 1
350 1
355 1
356 1
359 1
373 1
374 1
375 1
383 1
384 1
389 1
390 2
393 1
399 2
400 1
403 1
411 1
419 1
424 1
432 1
434 2
435 1
451 1
455 1
457 1
462 2
463 1
467 1
475 3
476 1
486 1
501 1
503 1
504 1
529 1
530 1
536 1
537 1
545 1
547 1
548 1
549 1
550 2
551 1
553 1
561 1
576 1
583 1
584 1
585 1
587 2
589 1
591 1
607 1
636 1
645 1
647 1
652 1
660 3
668 1
669 1
698 1
699 1
706 1
708 1
712 1
717 1
725 1
746 1
748 2
751 1
753 1
755 1
762 1
769 1
772 1
773 1
776 1
778 1
780 1
781 1
783 1
788 1
790 1
794 1
806 1
809 1
810 1
812 1
813 1
814 2
815 1
816 1
822 1
823 1
825 1
829 1
834 1
835 2
838 1
840 1
844 1
846 1
847 1
848 1
851 1
856 1
857 1
862 2
864 1
867 1
868 1
873 1
876 1
878 1
881 1
884 1
885 1
894 1
897 1
899 1
901 1
902 2
907 1
911 2
913 1
916 1
922 1
924 1
925 1
926 1
927 1
930 1
935 1
937 2
941 1
943 1
944 1
946 2
951 1
952 1
955 1
957 1
959 1
965 2
966 1
968 1
973 1
986 1
1000 1
1003 1
1007 1
1020 1
1021 1
1024 1
1025 1
1027 1
1053 1
1057 1
1058 1
1066 1
1086 1
1096 1
1099 1
1109 1
1125 1
1131 1
1132 1
1135 2
1149 1
1151 1
1157 2
1163 1
1164 1
1169 1
1172 1
1181 1
1184 1
1185 1
1186 1
1189 1
1192 1
1195 1
1199 1
1201 2
1205 2
1208 1
1212 1
1216 1
1232 1
1239 1
1247 1
1250 1
1254 1
1255 1
1257 1
1262 1
1265 1
1268 1
1277 1
1278 1
1286 1
1289 1
1293 1
1295 1
1304 1
1310 2
1313 1
1323 1
1325 1
1327 1
1330 1
1346 1
1347 1
1374 1
1375 2
1377 1
1386 1
1388 1
1405 1
1409 1
1410 2
1414 1
1427 1
1435 1
1437 1
1440 1
1450 1
1457 1
1458 1
1460 2
1462 2
1466 1
1470 1
1471 1
1472 1
1474 1
1477 1
1480 3
1483 2
1485 1
1488 2
1489 1
1493 1
1496 1
1498 1
1502 1
1503 1
1504 1
1505 1
1511 2
1512 2
1517 1
1520 1
1524 1
1533 1
1538 1
