100 3000 50
0 258738
1 4
2 2
3 6
5 2
6 1
7 4
8 3
10 3
11 2
13 1
14 1
15 1
16 3
18 2
19 1
20 2
21 1
22 1
24 1
25 2
27 2
30 3
31 1
34 1
39 1
41 2
42 1
48 1
49 2
52 1
64 1
67 1
70 1
72 2
73 1
74 1
75 2
81 1
82 1
84 1
85 1
87 1
90 1
94 1
99 1
102 1
103 3
104 2
105 1
109 1
114 1
118 1
122 1
123 1
124 1
126 1
131 1
132 1
141 1
147 1
151 1
154 1
155 1
156 1
167 1
171 1
177 1
199 1
202 1
206 1
209 1
217 1
222 1
224 1
235 1
237 2
240 1
241 1
247 1
250 1
258 1
261 1
266 1
273 1
277 1
278 1
286 1
292 1
296 1
315 2
321 2
330 2
342 1
344 1
347 1
350 1
351 2
355 1
362 1
365 1
368 2
369 1
373 2
375 1
385 1
391 1
401 1
403 1
405 1
406 1
407 1
415 1
416 1
417 1
420 1
424 1
427 1
432 1
436 1
437 1
450 1
451 1
452 1
456 1
474 1
477 1
485 1
491 1
508 1
511 1
512 1
517 1
526 1
551 1
557 1
559 1
561 1
564 1
565 1
566 1
568 1
573 1
577 1
588 1
604 1
611 1
612 1
613 1
620 1
626 1
628 1
631 1
635 1
643 1
654 1
660 1
664 1
665 1
671 1
672 1
685 1
687 1
691 1
712 1
717 1
731 1
737 1
742 1
747 1
752 1
759 1
763 1
772 1
773 1
782 1
808 1
809 1
810 1
813 1
814 1
815 1
821 1
823 1
825 1
837 2
839 1
841 2
846 1
847 1
849 1
851 2
857 1
859 1
861 1
862 1
867 1
871 1
872 2
876 1
877 1
878 1
883 1
885 3
886 1
888 1
889 1
890 1
892 2
893 1
899 1
902 1
903 3
909 1
911 2
913 1
915 3
916 1
918 2
921 1
924 2
928 3
931 1
932 1
933 2
934 1
941 1
943 1
944 2
945 1
948 1
960 1
961 1
968 1
970 1
972 1
987 1
988 1
992 1
1001 1
1025 2
1026 1
1028 1
1048 2
1049 1
1068 1
1120 1
1134 2
1136 2
1140 1
1153 2
1158 1
1160 1
1165 1
1171 1
1174 1
1176 1
1177 1
1179 1
1181 3
1188 1
1190 1
1191 1
1193 1
1200 1
1203 2
1208 1
1212 1
1213 1
1215 1
1216 1
1221 1
1223 1
1234 1
1240 1
1249 1
1251 1
1254 1
1255 1
1259 1
1267 1
1273 1
1276 1
1278 1
1281 1
1282 1
1284 1
1288 1
1289 1
1294 1
1296 1
1306 1
1307 1
1309 1
1312 1
1316 1
1320 1
1333 1
1337 2
1345 1
1354 1
1373 1
1376 1
1393 1
1403 1
1409 1
1423 2
1425 1
1438 1
1448 1
1451 2
1452 1
1453 1
1457 1
1465 2
1468 1
1470 2
1471 1
1472 1
1474 1
1478 1
1481 1
1485 1
1486 2
1488 1
1489 1
1494 2
1496 1
1498 1
1499 1
1502 1
1503 1
1504 1
1505 1
1506 1
1508 2
1512 2
1515 1
1516 1
1519 1
1525 1
1526 1
1529 1
1530 1
1535 1
1542 1
1544 1
1548 1
1549 1
