100 3000 50
0 258791
3 1
4 2
5 1
6 2
7 1
9 1
13 1
14 1
16 1
19 1
21 1
24 1
28 1
36 1
41 2
44 1
46 1
51 1
53 1
57 1
60 1
65 1
68 1
72 2
74 1
78 1
85 1
88 1
89 1
91 1
92 2
96 1
100 1
103 1
105 1
106 1
110 1
114 1
119 1
121 2
126 1
128 1
132 1
135 2
139 1
147 1
148 1
160 1
170 1
183 1
192 1
194 1
201 1
205 1
210 1
212 1
224 1
232 1
244 2
251 1
263 1
282 1
295 1
305 1
312 1
317 1
338 1
339 1
341 1
345 2
347 1
349 1
351 1
354 1
356 1
366 1
370 1
371 1
374 1
376 1
377 1
380 1
381 1
383 1
385 1
391 1
401 1
411 1
415 1
419 1
429 1
430 1
435 1
436 1
437 1
442 1
445 1
448 1
449 1
454 1
457 1
460 1
468 1
476 1
483 1
484 1
495 1
502 1
512 1
513 1
526 1
535 1
541 1
566 1
569 1
577 1
585 1
593 1
613 1
617 1
618 1
619 1
627 1
629 1
631 1
634 1
636 1
651 1
653 1
658 1
673 1
678 1
681 1
686 1
689 1
695 1
698 1
700 1
703 1
705 1
731 1
733 1
734 1
747 1
754 1
756 1
777 1
779 1
781 1
787 1
793 1
799 1
807 1
808 1
818 1
820 1
829 2
830 1
833 1
835 1
838 1
847 2
849 1
852 1
855 1
856 1
857 1
858 1
862 1
863 3
864 1
868 1
872 2
873 1
880 1
881 1
884 1
886 1
888 2
891 1
894 2
895 1
896 1
897 1
899 1
901 1
902 1
906 1
907 3
909 1
910 1
914 1
915 1
918 1
919 1
920 1
921 1
922 2
926 1
927 2
928 2
931 1
932 1
935 1
937 1
938 1
941 1
947 1
948 2
957 1
965 1
967 1
971 1
976 1
994 1
998 1
1016 1
1017 1
1033 2
1035 1
1055 1
1060 1
1083 1
1085 1
1101 1
1116 1
1127 1
1129 1
1133 1
1141 1
1142 1
1155 1
1156 1
1157 1
1163 1
1165 1
1166 1
1167 1
1169 1
1171 1
1173 1
1175 2
1176 1
1184 2
1185 2
1186 1
1196 1
1201 1
1206 1
1208 1
1210 1
1217 1
1224 1
1239 1
1241 1
1243 1
1244 1
1253 2
1260 1
1264 1
1273 1
1275 3
1276 1
1278 1
1283 2
1288 1
1289 1
1295 1
1299 1
1304 1
1319 1
1322 1
1324 2
1326 1
1335 1
1342 1
1348 1
1351 1
1353 1
1369 1
1375 1
1376 1
1380 1
1389 1
1396 1
1416 1
1417 1
1428 1
1434 1
1450 1
1451 1
1459 1
1464 1
1466 1
1470 1
1475 1
1477 1
1480 1
1481 3
1482 1
1483 1
1489 2
1492 3
1494 1
1495 2
1496 2
1497 1
1498 1
1500 2
1503 1
1504 1
1505 3
1506 1
1508 2
1511 1
1517 1
1518 1
1519 2
1520 1
1523 1
1525 1
1531 1
1534 1
1541 1
1549 1
1572 1
1584 1
