100 3000 50
0 258800
4 1
6 1
7 1
11 2
16 1
20 1
29 1
30 1
32 1
35 1
37 1
45 1
47 1
48 1
52 1
58 1
80 1
82 2
83 1
86 2
91 1
99 1
102 1
105 3
108 2
116 1
119 1
120 1
121 1
123 1
125 1
126 1
133 1
137 1
140 1
147 1
155 1
159 1
162 1
165 1
185 1
190 1
193 1
194 1
197 1
203 1
204 1
205 1
215 1
216 1
218 1
235 1
238 1
249 1
260 1
277 1
279 1
280 1
292 1
295 1
297 1
300 1
303 1
310 2
313 1
315 1
328 2
331 1
338 1
347 1
348 1
351 1
352 1
355 1
357 1
358 1
367 1
368 1
369 1
372 2
378 1
384 1
389 1
406 1
407 1
419 1
431 1
432 1
438 1
439 1
448 1
450 1
464 1
471 1
479 1
486 1
493 1
500 1
504 1
508 1
524 1
550 1
559 1
565 1
577 1
578 1
583 1
593 1
595 1
599 1
614 1
618 1
626 1
627 1
643 2
648 2
662 1
663 1
665 1
668 1
671 2
683 1
693 1
696 1
697 1
700 1
702 1
711 1
729 1
732 1
753 1
754 1
767 2
774 1
777 1
789 2
794 1
801 1
803 2
804 1
805 1
809 1
827 1
833 2
834 1
840 1
842 1
844 1
846 1
851 1
855 2
860 1
868 1
869 1
870 1
871 1
873 1
874 1
876 1
878 1
880 1
884 1
886 1
888 1
891 1
893 1
895 1
896 2
899 1
900 2
901 1
903 1
904 1
908 2
909 1
914 1
915 1
919 1
921 1
923 1
925 2
926 1
927 1
928 1
929 1
932 2
935 1
938 1
940 1
941 2
942 1
949 2
950 1
952 1
955 1
957 1
959 2
962 1
964 1
977 1
984 1
986 1
1000 1
1002 1
1008 1
1009 1
1023 1
1024 1
1048 1
1053 2
1056 1
1100 1
1105 1
1124 1
1127 2
1140 1
1142 1
1143 1
1146 1
1147 1
1158 1
1163 1
1164 1
1167 2
1171 1
1172 2
1179 1
1181 1
1182 1
1183 1
1187 1
1192 1
1194 1
1199 1
1200 1
1206 1
1207 1
1210 1
1217 1
1226 1
1264 1
1265 1
1266 1
1267 1
1273 1
1274 1
1276 1
1277 1
1282 1
1283 1
1286 1
1288 1
1289 1
1290 2
1291 1
1294 1
1304 1
1308 2
1312 2
1314 1
1318 1
1340 2
1343 1
1351 1
1364 1
1370 1
1377 1
1381 2
1389 1
1390 1
1392 2
1404 1
1428 1
1430 1
1437 1
1440 2
1443 1
1446 1
1450 1
1460 1
1462 2
1466 1
1468 1
1469 1
1475 2
1476 1
1478 1
1480 1
1482 1
1484 1
1485 1
1486 2
1489 1
1490 1
1491 1
1494 1
1495 1
1497 1
1503 1
1505 1
1506 1
1509 2
1510 1
1511 1
1514 2
1516 1
1518 1
1522 1
1524 1
1525 1
1531 1
1532 1
1534 1
1535 1
1538 2
1540 1
1550 1
1554 1
1563 1
