100 3000 50
0 258772
1 1
3 1
5 1
6 2
7 2
8 1
9 1
10 1
11 2
13 1
14 3
16 1
19 2
21 2
23 1
26 2
28 1
30 1
33 1
39 2
40 1
41 1
42 1
45 1
46 1
58 2
59 2
61 1
66 1
72 1
74 1
82 1
89 1
91 1
92 1
93 2
98 1
101 1
104 2
106 1
114 1
115 1
119 1
125 2
127 1
129 1
131 1
132 1
136 1
142 1
144 1
149 1
164 1
166 1
168 1
170 1
177 1
178 1
188 1
194 1
199 1
204 1
207 1
209 1
235 1
237 1
239 1
246 1
250 1
252 1
276 1
281 1
285 1
288 1
296 1
297 1
299 1
304 1
307 1
318 2
323 1
324 1
326 1
327 1
328 2
331 1
334 1
336 2
348 1
351 1
358 1
359 1
361 2
376 1
379 2
383 1
385 1
392 1
393 1
394 1
398 1
402 1
403 1
422 1
425 1
431 1
438 1
441 1
446 1
459 1
461 1
462 1
469 1
478 1
486 1
489 1
490 1
495 1
496 1
521 1
537 1
540 1
543 1
559 1
564 1
569 1
570 1
581 1
583 1
598 1
601 1
603 1
605 1
617 1
630 1
633 1
660 1
666 1
668 1
672 1
674 1
700 1
701 2
702 1
725 1
726 1
731 2
732 1
739 1
754 2
756 1
758 2
767 1
770 1
786 1
796 1
803 1
805 1
808 1
810 1
811 1
817 1
822 1
828 2
832 1
834 1
836 1
846 1
852 1
853 1
858 1
860 1
866 1
870 1
872 1
876 1
877 1
879 1
880 1
882 1
883 1
884 2
885 1
891 1
892 1
893 1
896 1
903 3
906 1
907 2
909 1
911 2
912 1
914 3
915 1
916 1
917 1
918 1
920 1
921 1
922 1
925 2
926 2
927 3
932 1
935 1
936 1
939 1
940 2
943 1
948 2
949 1
950 1
954 1
960 1
962 1
963 1
965 1
966 1
977 1
981 1
992 1
1014 1
1017 1
1021 2
1029 1
1032 1
1065 1
1076 1
1105 1
1120 1
1121 1
1125 2
1127 1
1128 1
1129 2
1131 1
1132 1
1135 1
1138 1
1140 1
1145 1
1146 1
1161 1
1168 1
1170 1
1174 1
1180 2
1183 1
1190 1
1191 1
1193 1
1196 1
1198 1
1199 1
1208 1
1214 1
1220 1
1231 1
1244 1
1245 1
1254 1
1257 1
1261 1
1270 2
1272 1
1273 1
1275 1
1276 1
1277 1
1282 1
1283 1
1284 2
1293 1
1296 1
1298 1
1309 1
1317 1
1318 1
1320 2
1321 1
1325 1
1328 1
1332 1
1344 1
1352 1
1354 1
1360 1
1369 1
1383 1
1384 1
1390 1
1411 1
1420 1
1439 1
1447 1
1448 1
1456 1
1461 2
1465 2
1467 2
1470 1
1474 1
1477 1
1482 1
1483 1
1484 1
1486 1
1487 2
1489 1
1490 2
1491 1
1492 1
1493 1
1495 2
1496 1
1497 1
1499 1
1500 1
1501 1
1504 1
1505 1
1508 1
1510 2
1511 1
1513 1
1514 1
1518 1
1523 1
1525 1
1526 1
1530 2
1533 1
1535 2
1538 1
1544 1
