100 3000 50
0 258779
1 2
2 1
4 1
6 2
7 2
10 2
11 1
13 2
14 2
23 1
26 1
28 1
29 1
30 1
33 2
34 1
37 1
38 1
39 1
40 1
43 1
48 1
49 1
52 1
53 1
60 1
65 1
70 1
73 3
75 1
78 1
83 1
85 1
93 2
97 1
98 1
104 1
108 1
109 1
110 1
113 1
115 2
117 1
118 1
121 1
128 2
140 1
145 1
154 1
158 1
163 1
168 1
178 1
180 1
185 1
189 1
197 1
198 1
213 1
219 1
222 1
233 1
238 1
253 1
256 1
259 1
260 1
261 1
262 1
290 2
291 1
293 1
297 1
303 1
306 2
307 1
312 1
319 1
325 1
332 1
336 1
338 1
341 2
343 1
347 1
356 1
361 1
372 1
375 1
376 1
377 1
382 1
391 1
395 1
399 2
410 1
421 1
431 1
435 1
443 1
447 1
448 1
455 1
457 1
463 2
469 1
484 1
488 2
501 1
502 1
505 1
510 1
515 1
517 1
523 1
527 1
547 1
549 1
552 1
555 1
562 1
564 1
566 1
581 2
591 1
616 1
620 1
621 2
639 1
642 1
650 1
674 1
676 1
678 1
682 1
693 1
695 1
698 1
703 1
712 1
713 1
721 1
723 1
738 1
739 1
747 1
749 1
752 1
762 2
764 1
767 1
775 1
789 1
796 1
798 1
806 1
811 1
814 1
821 1
822 1
825 1
828 2
829 1
831 2
836 1
842 1
843 1
849 1
853 1
854 1
855 2
856 1
858 1
865 3
867 1
872 1
873 1
874 2
875 1
876 1
878 1
883 3
885 2
896 1
899 1
901 1
905 1
909 2
917 1
919 1
920 1
922 1
923 1
924 1
929 1
930 1
932 3
934 2
938 1
942 1
943 1
945 1
947 1
949 1
951 1
953 1
958 1
965 1
980 1
983 1
986 2
988 1
1001 1
1003 1
1004 1
1008 1
1023 1
1024 2
1029 1
1032 1
1058 1
1080 1
1091 1
1095 1
1103 1
1106 1
1123 1
1129 1
1131 1
1134 1
1136 1
1150 1
1151 1
1153 1
1165 1
1166 1
1168 1
1170 1
1171 1
1179 1
1193 2
1194 1
1197 1
1201 2
1203 2
1205 1
1206 1
1209 1
1216 1
1224 1
1235 3
1239 1
1240 1
1247 1
1250 1
1252 1
1253 1
1261 1
1269 1
1283 1
1285 1
1293 1
1294 1
1295 1
1297 1
1306 1
1310 2
1311 1
1314 1
1321 1
1330 1
1332 1
1336 1
1347 2
1354 1
1363 1
1365 1
1374 2
1375 1
1381 1
1389 1
1392 1
1394 1
1401 1
1402 1
1412 1
1429 1
1440 1
1442 1
1448 1
1460 1
1462 1
1463 1
1464 1
1467 1
1469 1
1472 1
1475 1
1480 1
1481 1
1482 1
1483 1
1484 1
1492 2
1493 4
1494 1
1495 1
1496 2
1499 1
1500 3
1501 1
1504 2
1505 1
1506 1
1507 3
1508 3
1516 1
1517 1
1519 2
1520 1
1525 1
1533 1
1536 1
1537 1
1538 1
