100 3000 50
0 258789
1 3
5 1
6 2
7 1
8 1
12 1
13 1
14 1
16 1
17 1
24 1
26 1
27 1
34 2
35 1
37 1
38 1
47 1
49 1
56 1
60 1
62 1
65 1
66 1
77 2
82 1
83 2
84 2
90 2
93 1
112 1
113 1
114 1
118 1
122 1
124 1
128 1
132 2
133 1
134 1
135 1
138 1
141 1
146 1
151 2
153 1
157 2
190 1
192 1
198 1
200 2
205 1
232 1
246 1
249 1
250 1
264 2
269 1
271 1
276 1
291 1
294 1
299 1
313 1
343 2
348 1
351 1
356 2
358 1
359 2
360 1
363 1
368 1
371 1
372 1
373 1
381 1
385 1
386 1
392 2
401 1
408 2
411 1
418 1
422 2
428 2
432 1
445 1
446 1
451 1
454 1
456 1
460 1
478 1
481 1
484 1
485 1
500 1
523 1
524 1
539 2
548 1
549 1
551 1
558 1
567 1
575 1
595 1
596 1
598 1
600 1
601 1
610 1
611 1
623 1
647 1
662 2
666 1
667 1
669 1
675 2
677 1
691 1
693 1
701 1
714 2
715 1
716 1
719 1
729 1
736 1
743 1
756 1
769 2
772 1
776 1
778 1
781 1
783 2
784 1
799 1
802 1
810 1
811 1
812 1
815 1
818 1
822 1
825 1
836 1
838 2
843 1
846 2
849 1
851 1
852 1
855 1
861 3
862 2
864 1
865 2
868 2
870 1
872 1
875 1
878 1
879 1
881 1
884 2
890 1
896 1
898 1
899 1
901 1
903 2
910 1
911 1
914 1
917 1
919 1
922 2
923 1
931 1
932 1
933 1
937 1
938 1
944 1
949 2
950 2
954 1
956 1
960 1
962 1
963 2
966 1
971 1
972 1
974 1
981 1
983 1
987 1
1003 1
1026 1
1028 1
1057 1
1061 1
1076 1
1083 1
1094 1
1119 1
1120 1
1124 1
1141 1
1146 1
1155 1
1156 1
1157 1
1160 2
1161 1
1166 1
1167 1
1168 1
1169 1
1171 1
1172 1
1179 1
1180 1
1184 1
1190 1
1197 1
1204 1
1207 1
1212 1
1214 1
1216 1
1230 1
1234 2
1235 1
1239 1
1240 1
1242 1
1247 1
1251 1
1256 1
1257 1
1263 1
1267 1
1268 1
1271 1
1275 1
1289 1
1290 1
1296 1
1299 1
1306 1
1307 1
1313 1
1316 1
1317 1
1318 1
1319 1
1321 1
1325 1
1332 1
1338 1
1341 1
1343 1
1346 1
1351 1
1352 1
1353 1
1370 1
1383 1
1389 1
1390 1
1397 1
1407 1
1423 1
1452 1
1454 1
1455 1
1458 2
1459 1
1461 1
1463 1
1467 2
1468 1
1473 1
1478 1
1479 3
1481 1
1482 1
1484 1
1485 1
1486 1
1488 1
1490 1
1491 2
1495 1
1496 1
1497 1
1503 1
1504 1
1505 1
1509 2
1510 1
1512 1
1513 1
1514 1
1515 1
1516 1
1518 1
1519 1
1521 3
1527 1
1529 1
1532 1
1533 2
1541 1
1542 1
1546 1
