378 182 30 8 7 6 6 6 6 6 6 6 6 5 5 5 5 5 5 5 5 5 5 5 5 
354 129 17 10 8 7 7 7 7 7 7 7 7 7 7 7 7 7 7 7 7 7 7 7 7 
387 143 30 6 5 4 3 3 3 3 2 2 2 2 2 2 2 2 2 2 2 2 2 2 2 
380 143 16 9 9 8 8 7 7 7 7 7 6 6 6 6 6 6 6 6 6 6 6 6 6 
374 146 18 9 9 8 8 8 7 7 7 7 7 7 6 6 6 6 6 6 6 5 5 5 5 
393 179 35 9 2 2 2 2 2 2 2 2 2 2 2 2 2 2 2 2 2 2 2 2 2 
394 140 24 11 6 3 3 3 3 3 3 3 3 3 3 3 3 3 3 3 3 3 3 3 3 
370 119 11 4 3 3 3 3 3 3 3 3 3 3 3 3 3 3 3 3 3 3 3 3 3 
390 177 22 9 9 8 7 6 6 6 6 6 6 6 6 6 6 6 5 5 5 5 5 5 5 
374 170 45 15 9 5 5 5 5 5 5 5 5 5 5 5 5 5 5 5 5 5 5 5 5 
394 113 9 3 3 3 3 3 3 3 3 3 3 3 3 3 3 3 3 3 3 3 3 3 3 
366 149 15 8 6 3 3 3 3 3 3 3 3 3 3 3 3 3 3 3 3 3 3 3 3 
376 138 23 12 8 7 7 7 6 6 6 6 6 6 6 6 6 6 6 6 6 6 6 6 6 
368 120 16 9 6 6 5 4 3 3 3 3 3 3 3 3 3 3 3 3 3 3 3 3 3 
390 190 39 9 8 3 3 3 3 3 3 2 2 2 2 2 2 2 2 2 2 2 2 2 2 
380 162 41 14 9 6 5 3 3 3 3 3 3 3 3 3 3 3 3 3 3 3 3 3 3 
405 204 48 10 5 5 4 4 3 3 2 2 2 2 2 2 2 2 2 2 2 2 2 2 2 
372 136 14 9 8 8 8 8 8 8 8 8 7 7 7 7 7 7 7 7 7 7 7 7 7 
366 174 13 5 5 3 3 3 3 3 3 3 3 3 3 3 3 3 3 3 3 3 3 3 3 
371 133 16 9 7 7 7 7 7 7 6 6 6 6 6 6 6 6 6 6 6 6 6 6 6 
393 137 24 9 6 5 5 4 4 4 4 4 4 4 4 4 4 4 4 4 4 4 4 4 4 
382 146 24 9 7 4 4 4 3 3 3 3 3 3 3 3 3 3 3 3 3 3 3 3 3 
372 168 33 11 10 7 7 7 7 7 7 7 7 7 7 6 5 3 3 3 3 3 3 3 3 
369 159 29 7 5 3 3 3 3 3 3 3 3 3 3 3 3 3 3 3 3 3 3 3 3 
377 155 18 6 2 2 2 2 2 2 2 2 2 2 2 2 2 2 2 2 2 2 2 2 2 
385 182 45 10 6 5 5 5 5 5 5 5 5 5 5 5 5 5 5 5 5 5 5 5 5 
383 160 23 5 3 3 3 3 3 3 3 3 3 3 3 3 3 3 3 3 3 3 3 3 3 
379 169 23 10 8 4 3 3 3 3 3 3 3 3 3 3 3 3 3 3 3 3 3 3 3 
382 137 10 7 5 5 5 5 5 5 5 5 5 5 5 5 5 5 5 5 5 5 5 5 5 
360 151 26 10 7 5 3 3 3 3 3 3 3 3 3 3 3 3 3 3 3 3 3 3 3 
385 168 13 3 3 3 3 3 3 3 3 3 3 3 3 3 3 3 3 3 3 3 3 3 3 
381 148 26 9 6 5 5 5 5 5 4 4 4 4 4 4 4 4 4 4 4 4 4 4 4 
379 131 18 8 6 5 3 3 3 3 3 3 3 3 3 3 3 3 3 3 3 3 3 3 3 
373 129 8 5 4 4 4 4 4 3 3 3 3 3 3 3 3 3 3 3 3 3 3 3 3 
374 145 14 6 3 2 2 2 2 2 2 2 2 2 2 2 2 2 2 2 2 2 2 2 2 
367 89 12 9 5 4 3 3 3 3 3 3 3 3 3 3 3 3 3 3 3 3 3 3 3 
392 168 16 6 3 3 3 3 3 3 3 3 3 3 3 3 3 3 3 3 3 3 3 3 3 
390 150 14 3 3 3 3 3 3 3 3 3 3 3 3 3 3 3 3 3 3 3 3 3 3 
372 83 20 10 10 9 9 8 8 6 6 6 6 6 6 6 6 6 6 6 6 6 6 6 6 
404 171 45 8 2 2 2 2 2 2 2 2 2 2 2 2 2 2 2 2 2 2 2 2 2 
369 138 27 8 6 5 5 5 5 4 4 4 4 4 4 4 4 4 4 4 4 4 4 4 4 
382 147 13 5 5 4 3 2 2 2 2 2 2 2 2 2 2 2 2 2 2 2 2 2 2 
393 119 10 6 6 6 6 4 3 3 3 3 3 3 3 3 3 3 3 3 3 3 3 3 3 
365 174 43 15 7 2 2 2 2 2 2 2 2 2 2 2 2 2 2 2 2 2 2 2 2 
395 158 29 11 5 5 2 2 2 2 2 2 2 2 2 2 2 2 2 2 2 2 2 2 2 
386 114 11 5 4 4 4 4 4 4 4 4 4 4 4 4 4 4 4 4 4 4 4 4 4 
401 148 10 5 5 5 5 5 5 5 5 5 5 5 5 5 5 5 5 5 5 5 5 5 5 
376 110 14 8 5 5 5 5 5 5 5 5 5 5 5 5 4 4 4 4 4 4 4 4 4 
375 124 16 5 5 5 5 5 5 5 5 5 5 5 5 5 5 5 5 5 5 5 5 5 5 
394 140 19 3 3 3 3 3 3 3 3 3 3 3 3 3 3 3 3 3 3 3 3 3 3 
394 190 45 13 7 3 2 2 2 2 2 2 2 2 2 2 2 2 2 2 2 2 2 2 2 
393 191 54 9 5 3 3 3 3 3 3 3 3 3 3 3 3 3 3 3 3 3 3 3 3 
364 132 23 8 4 3 3 3 3 3 3 3 3 3 3 3 3 3 3 3 3 3 3 3 3 
389 150 14 8 7 5 5 5 5 5 5 5 5 5 5 5 5 5 5 5 5 5 5 5 5 
385 181 35 10 9 6 4 4 4 4 4 4 4 4 4 4 4 4 4 4 4 4 4 4 4 
378 149 20 5 3 3 3 3 3 3 3 3 3 3 3 3 3 3 3 3 3 3 3 3 3 
373 178 34 6 4 4 3 3 3 3 3 3 3 3 3 3 2 2 2 2 2 2 2 2 2 
389 124 13 9 8 6 6 6 6 6 6 6 6 6 6 6 6 6 6 6 6 6 6 6 6 
377 178 46 14 7 5 5 5 5 5 5 5 5 5 5 5 5 5 5 5 5 5 5 5 5 
396 165 27 4 3 3 3 3 3 3 3 3 3 3 3 3 3 3 3 3 3 3 3 3 3 
374 157 13 3 3 3 3 3 3 3 3 3 3 3 3 3 3 3 3 3 3 3 3 3 3 
390 155 19 6 4 3 3 3 3 3 3 3 3 3 3 3 3 3 3 3 3 3 3 3 3 
382 100 11 5 4 3 3 3 3 3 3 3 3 3 3 3 3 3 3 3 3 3 3 3 3 
382 107 17 8 6 5 5 3 3 3 3 3 3 3 3 3 3 3 3 3 3 3 3 3 3 
390 171 24 11 5 4 4 4 3 3 3 3 3 3 3 3 3 3 3 3 3 3 3 3 3 
354 90 20 9 8 7 6 6 6 6 6 6 6 6 6 6 6 6 6 6 6 6 6 6 6 
380 147 13 3 3 3 3 3 3 3 3 3 3 3 3 3 3 3 3 3 3 3 3 3 3 
404 135 11 2 2 2 2 2 2 2 2 2 2 2 2 2 2 2 2 2 2 2 2 2 2 
377 185 47 8 7 7 6 6 6 6 6 6 6 6 6 6 6 6 6 6 6 6 6 6 6 
394 146 13 4 3 3 3 3 3 2 2 2 2 2 2 2 2 2 2 2 2 2 2 2 2 
382 168 23 10 4 4 3 2 2 2 2 2 2 2 2 2 2 2 2 2 2 2 2 2 2 
380 137 15 11 7 7 6 6 6 6 6 6 6 6 6 6 6 6 6 6 6 6 6 6 6 
405 137 26 7 6 6 6 6 6 6 6 6 6 6 6 6 6 6 6 6 6 6 6 6 6 
373 107 9 5 4 4 4 4 4 4 3 3 3 3 3 3 3 3 3 3 3 3 3 3 3 
371 145 9 6 5 5 5 5 5 5 5 5 5 5 5 5 5 5 5 5 5 5 5 5 5 
369 103 9 6 6 6 6 6 4 3 3 3 3 3 3 3 3 3 3 3 3 3 3 3 3 
380 175 45 9 4 3 2 2 2 2 2 2 2 2 2 2 2 2 2 2 2 2 2 2 2 
396 173 48 13 8 7 7 7 7 7 7 7 7 7 7 7 7 7 7 7 7 7 7 7 7 
384 157 23 8 8 7 7 7 7 7 6 5 5 5 5 5 5 5 5 5 5 5 5 5 5 
382 160 19 3 2 2 2 2 2 2 2 2 2 2 2 2 2 2 2 2 2 2 2 2 2 
381 150 29 4 3 3 2 2 2 2 2 2 2 2 2 2 2 2 2 2 2 2 2 2 2 
395 144 27 8 6 5 5 5 5 5 5 5 4 4 4 4 4 4 4 4 4 4 4 4 4 
385 157 25 12 6 4 3 3 3 3 3 3 3 3 3 3 3 3 3 3 3 3 3 3 3 
360 118 14 5 4 4 4 4 4 4 4 4 4 4 4 4 4 4 4 4 4 4 4 4 4 
370 139 22 13 9 7 4 4 4 4 4 4 4 4 4 4 4 4 4 4 4 4 4 4 4 
389 130 23 11 4 3 3 3 3 3 3 3 3 3 3 3 3 3 3 3 3 3 3 3 3 
377 107 8 5 4 3 3 3 3 3 3 3 3 3 3 3 3 3 3 3 3 3 3 3 3 
404 189 41 13 8 8 6 5 5 5 4 3 3 3 3 3 3 3 3 3 3 3 3 3 3 
399 175 24 8 3 3 3 3 3 3 3 3 3 3 3 2 2 2 2 2 2 2 2 2 2 
381 143 21 8 7 4 4 3 3 3 3 3 3 3 3 3 3 3 3 3 3 3 3 3 3 
377 100 12 6 5 4 3 3 2 2 2 2 2 2 2 2 2 2 2 2 2 2 2 2 2 
383 199 39 14 6 5 5 5 5 5 5 4 2 2 2 2 2 2 2 2 2 2 2 2 2 
377 103 9 5 4 4 4 4 4 4 4 4 4 4 4 4 4 4 4 4 4 4 4 4 4 
386 145 14 6 4 3 3 3 3 3 3 3 3 3 3 3 3 3 3 3 3 3 3 3 3 
393 192 24 8 4 4 4 4 4 4 4 4 4 4 3 3 3 3 3 3 3 3 3 3 3 
390 201 54 5 3 2 2 2 2 2 2 2 2 2 2 2 2 2 2 2 2 2 2 2 2 
389 180 36 12 9 9 5 5 5 5 5 5 5 5 5 5 5 5 5 5 5 5 5 5 5 
407 145 15 8 7 7 7 7 7 7 7 7 7 7 7 7 7 7 7 7 7 7 7 7 7 
381 170 27 10 8 6 6 6 6 5 5 5 5 5 5 5 5 5 5 5 5 5 5 5 5 
386 158 13 7 7 7 7 6 5 5 5 5 5 5 5 5 5 5 5 5 5 5 5 5 5 
