100 4000 50
0 298832
1 127
2 320
3 616
4 1003
5 1439
6 1725
7 1939
8 2079
9 2169
10 2111
11 2003
12 1895
13 1804
14 1602
15 1371
16 1231
17 1040
18 974
19 800
20 695
21 617
22 491
23 405
24 355
25 329
26 295
27 240
28 183
29 142
30 148
31 108
32 119
33 74
34 71
35 74
36 46
37 42
38 40
39 26
40 30
41 28
42 16
43 21
44 14
45 19
46 8
47 7
48 5
49 9
50 8
51 7
52 2
53 5
54 3
55 3
56 1
57 4
58 4
59 2
60 1
62 1
63 4
67 2
68 2
69 1
72 1
74 1
81 1
83 1
86 1
88 1
95 1
121 1
144 1
147 1
173 1
174 1
186 1
196 1
199 1
278 1
