100 4000 50
0 300390
1 90
2 291
3 508
4 860
5 1164
6 1483
7 1716
8 1855
9 1995
10 1953
11 1830
12 1807
13 1608
14 1511
15 1386
16 1201
17 1102
18 971
19 850
20 761
21 602
22 534
23 488
24 381
25 320
26 314
27 236
28 219
29 201
30 178
31 124
32 134
33 111
34 95
35 73
36 52
37 45
38 38
39 47
40 31
41 40
42 28
43 17
44 17
45 12
46 11
47 9
48 15
49 13
50 10
51 8
52 12
53 3
54 6
55 1
56 5
57 1
58 1
59 2
60 1
61 2
62 3
63 2
64 1
65 1
66 2
68 3
70 3
73 2
75 1
76 1
78 1
83 1
88 1
93 1
94 1
107 1
144 1
152 2
187 1
194 1
231 1
266 1
278 1
303 1
