100 4000 50
0 300036
1 83
2 290
3 590
4 952
5 1218
6 1510
7 1818
8 1921
9 1981
10 1938
11 1827
12 1809
13 1697
14 1601
15 1343
16 1211
17 1035
18 938
19 832
20 746
21 593
22 553
23 451
24 407
25 345
26 300
27 259
28 198
29 219
30 149
31 135
32 116
33 83
34 97
35 56
36 56
37 55
38 50
39 36
40 30
41 34
42 19
43 17
44 20
45 17
46 17
47 8
48 14
49 10
50 9
51 6
52 7
53 7
54 2
55 3
56 2
57 2
58 1
59 2
60 3
61 3
62 1
63 2
64 1
65 1
66 1
67 2
68 2
71 2
72 1
73 1
74 2
75 1
76 1
77 1
78 1
80 2
81 1
89 1
92 1
100 1
113 1
131 1
132 1
141 1
187 1
204 1
225 1
252 1
258 1
330 1
