100 4000 50
0 300730
1 75
2 251
3 519
4 799
5 1203
6 1409
7 1751
8 1774
9 1904
10 1888
11 1795
12 1751
13 1581
14 1467
15 1387
16 1238
17 1129
18 937
19 832
20 735
21 665
22 544
23 470
24 410
25 346
26 311
27 252
28 233
29 201
30 174
31 144
32 109
33 124
34 89
35 80
36 64
37 54
38 51
39 48
40 28
41 33
42 24
43 19
44 24
45 15
46 6
47 14
48 11
49 9
50 10
51 1
52 4
53 8
54 6
55 7
56 6
57 2
58 4
59 6
60 3
61 3
62 4
63 3
64 2
65 1
68 2
70 1
71 1
73 1
76 1
77 1
78 2
79 1
83 2
90 2
101 1
105 1
109 1
115 1
135 1
162 1
201 1
225 1
226 2
237 1
251 1
