100 4000 50
0 298377
1 127
2 371
3 663
4 1129
5 1440
6 1800
7 1999
8 2209
9 2270
10 2094
11 2051
12 1932
13 1653
14 1542
15 1382
16 1265
17 1146
18 915
19 804
20 694
21 618
22 500
23 453
24 353
25 303
26 244
27 219
28 166
29 154
30 140
31 128
32 91
33 83
34 76
35 60
36 41
37 30
38 47
39 14
40 36
41 22
42 26
43 10
44 15
45 14
46 10
47 5
48 8
49 5
50 6
51 6
52 10
53 1
54 4
55 5
56 3
57 2
58 4
60 2
61 1
62 2
64 1
65 5
66 1
68 1
69 1
71 3
83 1
85 1
93 1
115 1
126 1
153 1
155 1
192 1
196 1
204 1
281 1
