100 4000 50
0 299285
1 110
2 275
3 614
4 999
5 1313
6 1681
7 1912
8 2080
9 2070
10 2085
11 1941
12 1846
13 1737
14 1519
15 1389
16 1182
17 1088
18 987
19 775
20 733
21 632
22 534
23 427
24 385
25 316
26 257
27 235
28 200
29 157
30 139
31 101
32 127
33 93
34 72
35 70
36 63
37 58
38 46
39 32
40 30
41 20
42 13
43 22
44 24
45 11
46 11
47 8
48 5
49 10
50 13
51 10
52 9
53 5
54 3
55 3
56 3
57 3
58 2
59 1
60 3
61 1
62 4
63 1
65 2
66 1
67 2
69 1
73 1
74 1
76 1
78 1
79 1
85 2
88 1
110 1
135 1
162 1
169 1
188 1
189 1
221 1
230 1
298 1
