100 4000 50
0 299676
1 96
2 324
3 577
4 964
5 1352
6 1583
7 1894
8 1891
9 2025
10 1957
11 1876
12 1827
13 1687
14 1509
15 1423
16 1205
17 1099
18 967
19 835
20 746
21 588
22 580
23 443
24 408
25 319
26 269
27 250
28 178
29 169
30 143
31 135
32 101
33 98
34 93
35 67
36 66
37 54
38 39
39 37
40 38
41 25
42 17
43 19
44 15
45 16
46 11
47 7
48 10
49 10
50 7
51 8
52 5
53 8
54 1
55 2
56 7
57 4
58 1
59 4
60 3
61 4
62 1
63 3
65 2
67 1
68 1
69 1
70 1
71 1
72 1
73 1
77 1
79 1
81 2
85 1
86 1
94 1
97 1
111 1
120 1
151 1
156 1
179 1
198 1
210 1
218 1
245 1
330 1
