100 4000 50
0 297265
1 163
2 449
3 787
4 1204
5 1630
6 2001
7 2198
8 2286
9 2284
10 2267
11 2220
12 1934
13 1844
14 1584
15 1406
16 1231
17 1052
18 954
19 731
20 670
21 595
22 473
23 407
24 357
25 268
26 236
27 210
28 180
29 128
30 112
31 105
32 83
33 66
34 48
35 44
36 52
37 49
38 41
39 34
40 22
41 12
42 10
43 13
44 11
45 6
46 2
47 8
48 4
49 9
50 6
51 3
52 5
53 3
54 7
55 3
56 1
57 1
58 2
59 1
60 4
61 1
63 1
64 3
65 1
67 1
68 1
72 1
74 1
78 1
88 1
94 1
116 1
127 1
129 1
141 1
145 1
169 1
184 1
201 1
238 1
