100 1000 20
0 93454
1 28
2 25
3 12
4 18
5 20
6 17
7 12
8 15
9 17
10 17
11 24
12 10
13 7
14 15
15 16
16 16
17 13
18 16
19 19
20 8
21 15
22 16
23 16
24 13
25 16
26 14
27 15
28 17
29 15
30 18
31 21
32 17
33 22
34 18
35 15
36 15
37 15
38 23
39 19
40 16
41 15
42 17
43 12
44 18
45 20
46 14
47 17
48 20
49 19
50 19
51 12
52 17
53 23
54 8
55 26
56 21
57 22
58 33
59 12
60 21
61 18
62 11
63 12
64 18
65 19
66 27
67 14
68 21
69 15
70 17
71 16
72 13
73 12
74 9
75 14
76 8
77 18
78 12
79 14
80 12
81 15
82 16
83 8
84 23
85 14
86 15
87 15
88 17
89 8
90 5
91 11
92 8
93 7
94 13
95 10
96 9
97 18
98 10
99 10
100 5
101 4
102 8
103 10
104 6
105 7
106 8
107 12
108 6
110 4
111 6
112 4
113 4
114 3
115 3
116 6
117 5
118 4
119 9
120 4
121 4
122 6
123 5
124 6
125 4
126 6
127 3
128 1
129 5
130 3
131 4
132 4
134 3
135 3
136 1
137 2
138 3
139 1
140 2
141 2
142 3
143 1
145 1
146 1
148 1
150 2
151 1
153 1
155 1
157 1
158 1
159 1
160 2
162 1
165 1
169 1
170 1
171 2
175 1
179 1
183 1
184 1
192 1
