100 1000 20
0 93480
1 27
2 15
3 16
4 14
5 12
6 22
7 11
8 17
9 13
10 13
11 20
12 8
13 21
14 19
15 15
16 12
17 9
18 10
19 14
20 9
21 15
22 14
23 16
24 10
25 14
26 15
27 19
28 19
29 19
30 22
31 13
32 19
33 9
34 30
35 17
36 16
37 21
38 16
39 18
40 14
41 11
42 12
43 14
44 22
45 20
46 18
47 14
48 18
49 19
50 15
51 23
52 31
53 12
54 10
55 15
56 18
57 29
58 22
59 20
60 17
61 13
62 27
63 18
64 15
65 18
66 23
67 12
68 19
69 16
70 20
71 9
72 21
73 16
74 14
75 8
76 15
77 13
78 15
79 11
80 12
81 12
82 14
83 16
84 17
85 10
86 10
87 6
88 12
89 12
90 11
91 10
92 12
93 12
94 14
95 13
96 11
97 7
98 7
99 7
100 5
101 10
102 9
103 8
104 7
105 10
106 7
107 5
108 5
109 9
110 6
111 10
112 4
113 6
114 7
115 4
116 6
117 7
118 3
119 1
120 5
122 6
123 2
124 7
125 2
126 3
127 6
128 2
129 6
131 1
132 2
133 3
135 3
136 3
137 2
138 3
139 3
140 3
141 1
142 2
143 3
144 1
145 1
146 1
148 2
149 3
150 1
151 1
152 2
153 1
156 1
157 1
158 2
160 1
161 2
163 1
165 1
168 1
170 1
172 1
175 1
177 1
180 1
184 1
