100 1000 20
0 92987
1 117
2 93
3 58
4 46
5 36
6 33
7 33
8 31
9 33
10 40
11 23
12 20
13 18
14 26
15 26
16 17
17 20
18 18
19 18
20 18
21 30
22 23
23 19
24 17
25 23
26 24
27 27
28 13
29 22
30 16
31 15
32 25
33 15
34 26
35 18
36 18
37 20
38 16
39 17
40 23
41 22
42 20
43 20
44 22
45 29
46 21
47 20
48 18
49 24
50 21
51 19
52 18
53 23
54 10
55 12
56 22
57 22
58 19
59 21
60 21
61 21
62 15
63 15
64 17
65 16
66 10
67 25
68 11
69 17
70 24
71 17
72 18
73 16
74 14
75 5
76 19
77 14
78 12
79 12
80 17
81 22
82 11
83 11
84 7
85 16
86 10
87 7
88 13
89 12
90 12
91 9
92 10
93 11
94 11
95 8
96 6
97 9
98 12
99 13
100 9
101 5
102 7
103 10
104 6
105 4
106 8
107 7
108 10
109 4
110 2
111 7
112 6
113 6
114 1
115 7
116 3
117 2
118 4
119 5
120 5
121 4
122 4
123 1
124 2
125 3
126 3
127 1
128 2
129 3
130 2
131 2
132 4
133 2
135 2
136 1
137 1
138 2
139 2
140 3
141 3
142 1
145 2
148 1
150 2
153 1
155 1
160 1
161 1
162 1
165 2
170 1
184 1
