100 1000 20
0 93382
1 44
2 25
3 25
4 18
5 27
6 19
7 13
8 18
9 21
10 22
11 17
12 26
13 21
14 14
15 10
16 11
17 18
18 10
19 12
20 14
21 18
22 17
23 19
24 12
25 15
26 24
27 7
28 12
29 18
30 24
31 17
32 16
33 23
34 14
35 15
36 13
37 13
38 25
39 16
40 18
41 17
42 24
43 10
44 22
45 17
46 18
47 26
48 22
49 18
50 13
51 16
52 18
53 22
54 23
55 23
56 16
57 20
58 23
59 20
60 16
61 18
62 17
63 17
64 15
65 20
66 21
67 14
68 14
69 17
70 15
71 13
72 21
73 16
74 11
75 15
76 17
77 17
78 9
79 23
80 12
81 17
82 12
83 14
84 16
85 12
86 12
87 16
88 7
89 6
90 10
91 9
92 11
93 10
94 5
95 8
96 5
97 10
98 3
99 13
100 9
101 9
102 3
103 7
104 5
105 10
106 12
107 10
108 7
109 5
110 5
111 5
112 4
113 7
114 7
115 2
116 6
117 3
118 6
119 7
120 4
121 3
122 3
123 2
124 2
125 4
126 4
127 7
128 5
129 2
130 5
131 1
132 4
133 2
134 2
135 4
136 1
139 3
142 2
143 3
144 3
145 1
147 3
149 4
150 1
152 4
154 1
155 1
156 1
159 2
163 1
164 1
166 1
168 1
170 1
172 1
180 1
181 1
194 1
