100 1000 20
0 90332
1 795
2 484
3 337
4 268
5 190
6 150
7 128
8 113
9 71
10 82
11 76
12 79
13 74
14 77
15 65
16 52
17 55
18 46
19 54
20 44
21 33
22 42
23 38
24 44
25 39
26 35
27 43
28 39
29 36
30 33
31 45
32 32
33 39
34 33
35 34
36 27
37 25
38 33
39 28
40 29
41 31
42 28
43 29
44 37
45 24
46 23
47 24
48 23
49 25
50 24
51 20
52 23
53 32
54 20
55 33
56 22
57 23
58 18
59 26
60 20
61 17
62 18
63 24
64 22
65 16
66 15
67 9
68 15
69 15
70 11
71 15
72 13
73 8
74 10
75 9
76 8
77 14
78 7
79 9
80 5
81 8
82 3
83 15
84 9
85 10
86 6
87 10
88 7
89 10
90 5
91 11
92 6
93 2
94 2
95 3
96 7
97 6
98 3
99 1
101 6
102 4
103 7
104 4
105 1
106 2
107 3
108 4
109 2
110 2
111 3
112 1
113 2
114 3
116 1
117 2
118 2
119 2
120 1
122 1
123 1
131 1
133 2
141 2
