100 1000 20
0 93156
1 88
2 50
3 43
4 38
5 25
6 36
7 23
8 19
9 24
10 37
11 19
12 29
13 17
14 19
15 21
16 20
17 15
18 19
19 24
20 23
21 8
22 21
23 16
24 19
25 22
26 20
27 22
28 16
29 22
30 14
31 19
32 19
33 22
34 23
35 23
36 16
37 18
38 28
39 20
40 21
41 14
42 13
43 22
44 16
45 24
46 17
47 20
48 13
49 16
50 17
51 27
52 14
53 20
54 23
55 17
56 19
57 17
58 19
59 26
60 21
61 20
62 18
63 16
64 16
65 28
66 16
67 17
68 16
69 13
70 8
71 17
72 13
73 9
74 17
75 25
76 11
77 10
78 10
79 24
80 9
81 15
82 17
83 8
84 15
85 7
86 16
87 17
88 8
89 10
90 16
91 11
92 10
93 12
94 8
95 11
96 4
97 6
98 7
99 9
100 2
101 8
102 6
103 8
104 11
105 7
106 7
107 10
108 6
109 4
110 2
111 6
112 11
113 2
114 3
115 4
116 4
117 3
118 9
119 7
120 5
121 3
122 2
123 4
124 3
125 7
126 2
127 5
128 1
129 1
130 4
131 2
133 2
134 3
136 1
137 3
138 3
139 1
140 3
141 4
142 1
143 2
147 1
148 1
150 2
152 4
155 1
162 1
163 1
168 1
170 1
174 1
176 1
183 1
