100 1000 20
0 88907
1 1119
2 709
3 502
4 372
5 276
6 204
7 210
8 160
9 161
10 142
11 123
12 106
13 76
14 98
15 65
16 74
17 93
18 69
19 72
20 49
21 49
22 44
23 49
24 60
25 49
26 52
27 44
28 42
29 44
30 33
31 37
32 36
33 41
34 35
35 27
36 36
37 42
38 38
39 26
40 31
41 30
42 24
43 24
44 31
45 33
46 26
47 26
48 27
49 31
50 25
51 31
52 21
53 20
54 27
55 23
56 18
57 24
58 19
59 22
60 16
61 13
62 14
63 25
64 15
65 10
66 14
67 15
68 11
69 11
70 12
71 13
72 7
73 11
74 11
75 6
76 7
77 7
78 6
79 5
80 8
81 4
82 12
83 8
84 9
85 5
86 7
87 5
88 4
89 5
90 4
91 1
92 1
93 1
94 4
95 3
96 1
97 3
98 3
100 4
102 3
104 1
105 2
107 2
109 1
110 1
111 2
112 4
120 2
125 2
129 1
134 1
