100 1000 20
0 91347
1 580
2 304
3 204
4 147
5 125
6 104
7 79
8 88
9 73
10 74
11 61
12 53
13 53
14 51
15 41
16 44
17 42
18 50
19 54
20 25
21 38
22 28
23 39
24 36
25 31
26 32
27 24
28 33
29 30
30 33
31 23
32 39
33 36
34 28
35 24
36 24
37 33
38 29
39 27
40 25
41 28
42 21
43 23
44 22
45 34
46 24
47 21
48 24
49 23
50 30
51 20
52 25
53 25
54 32
55 16
56 17
57 25
58 18
59 14
60 24
61 17
62 18
63 22
64 23
65 21
66 21
67 17
68 15
69 14
70 13
71 13
72 21
73 17
74 14
75 18
76 14
77 14
78 5
79 15
80 11
81 11
82 14
83 13
84 8
85 9
86 9
87 6
88 7
89 6
90 4
91 4
92 5
93 8
94 3
95 9
96 2
97 6
98 10
99 4
100 4
101 7
102 4
103 3
104 3
105 2
106 4
107 4
108 5
109 4
110 4
111 1
112 3
113 1
114 2
115 2
116 3
117 3
118 2
119 3
120 1
122 3
123 2
124 1
125 4
126 1
127 1
128 3
130 2
131 1
135 2
139 1
141 1
142 1
146 1
