100 1000 20
0 93251
1 68
2 43
3 38
4 30
5 25
6 22
7 27
8 22
9 19
10 18
11 27
12 24
13 28
14 12
15 22
16 16
17 19
18 11
19 15
20 16
21 21
22 21
23 17
24 21
25 21
26 12
27 15
28 20
29 17
30 19
31 12
32 16
33 18
34 15
35 17
36 27
37 21
38 15
39 24
40 13
41 7
42 22
43 24
44 22
45 21
46 22
47 12
48 23
49 12
50 18
51 16
52 22
53 21
54 17
55 17
56 23
57 16
58 17
59 20
60 15
61 24
62 21
63 22
64 21
65 19
66 20
67 17
68 13
69 14
70 11
71 13
72 13
73 21
74 17
75 13
76 17
77 14
78 21
79 18
80 15
81 11
82 13
83 10
84 17
85 10
86 12
87 17
88 6
89 11
90 13
91 10
92 7
93 9
94 10
95 10
96 5
97 9
98 5
99 8
100 11
101 5
102 11
103 8
104 4
105 9
106 9
107 4
108 3
109 8
110 6
111 10
112 4
113 1
114 3
115 4
116 3
117 4
118 2
119 10
120 5
121 3
122 3
123 2
124 2
125 3
126 1
127 3
128 5
129 4
130 9
131 2
132 4
134 4
136 1
137 3
138 1
139 2
140 1
141 3
142 3
143 1
144 2
145 2
147 2
148 2
149 2
150 1
153 2
156 2
157 1
159 1
161 1
165 1
166 1
167 2
170 1
176 1
