100 1000 20
0 87018
1 1417
2 1000
3 748
4 565
5 416
6 346
7 320
8 258
9 217
10 179
11 177
12 156
13 139
14 125
15 101
16 108
17 106
18 98
19 74
20 86
21 67
22 67
23 61
24 66
25 59
26 56
27 47
28 46
29 48
30 42
31 43
32 40
33 43
34 39
35 38
36 44
37 35
38 29
39 50
40 32
41 26
42 36
43 28
44 32
45 27
46 22
47 23
48 22
49 30
50 23
51 20
52 26
53 19
54 23
55 26
56 17
57 12
58 23
59 14
60 15
61 8
62 9
63 7
64 12
65 11
66 2
67 6
68 6
69 7
70 4
71 8
72 12
73 5
74 1
75 1
76 3
77 5
78 4
79 1
80 3
81 2
82 3
83 2
84 3
85 1
86 2
87 6
88 1
89 2
90 1
92 2
93 4
94 1
95 2
96 1
99 1
100 1
101 1
106 1
109 1
110 1
111 1
117 1
122 1
