100 1000 20
0 93320
1 58
2 35
3 20
4 26
5 22
6 27
7 25
8 24
9 13
10 23
11 20
12 18
13 20
14 22
15 16
16 16
17 17
18 18
19 15
20 14
21 11
22 19
23 19
24 15
25 21
26 10
27 12
28 21
29 23
30 21
31 18
32 19
33 12
34 17
35 20
36 13
37 14
38 13
39 14
40 26
41 25
42 18
43 17
44 17
45 16
46 12
47 13
48 26
49 25
50 20
51 18
52 21
53 15
54 16
55 15
56 20
57 21
58 19
59 28
60 22
61 20
62 12
63 22
64 13
65 22
66 21
67 22
68 15
69 21
70 17
71 14
72 14
73 10
74 12
75 21
76 10
77 11
78 11
79 17
80 16
81 13
82 16
83 11
84 13
85 9
86 12
87 8
88 16
89 10
90 7
91 8
92 11
93 11
94 13
95 10
96 5
97 14
98 8
99 12
100 6
101 6
102 5
103 7
104 12
105 4
106 5
107 4
108 9
109 9
110 1
111 3
112 7
113 9
114 3
115 7
116 5
117 5
118 2
119 7
120 3
121 2
122 6
123 3
124 3
125 5
126 2
127 6
128 3
129 3
130 4
131 5
132 3
133 4
134 2
136 1
138 3
139 1
140 3
141 2
142 1
143 2
144 3
145 2
146 1
147 1
149 2
151 1
152 1
155 1
157 1
158 1
159 1
160 1
162 2
163 1
168 1
170 3
175 1
186 1
