100 1000 20
0 92030
1 358
2 198
3 143
4 106
5 105
6 84
7 46
8 74
9 57
10 64
11 43
12 42
13 40
14 39
15 40
16 41
17 21
18 33
19 35
20 28
21 39
22 26
23 23
24 33
25 23
26 41
27 31
28 22
29 25
30 32
31 33
32 26
33 21
34 26
35 28
36 23
37 20
38 27
39 19
40 20
41 31
42 26
43 26
44 20
45 27
46 29
47 17
48 13
49 24
50 26
51 25
52 13
53 23
54 26
55 16
56 28
57 22
58 23
59 13
60 19
61 17
62 17
63 17
64 21
65 21
66 20
67 18
68 18
69 14
70 14
71 29
72 11
73 16
74 13
75 23
76 13
77 17
78 13
79 11
80 11
81 10
82 12
83 14
84 14
85 10
86 10
87 11
88 6
89 11
90 10
91 7
92 10
93 4
94 5
95 6
96 8
97 5
98 9
99 5
100 5
101 3
102 2
103 5
104 4
105 5
106 5
107 4
108 3
109 2
110 4
111 4
112 7
113 1
114 4
115 2
116 4
117 3
118 3
119 3
120 3
121 2
122 2
123 4
124 3
125 1
126 1
127 1
128 2
129 2
130 5
131 1
132 3
134 1
135 3
138 1
142 1
143 1
145 1
156 1
158 1
164 1
