100 1000 20
0 93433
1 27
2 22
3 15
4 17
5 14
6 18
7 21
8 22
9 22
10 16
11 16
12 15
13 17
14 13
15 18
16 21
17 13
18 10
19 20
20 15
21 11
22 11
23 11
24 19
25 12
26 14
27 17
28 17
29 22
30 15
31 24
32 11
33 19
34 16
35 19
36 19
37 22
38 19
39 19
40 13
41 15
42 17
43 11
44 22
45 24
46 13
47 10
48 15
49 17
50 25
51 24
52 16
53 16
54 19
55 12
56 17
57 20
58 21
59 24
60 16
61 19
62 14
63 18
64 16
65 19
66 17
67 22
68 19
69 24
70 17
71 15
72 15
73 19
74 19
75 16
76 11
77 17
78 13
79 19
80 9
81 9
82 15
83 9
84 11
85 10
86 14
87 15
88 10
89 12
90 13
91 11
92 8
93 9
94 10
95 9
96 11
97 8
98 9
99 7
100 9
101 6
102 7
103 7
104 8
105 5
106 9
107 7
108 9
109 4
110 8
111 6
112 3
113 2
114 9
115 6
116 7
117 6
118 2
119 6
120 5
121 6
122 5
123 3
124 2
125 2
126 5
127 3
128 1
129 3
130 1
131 5
132 3
133 2
134 4
135 2
136 2
137 1
138 3
139 3
140 2
141 4
142 1
144 2
146 1
148 2
149 2
151 1
153 2
154 1
156 2
157 1
158 1
159 2
160 1
166 1
167 1
168 1
173 1
184 1
186 1
190 1
194 1
