100 1000 20
0 84519
1 1789
2 1407
3 1019
4 861
5 664
6 549
7 454
8 378
9 316
10 294
11 277
12 251
13 176
14 152
15 154
16 142
17 129
18 129
19 119
20 106
21 75
22 70
23 80
24 76
25 63
26 50
27 68
28 57
29 54
30 45
31 55
32 38
33 49
34 26
35 33
36 28
37 34
38 37
39 40
40 30
41 33
42 16
43 28
44 22
45 12
46 19
47 11
48 14
49 21
50 16
51 18
52 12
53 6
54 8
55 8
56 8
57 8
58 6
59 7
60 5
61 4
62 2
63 3
64 2
65 4
66 6
67 1
68 2
69 2
70 4
71 2
72 1
73 1
74 2
76 2
77 3
78 3
79 2
80 2
81 2
84 2
85 1
86 2
87 1
