100 1000 20
0 92779
1 154
2 119
3 80
4 48
5 54
6 55
7 37
8 44
9 39
10 39
11 31
12 23
13 24
14 23
15 31
16 21
17 24
18 25
19 16
20 19
21 22
22 23
23 26
24 24
25 28
26 18
27 28
28 27
29 25
30 19
31 25
32 24
33 15
34 19
35 21
36 21
37 21
38 26
39 23
40 21
41 26
42 18
43 20
44 17
45 26
46 12
47 24
48 12
49 13
50 10
51 18
52 22
53 18
54 22
55 23
56 26
57 25
58 15
59 24
60 18
61 24
62 23
63 22
64 15
65 16
66 19
67 20
68 17
69 19
70 16
71 18
72 18
73 13
74 20
75 15
76 15
77 21
78 6
79 15
80 9
81 12
82 11
83 19
84 14
85 13
86 11
87 8
88 6
89 9
90 9
91 17
92 7
93 12
94 11
95 10
96 8
97 10
98 4
99 2
100 7
101 6
102 11
104 9
105 6
106 10
107 6
108 6
109 4
110 4
111 3
112 3
113 3
114 3
115 4
116 4
117 5
118 5
119 3
120 5
121 1
122 4
123 4
124 1
125 3
126 2
127 1
128 3
129 2
130 1
131 3
132 2
133 3
134 2
136 2
139 1
141 3
143 1
144 1
145 2
146 2
147 2
148 1
149 1
150 2
151 1
153 1
155 1
162 1
176 1
188 1
