100 3000 50
0 250876
1 280
2 616
3 992
4 1132
5 1175
6 1020
7 763
8 538
9 395
10 233
11 171
12 113
13 59
14 44
15 33
16 25
17 14
18 19
19 12
20 11
21 6
22 6
23 14
24 6
25 7
26 4
27 6
28 4
29 5
30 3
31 3
32 3
33 3
34 3
35 4
36 2
37 2
38 3
39 4
40 2
41 1
42 1
43 4
45 2
46 1
47 2
49 2
50 1
51 2
52 3
53 2
55 4
56 1
57 2
59 3
60 1
62 1
63 2
64 3
65 1
66 2
71 2
72 2
73 1
74 2
77 3
78 1
79 1
80 1
82 1
83 3
85 1
88 1
89 1
96 1
99 2
100 1
104 1
105 1
111 1
116 1
118 3
121 1
125 1
128 1
130 1
131 1
134 2
137 1
144 1
147 1
152 2
155 1
156 1
160 3
163 2
164 1
168 1
170 1
171 1
173 1
175 1
176 1
180 1
181 1
183 2
189 1
190 1
192 1
193 1
194 1
207 1
208 1
217 1
221 1
225 1
226 1
228 1
229 1
230 2
231 1
235 1
237 1
239 1
244 1
246 1
247 1
248 1
249 1
251 1
256 1
257 2
258 1
262 2
265 1
268 1
271 1
273 1
277 2
278 2
282 1
283 1
287 2
288 1
292 1
299 2
312 1
317 1
323 1
325 1
333 1
334 1
337 2
340 1
341 3
342 1
344 1
348 1
354 1
355 2
356 1
357 1
358 1
360 1
365 2
367 1
371 1
373 2
376 1
378 1
382 3
387 1
388 2
392 1
393 1
396 1
399 1
403 1
409 1
410 1
411 1
416 1
421 1
424 1
425 1
426 1
427 1
428 1
441 1
443 1
454 1
456 1
459 2
460 1
463 1
467 1
468 1
471 1
473 2
474 1
475 1
481 1
483 2
485 1
486 1
488 1
491 1
492 1
493 2
496 1
509 1
512 1
514 1
516 1
521 1
524 2
526 1
534 1
536 1
543 1
547 1
549 1
552 1
553 1
554 1
563 2
567 1
569 2
573 1
576 2
579 1
587 1
591 1
592 1
595 2
596 1
599 1
603 1
609 2
610 1
618 1
631 1
634 1
641 1
642 1
644 1
645 1
646 2
652 2
656 1
661 1
665 1
670 1
679 2
681 1
686 1
693 1
696 1
699 1
700 1
704 1
710 1
711 1
714 1
716 1
718 2
723 1
725 1
727 1
728 1
730 1
732 1
733 1
738 1
739 1
741 1
748 1
750 1
755 2
756 1
757 2
759 2
760 1
764 2
765 1
766 1
767 1
769 1
772 1
776 2
777 2
782 1
783 2
785 2
787 1
788 2
793 1
794 1
802 1
805 1
807 1
812 1
813 1
815 1
822 2
824 1
825 1
828 1
834 1
835 1
836 1
845 2
849 1
856 1
861 1
865 1
867 1
870 1
883 3
890 1
894 1
900 1
906 1
908 2
911 1
919 1
920 1
922 1
923 1
926 2
928 1
931 1
933 1
937 1
941 1
946 1
948 1
952 1
955 1
957 1
959 1
961 1
964 1
971 1
974 2
975 1
979 1
987 1
989 1
992 1
993 1
996 1
998 1
999 1
1003 1
1005 2
1008 2
1012 2
1026 1
1027 1
1030 1
1040 1
1048 1
1056 1
1059 1
1060 1
1062 1
1063 2
1064 1
1067 1
1069 1
1070 1
1075 2
1076 1
1080 1
1092 1
1103 1
1115 1
1118 1
1119 1
1120 1
1129 1
1141 1
1151 1
1154 1
1167 1
1183 1
1192 1
1193 1
1203 1
1205 1
1216 1
1219 1
1221 1
1222 1
1223 1
1224 1
1230 1
1242 1
1243 1
1247 1
1249 1
1251 1
1252 1
1261 1
1281 1
1282 2
1284 1
1289 1
1291 1
1304 1
1318 1
