100 3000 50
0 253997
1 15
2 76
3 122
4 241
5 375
6 483
7 520
8 580
9 494
10 418
11 324
12 271
13 204
14 143
15 106
16 72
17 50
18 49
19 26
20 15
21 16
22 15
23 15
24 8
25 5
26 5
27 7
28 4
29 3
30 6
31 4
32 2
33 3
34 1
35 5
36 4
37 2
38 3
39 2
40 1
41 2
42 3
43 1
45 2
46 2
47 1
48 2
50 1
52 1
53 2
55 2
58 1
59 1
60 1
61 1
62 1
63 1
67 3
69 1
72 1
73 1
75 1
76 2
77 1
79 1
89 1
98 1
99 1
104 1
105 1
106 1
108 1
115 1
118 1
119 1
120 1
122 1
124 1
127 1
128 1
129 1
133 1
143 1
145 1
150 1
154 1
155 1
157 1
162 2
180 1
188 1
198 1
202 1
210 1
235 2
245 1
249 1
255 1
260 1
267 1
270 1
272 1
279 1
286 1
296 2
300 1
301 1
307 1
308 1
309 1
313 1
315 1
325 2
331 1
336 1
345 1
347 2
350 1
351 1
354 1
355 1
356 1
358 1
361 1
366 1
372 1
374 1
375 2
384 1
391 2
393 1
401 1
417 1
428 1
442 2
444 1
455 1
463 1
466 1
469 1
473 1
476 1
486 1
492 1
494 2
495 2
507 1
522 1
532 1
536 1
544 1
547 2
550 1
556 1
570 1
575 1
576 1
578 1
579 1
585 1
588 1
598 1
602 1
606 1
613 1
614 1
616 1
620 1
621 1
624 1
634 2
640 1
655 2
657 1
662 1
677 1
680 2
681 1
684 1
693 1
695 1
697 1
701 1
702 1
703 1
706 2
709 1
715 1
718 1
719 1
722 1
723 1
725 1
732 1
734 1
737 2
741 2
743 1
744 1
745 1
746 1
747 2
749 1
750 1
752 1
753 2
755 2
756 1
759 1
760 1
761 1
762 1
764 2
770 1
772 3
773 3
774 1
776 1
778 1
779 1
780 1
783 1
788 1
791 1
793 2
796 1
798 1
799 1
807 1
810 1
813 2
814 2
818 2
819 4
827 1
828 1
829 1
834 1
839 3
842 1
844 1
845 1
851 1
852 1
853 1
863 1
873 1
877 1
879 1
881 1
883 1
885 1
887 1
896 1
898 1
901 1
905 1
907 1
909 1
912 1
916 2
921 1
928 1
935 1
936 1
940 1
944 1
948 1
957 1
959 2
960 1
971 1
972 1
974 1
981 1
982 3
987 1
999 1
1000 1
1010 2
1011 1
1013 1
1016 1
1019 1
1020 1
1024 1
1026 1
1030 1
1031 1
1035 1
1038 1
1039 1
1040 1
1049 1
1050 1
1054 2
1060 1
1061 1
1062 1
1063 1
1068 2
1071 1
1073 1
1074 1
1075 1
1077 1
1079 1
1080 1
1082 1
1088 1
1091 1
1096 1
1098 1
1101 1
1102 1
1110 1
1113 1
1123 1
1124 1
1134 1
1136 2
1137 1
1141 1
1145 1
1151 1
1152 1
1169 1
1172 1
1177 1
1181 1
1186 1
1189 1
1194 1
1210 1
1211 2
1213 1
1218 1
1228 1
1230 1
1233 2
1237 1
1243 2
1245 2
1247 1
1249 1
1251 3
1257 2
1269 1
1272 1
1282 1
1283 1
1289 1
1291 1
1299 1
1301 1
1302 1
1303 1
1311 1
1335 1
