100 3000 50
0 253794
1 13
2 76
3 184
4 289
5 410
6 531
7 598
8 596
9 526
10 406
11 344
12 244
13 188
14 116
15 93
16 67
17 43
18 36
19 23
20 20
21 17
22 11
23 9
24 9
25 9
27 6
28 5
29 4
30 5
31 2
32 1
33 3
34 1
35 1
36 2
37 2
38 4
39 2
40 2
43 2
44 2
45 1
47 1
49 1
50 1
52 2
53 1
55 3
56 2
57 1
58 1
60 1
63 2
68 1
70 1
72 1
74 2
76 1
80 2
81 1
84 2
86 1
90 1
96 1
108 1
109 1
110 1
114 1
122 1
124 1
129 1
134 1
140 1
141 1
158 1
159 1
161 1
169 1
170 1
173 1
179 1
186 1
189 2
191 1
192 1
199 1
200 1
208 1
210 1
212 1
214 1
225 2
228 1
240 1
247 1
251 1
252 1
254 1
255 2
256 1
257 2
259 1
269 1
291 1
293 1
297 1
305 1
314 1
322 1
331 1
332 1
333 1
339 1
340 1
346 1
347 1
348 2
352 1
353 1
358 1
361 1
371 1
376 1
378 1
380 1
392 1
401 1
403 1
408 2
411 2
419 1
420 1
421 1
424 1
425 1
427 1
442 1
443 1
451 2
456 1
476 2
481 1
486 1
488 2
490 1
499 2
502 1
515 1
518 1
524 1
531 1
538 1
539 1
548 1
552 1
560 1
563 1
572 1
576 1
578 1
580 1
586 2
589 1
590 1
610 1
611 1
615 1
625 1
628 1
629 1
630 1
633 3
638 1
640 1
648 1
654 2
665 1
667 1
672 1
675 1
676 1
682 1
683 1
684 1
685 1
687 1
705 1
706 1
710 1
711 1
719 1
720 1
721 1
722 1
725 1
726 3
733 1
738 1
744 2
746 1
748 1
751 1
753 2
754 1
755 1
758 1
759 1
762 1
763 1
764 1
768 1
769 1
771 1
775 1
778 1
779 1
780 1
781 2
782 1
784 2
785 1
787 1
789 1
790 1
792 1
793 2
794 1
798 3
801 1
804 1
805 1
809 1
810 1
812 1
813 2
816 2
817 1
827 2
829 1
832 1
833 1
834 1
835 2
839 1
840 1
841 2
844 1
845 2
847 1
848 1
850 2
852 1
853 1
859 1
864 1
878 1
879 1
896 1
900 1
904 1
919 1
921 2
924 1
929 1
930 1
931 1
947 2
950 1
951 1
953 1
958 1
970 1
974 1
975 1
976 1
977 1
978 2
994 1
995 1
997 2
998 1
999 1
1000 1
1004 2
1006 2
1010 1
1012 1
1013 1
1014 2
1016 2
1022 1
1025 1
1026 2
1031 2
1033 1
1034 1
1035 1
1037 1
1040 1
1041 1
1049 1
1051 3
1057 1
1060 1
1061 1
1062 1
1064 2
1067 1
1069 1
1075 1
1076 1
1082 1
1083 1
1084 1
1085 1
1098 1
1099 1
1106 1
1108 1
1112 1
1133 2
1142 1
1147 1
1155 1
1159 1
1168 1
1169 1
1193 1
1195 1
1196 1
1200 1
1202 1
1206 1
1219 1
1226 1
1227 1
1230 1
1233 1
1236 1
1238 1
1239 1
1241 1
1243 1
1244 1
1247 1
1250 1
1255 1
1256 2
1257 1
1265 1
1278 1
1281 1
1288 1
1293 1
1295 1
1301 1
1304 1
1306 1
1312 1
1314 1
1315 1
1317 1
