100 3000 50
0 252033
1 124
2 330
3 636
4 828
5 922
6 931
7 763
8 628
9 454
10 339
11 214
12 136
13 80
14 50
15 38
16 23
17 20
18 10
19 9
20 12
21 4
22 6
23 6
24 6
25 5
26 6
27 2
28 4
29 1
30 4
31 2
32 2
33 4
34 3
35 3
38 1
39 2
40 3
41 3
42 4
43 2
44 4
49 2
50 3
51 1
52 2
53 2
55 2
57 2
59 1
62 2
63 1
64 1
65 1
68 1
72 3
73 2
74 3
75 1
80 1
85 1
88 1
93 2
94 1
99 1
104 1
107 2
112 1
113 1
115 1
118 1
122 1
124 1
125 1
126 1
133 1
134 1
136 1
138 1
145 1
148 1
149 1
150 1
152 1
153 2
172 1
175 1
177 1
181 1
182 1
187 1
191 1
192 1
195 2
197 2
199 1
201 1
214 1
216 2
223 1
226 1
227 1
229 1
232 1
235 1
236 1
243 1
249 1
254 1
257 1
265 1
271 1
273 1
275 2
276 1
277 1
279 2
283 1
288 3
296 2
303 1
307 1
312 1
314 1
317 1
328 3
329 1
330 1
333 2
334 2
336 1
338 1
339 1
342 2
343 1
346 1
349 1
351 1
358 1
360 1
364 1
365 1
368 1
372 2
373 2
374 1
384 1
395 1
396 2
398 2
399 1
412 1
417 2
421 1
425 2
427 1
428 1
430 1
431 2
441 1
446 1
448 1
458 1
464 1
471 1
472 1
473 1
475 1
479 1
483 1
486 2
487 1
497 1
498 1
504 1
505 1
507 1
508 1
509 2
510 1
517 1
518 1
524 1
527 2
528 1
530 1
551 1
557 1
558 2
560 1
575 1
583 1
584 3
588 1
590 1
600 2
603 1
613 1
614 1
616 1
619 1
620 1
621 1
624 1
637 1
642 1
647 2
648 1
652 1
657 1
658 1
660 1
663 1
674 1
675 2
679 2
682 1
683 1
687 1
688 1
692 1
695 1
698 1
699 1
705 1
714 1
722 1
724 1
725 1
730 3
735 1
736 1
739 2
741 2
746 1
749 1
750 1
752 1
753 1
754 1
760 1
762 1
763 1
764 1
767 1
771 1
772 2
773 1
774 2
776 1
777 1
778 1
779 2
781 1
782 1
784 1
786 1
788 1
791 1
792 2
795 1
796 1
798 1
803 1
805 2
808 1
809 1
810 1
814 1
815 2
820 1
821 1
822 2
823 1
824 1
828 1
831 1
833 3
840 1
842 1
844 1
846 1
849 1
850 1
859 1
861 1
868 1
870 1
874 1
909 1
913 3
917 3
919 1
922 1
927 1
938 1
942 1
944 2
951 1
962 1
964 1
969 1
970 1
972 1
974 1
978 1
981 1
982 1
984 1
986 1
988 1
991 2
994 2
995 1
997 2
1001 1
1006 1
1007 1
1008 1
1013 1
1017 1
1018 1
1020 1
1022 1
1026 1
1029 1
1031 1
1033 2
1035 1
1036 1
1040 1
1043 1
1044 1
1047 1
1048 1
1057 2
1061 1
1065 1
1071 1
1073 1
1078 1
1079 1
1081 2
1083 1
1086 1
1103 1
1106 2
1112 1
1121 1
1126 1
1138 1
1145 1
1147 1
1150 1
1177 1
1188 1
1195 1
1199 1
1200 1
1203 1
1205 1
1210 1
1216 1
1245 1
1250 1
1254 1
1258 3
1259 1
1260 1
1262 1
1264 1
1275 2
1277 1
1278 1
1280 2
1281 1
1286 1
1301 1
1330 1
1333 1
1334 1
