100 3000 50
0 254478
1 7
2 43
3 80
4 141
5 268
6 345
7 437
8 456
9 480
10 402
11 353
12 289
13 244
14 170
15 109
16 92
17 65
18 45
19 33
20 22
21 25
22 14
23 15
24 11
25 11
26 9
27 3
28 4
29 2
30 4
31 8
32 2
33 2
34 4
35 2
36 4
37 2
38 4
39 2
40 2
41 2
42 3
43 2
44 5
45 2
46 2
47 1
48 1
49 1
51 3
54 1
55 1
56 2
57 1
58 2
61 1
64 1
65 1
67 1
73 1
76 1
77 1
78 1
79 1
82 1
83 1
84 1
87 1
88 1
89 1
92 1
94 1
96 1
97 1
101 1
102 1
103 1
106 1
108 1
109 1
112 1
115 1
121 1
128 1
130 1
131 1
138 1
143 1
147 1
150 1
153 1
154 2
159 1
165 1
195 1
196 1
204 1
220 1
240 1
250 1
252 1
256 1
266 1
273 1
274 2
276 1
284 1
285 1
287 1
299 1
302 1
303 1
304 2
310 1
317 1
318 1
324 1
327 1
335 1
337 1
344 1
350 1
358 1
359 1
371 1
374 1
375 1
381 1
383 2
388 3
390 1
398 1
400 2
407 1
413 1
424 1
435 1
436 1
437 1
448 1
450 1
451 1
462 1
471 1
482 1
488 2
489 1
497 1
500 2
518 1
521 1
534 2
537 1
546 1
547 1
567 1
569 1
580 1
586 1
588 1
589 1
606 1
607 1
613 1
617 1
624 1
632 1
633 1
645 1
653 1
655 1
667 1
668 1
670 1
673 1
674 1
681 1
686 2
695 1
700 1
701 1
708 1
715 1
716 1
717 1
722 1
724 1
726 2
727 1
730 1
731 1
733 2
737 1
738 1
739 1
740 1
742 1
744 1
745 2
751 1
754 1
755 1
756 2
758 1
759 1
760 1
763 1
765 1
771 1
773 2
774 1
775 1
776 1
779 1
782 1
783 1
784 2
785 3
788 1
793 1
794 1
795 1
796 1
797 1
798 1
800 1
803 1
805 1
806 1
807 1
808 1
809 2
811 4
812 1
813 2
814 1
816 2
819 1
820 1
823 2
824 1
827 1
829 2
833 1
834 1
841 1
848 1
850 2
854 1
857 1
859 1
862 1
864 1
869 1
871 1
872 1
874 1
893 2
901 1
902 1
911 1
913 1
928 1
929 2
940 2
946 1
949 1
951 1
962 1
965 1
971 1
975 1
976 1
977 2
985 1
989 1
992 1
996 2
997 1
998 1
999 1
1000 1
1003 2
1008 1
1010 2
1013 1
1024 1
1026 2
1029 1
1031 1
1034 1
1035 2
1036 2
1038 1
1040 1
1042 1
1045 1
1046 3
1051 1
1053 1
1062 2
1066 2
1083 1
1084 1
1093 1
1098 1
1099 1
1102 1
1107 1
1110 1
1111 1
1114 1
1119 3
1128 1
1134 1
1139 1
1140 1
1143 1
1145 1
1148 1
1156 1
1157 1
1179 2
1180 1
1183 1
1189 1
1207 1
1208 1
1210 1
1211 1
1212 1
1215 1
1222 1
1223 1
1228 1
1231 1
1235 1
1238 2
1240 1
1241 1
1242 1
1248 1
1249 2
1250 1
1252 2
1253 1
1255 1
1256 1
1266 1
1272 1
1278 1
1288 1
1291 1
1300 1
1301 1
1302 3
1303 1
1328 1
