100 3000 50
0 254086
1 13
2 48
3 137
4 251
5 375
6 417
7 482
8 515
9 480
10 442
11 364
12 284
13 222
14 135
15 124
16 81
17 50
18 44
19 32
20 18
21 19
22 10
23 7
24 5
25 5
26 8
27 6
28 5
29 4
30 3
31 6
33 3
34 1
35 3
36 4
37 1
41 2
42 1
43 1
44 2
46 2
47 2
48 1
49 1
50 1
51 2
54 2
55 2
56 1
58 1
59 1
60 1
61 1
63 2
64 1
65 1
67 1
70 1
72 1
76 1
77 1
78 1
80 1
81 1
83 1
84 1
87 1
91 1
93 1
96 1
100 1
101 1
102 1
105 1
107 1
108 1
112 2
113 1
117 1
118 1
119 1
129 1
132 1
139 1
147 1
151 1
154 1
175 1
181 1
184 2
204 1
205 1
208 1
214 1
228 1
232 1
244 1
248 1
250 1
252 1
254 1
257 1
263 1
265 2
267 1
277 1
281 1
282 1
292 1
295 1
303 1
310 1
316 1
332 2
338 1
344 1
349 1
354 2
358 1
360 1
362 1
365 2
366 1
368 1
369 2
379 1
383 1
385 1
387 1
401 1
405 1
406 1
409 1
425 1
434 1
436 1
442 2
443 1
450 1
452 1
455 1
461 1
462 1
465 1
466 1
467 1
472 1
477 1
478 1
492 2
519 1
521 2
534 1
537 1
547 1
562 1
580 1
583 1
588 1
590 1
593 1
608 2
610 2
613 2
626 1
629 1
632 1
634 2
636 2
645 1
648 1
650 1
653 1
668 1
673 2
675 1
676 1
678 1
688 1
691 1
694 1
695 1
699 1
705 1
708 2
710 1
711 1
718 2
719 2
725 1
730 1
734 1
746 1
748 1
749 1
751 1
752 1
757 3
760 1
761 1
762 2
764 1
765 1
767 1
769 1
772 3
775 2
776 1
779 1
782 1
785 2
789 2
791 1
792 1
794 1
795 2
797 1
798 1
799 2
802 1
803 2
806 1
807 1
810 1
812 1
816 1
817 1
821 1
822 1
823 2
828 1
830 2
833 1
835 1
837 1
838 1
841 1
843 1
845 1
846 1
848 1
849 1
850 1
854 1
857 2
859 1
861 1
862 1
865 1
868 1
881 1
883 1
884 1
891 1
900 1
906 1
907 1
919 3
920 1
928 2
930 1
944 1
952 1
953 1
954 1
955 1
961 1
965 1
966 2
968 1
970 1
971 3
977 3
980 1
982 1
984 1
986 2
988 1
992 1
995 1
1001 1
1005 1
1008 1
1009 1
1011 2
1012 1
1016 1
1021 1
1023 2
1025 1
1037 2
1039 2
1044 2
1045 1
1047 1
1048 1
1051 2
1059 1
1061 2
1066 1
1067 1
1068 1
1069 1
1070 1
1073 1
1091 2
1099 1
1109 1
1112 1
1114 1
1118 1
1131 1
1133 1
1140 1
1142 1
1147 1
1153 1
1155 1
1160 1
1173 1
1182 1
1185 1
1188 1
1195 1
1204 1
1208 1
1211 1
1218 1
1219 1
1220 1
1224 1
1228 1
1229 1
1230 1
1235 1
1238 1
1242 1
1244 1
1249 1
1251 1
1253 1
1255 1
1260 1
1270 3
1272 1
1273 1
1274 2
1276 1
1283 1
1287 1
1289 1
1293 1
1294 1
1298 2
1302 1
