100 3000 50
0 253029
1 43
2 162
3 332
4 521
5 685
6 704
7 731
8 631
9 526
10 355
11 285
12 172
13 148
14 101
15 63
16 44
17 29
18 20
19 15
20 12
21 6
22 8
23 7
24 8
25 3
26 7
27 3
28 4
29 7
30 2
31 1
32 1
34 1
35 3
36 4
37 4
38 1
39 1
41 1
42 3
44 1
46 3
48 1
49 2
50 1
51 1
53 2
55 2
56 3
57 1
58 1
60 4
62 1
63 1
66 1
67 1
68 1
69 1
74 2
76 1
77 1
80 1
83 1
87 2
89 1
94 2
95 1
102 1
110 1
119 1
121 1
139 1
145 2
148 1
151 1
157 1
164 1
165 1
167 1
169 2
176 1
179 1
183 1
184 1
187 1
196 1
206 1
207 1
211 1
212 1
215 1
221 1
230 1
231 1
232 1
237 1
243 1
251 1
254 1
266 1
267 1
272 1
285 1
288 1
289 1
292 1
298 1
300 2
309 1
313 1
314 1
315 1
317 1
318 1
331 1
339 1
341 1
342 1
346 2
349 2
357 2
362 1
371 1
375 1
376 1
382 1
385 2
386 2
389 1
395 1
401 1
410 1
412 1
415 1
417 3
422 2
425 1
429 1
431 1
440 1
441 1
449 1
452 1
459 1
464 1
466 1
474 1
477 1
482 1
486 1
488 1
490 1
491 1
503 2
504 1
509 1
514 1
517 1
522 1
526 1
535 1
540 1
542 1
544 2
550 1
556 1
569 1
570 1
571 1
575 1
580 2
585 1
589 1
597 1
604 1
614 1
615 1
620 1
621 2
622 1
631 1
634 1
646 1
658 1
664 1
665 1
668 1
673 1
674 1
678 1
686 1
687 1
691 1
692 2
697 1
702 1
703 1
704 1
707 1
708 1
715 1
716 1
723 3
725 2
728 1
733 1
734 1
738 1
744 1
745 1
746 2
747 1
752 1
753 2
757 1
759 1
760 1
761 1
763 1
766 1
768 3
769 4
771 1
774 1
777 1
778 1
780 3
781 1
783 1
784 2
785 1
787 1
788 2
791 1
793 4
794 1
795 1
796 1
797 1
800 1
805 1
807 1
808 1
809 1
815 1
816 1
817 1
819 1
820 1
821 2
823 1
830 2
835 1
837 1
844 1
845 1
850 1
856 1
858 1
863 2
873 1
882 1
884 1
885 1
887 2
889 1
903 1
911 1
919 1
936 1
941 1
943 1
946 1
957 2
961 1
969 1
971 1
972 1
978 1
981 1
988 1
992 1
994 1
995 1
996 1
997 1
999 1
1002 1
1007 3
1010 1
1011 1
1012 1
1015 1
1018 1
1019 1
1020 1
1021 2
1025 2
1033 1
1034 1
1038 1
1043 2
1046 1
1047 1
1048 3
1050 1
1051 1
1052 1
1055 1
1056 1
1060 1
1063 1
1067 1
1073 1
1075 1
1077 1
1080 1
1082 3
1083 1
1093 1
1094 1
1099 1
1118 1
1119 1
1124 1
1129 1
1131 2
1134 1
1141 1
1151 1
1156 2
1162 1
1164 1
1177 2
1192 1
1198 1
1205 1
1219 1
1225 1
1227 1
1228 1
1233 1
1247 2
1250 1
1251 1
1256 3
1257 1
1259 1
1262 1
1264 1
1266 1
1271 1
1276 1
1283 1
1297 1
1299 1
1300 2
1303 1
1305 2
1321 1
