100 3000 50
0 253669
1 31
2 77
3 199
4 339
5 478
6 591
7 571
8 591
9 482
10 422
11 326
12 235
13 158
14 137
15 92
16 80
17 53
18 26
19 29
20 21
21 10
22 12
23 2
24 5
25 8
26 6
27 5
28 2
29 4
30 2
31 3
32 5
33 2
34 1
36 1
37 1
38 3
40 2
41 2
42 1
43 4
44 1
45 3
46 3
47 2
49 2
51 2
54 2
55 3
57 1
58 1
59 2
62 1
65 1
73 2
75 1
79 1
81 1
85 1
87 1
90 1
92 1
94 1
97 1
98 1
99 1
100 1
101 1
106 1
109 1
110 1
115 1
118 1
122 1
124 1
137 1
139 1
154 1
158 1
163 1
172 1
178 1
181 1
184 1
188 1
189 1
199 1
201 1
215 1
223 1
224 1
228 1
233 1
235 1
239 1
241 2
246 1
250 2
252 1
253 1
254 1
255 1
257 1
269 1
279 1
281 1
289 1
291 2
292 1
294 1
299 1
303 1
310 1
312 1
318 1
324 1
338 1
343 1
346 2
356 3
358 1
362 1
366 1
371 1
372 2
375 1
376 1
380 1
381 1
386 2
387 1
391 1
397 1
401 1
409 1
418 1
421 1
423 1
427 1
428 1
439 1
455 1
460 1
462 1
471 1
481 2
486 1
488 1
494 1
495 1
501 1
503 1
505 1
506 1
522 1
524 1
540 1
541 1
544 1
549 2
550 1
556 1
569 1
571 1
573 1
575 1
581 1
587 1
588 1
600 1
601 1
606 1
614 1
621 1
626 1
629 1
635 1
641 1
650 2
651 1
652 1
653 1
654 1
659 1
660 1
668 1
673 1
674 1
675 1
680 1
683 1
684 1
686 2
688 1
702 1
706 1
710 1
713 1
715 2
717 1
719 1
721 1
726 1
732 1
733 2
734 1
735 1
737 1
740 1
741 2
742 2
743 2
746 1
748 1
750 1
752 1
757 1
762 2
766 1
768 1
770 1
771 1
773 1
775 1
777 1
778 1
783 2
785 1
786 2
788 2
789 1
791 1
792 2
793 1
794 1
795 1
798 1
799 3
800 1
802 2
803 2
809 1
812 1
814 2
819 1
821 1
823 2
824 1
825 1
827 2
833 1
834 1
842 2
845 1
849 1
850 2
851 1
861 1
864 1
865 2
878 1
880 1
881 1
882 1
888 1
901 1
904 1
906 1
916 1
939 1
942 1
944 1
946 1
949 1
951 2
957 1
962 1
966 1
968 1
971 2
982 1
985 2
988 1
990 1
993 2
995 3
996 1
998 1
1000 1
1005 2
1007 1
1009 1
1012 1
1014 1
1015 1
1022 2
1023 1
1024 1
1026 1
1040 1
1041 1
1044 1
1046 1
1050 2
1054 1
1057 1
1058 3
1059 1
1060 1
1061 1
1067 1
1068 1
1069 1
1071 1
1074 1
1089 1
1091 1
1099 1
1100 1
1108 2
1127 1
1134 1
1137 1
1144 1
1148 1
1155 2
1160 1
1164 1
1167 2
1171 1
1172 1
1180 1
1186 1
1187 1
1192 1
1196 1
1205 1
1211 1
1218 1
1229 1
1233 1
1240 1
1245 1
1247 1
1248 2
1251 1
1252 1
1254 1
1259 1
1260 1
1266 1
1267 1
1271 1
1275 1
1276 1
1277 1
1278 2
1280 1
1286 1
1288 1
1290 1
1299 1
1308 1
1323 1
