100 3000 50
0 254382
1 7
2 37
3 98
4 189
5 299
6 383
7 440
8 453
9 450
10 436
11 364
12 290
13 214
14 161
15 120
16 88
17 58
18 42
19 30
20 26
21 16
22 23
23 11
24 15
25 10
26 8
27 5
28 4
29 4
30 2
31 3
32 3
33 6
34 1
35 3
36 3
37 1
38 4
39 2
40 2
42 2
44 1
46 1
47 1
48 2
49 1
50 2
51 1
52 1
54 3
55 4
56 1
57 1
59 2
62 1
64 1
65 1
67 1
68 1
71 1
72 1
73 1
77 1
78 1
80 1
81 1
82 1
85 2
87 2
88 1
89 1
90 1
92 2
95 1
97 1
102 1
103 1
106 2
112 2
115 1
116 1
125 1
127 1
131 1
134 2
138 2
139 1
149 2
152 1
169 1
196 1
208 1
209 1
211 1
228 1
236 1
244 1
245 1
253 1
254 1
266 1
274 1
277 1
280 1
289 1
300 2
306 1
309 1
310 1
319 1
321 1
323 1
324 1
325 1
327 2
337 1
339 1
347 1
353 1
361 2
366 2
372 2
374 1
384 1
387 1
397 1
405 2
411 1
416 1
420 1
428 1
458 1
462 1
465 1
467 1
482 2
483 1
485 1
487 1
488 1
495 1
497 1
506 1
509 1
510 1
515 1
550 1
552 1
561 1
574 1
578 1
585 1
587 1
597 1
599 1
601 1
606 1
612 1
614 1
616 1
628 1
637 2
642 1
646 1
658 1
665 1
669 1
672 2
673 1
675 1
676 1
687 1
690 2
691 1
694 1
695 1
699 1
705 1
707 1
709 1
712 1
719 1
721 1
722 1
726 1
728 1
731 1
734 1
737 2
740 1
742 1
743 1
750 1
751 1
754 1
756 1
757 1
760 1
765 1
766 2
767 1
768 1
769 1
770 2
776 1
777 1
779 1
780 1
781 1
782 2
783 2
784 1
786 2
787 1
792 1
793 2
794 2
796 1
798 1
800 1
801 2
802 2
805 1
806 1
807 1
808 3
811 1
812 1
814 1
815 2
817 2
818 1
819 1
841 1
843 2
844 1
847 1
848 1
849 2
851 1
856 1
859 1
861 1
872 1
873 1
876 1
877 1
878 1
885 2
892 1
895 2
902 1
905 2
924 1
928 2
940 1
943 1
944 1
951 1
952 1
955 1
958 1
965 1
968 2
969 1
978 2
979 1
982 1
984 1
987 1
991 1
994 1
997 1
998 1
1005 1
1007 1
1008 1
1009 1
1012 1
1014 1
1015 1
1018 1
1019 1
1024 1
1025 1
1028 1
1029 1
1031 1
1032 1
1034 1
1038 1
1045 1
1046 1
1048 2
1051 1
1053 1
1055 2
1059 2
1066 1
1071 1
1072 1
1073 1
1075 1
1076 1
1077 1
1078 1
1089 1
1091 1
1092 1
1098 2
1103 1
1104 1
1116 1
1117 2
1122 1
1125 1
1128 1
1137 1
1146 1
1152 1
1153 1
1162 1
1164 1
1166 1
1172 1
1177 1
1182 1
1187 1
1190 1
1191 1
1193 1
1211 1
1218 1
1220 2
1222 1
1227 2
1229 1
1235 1
1237 1
1239 2
1244 1
1247 1
1250 1
1253 1
1255 2
1267 1
1268 1
1277 1
1279 1
1283 1
1285 1
1288 1
1295 1
1297 1
1301 2
1305 1
1314 1
1318 1
1319 1
