100 3000 50
0 253902
1 18
2 64
3 161
4 295
5 410
6 536
7 560
8 555
9 500
10 421
11 312
12 246
13 188
14 127
15 99
16 60
17 53
18 39
19 22
20 24
21 17
22 10
23 12
24 9
25 3
26 6
27 8
28 2
29 1
30 3
31 5
32 3
33 1
34 3
35 2
36 1
38 4
39 3
40 1
41 1
42 1
43 2
46 1
47 3
48 1
49 2
50 1
51 1
52 3
53 2
55 1
56 1
61 2
63 1
64 1
66 2
67 1
69 2
74 1
75 1
80 2
82 1
85 1
86 1
87 2
90 2
94 1
99 2
100 1
102 1
104 1
106 1
108 1
113 1
114 3
117 1
119 1
120 1
126 1
134 1
139 1
140 1
142 1
161 1
162 1
168 1
174 1
182 1
184 1
186 1
191 1
193 1
196 1
202 2
207 1
228 1
229 1
243 1
260 1
265 1
268 1
270 1
272 1
282 2
285 1
289 3
292 1
306 1
317 1
327 1
329 1
343 1
344 1
348 1
351 1
354 1
355 1
356 1
358 1
362 1
363 3
367 1
369 2
373 1
374 1
376 1
383 1
387 1
390 1
393 1
410 1
419 1
423 1
431 1
434 1
436 1
439 1
450 1
461 1
464 1
466 1
482 1
488 1
496 1
497 1
505 1
506 1
508 1
517 1
519 1
521 1
527 1
537 1
547 1
551 1
557 1
559 1
562 2
564 1
568 1
571 1
574 1
578 1
593 1
595 1
596 1
598 1
604 1
608 1
626 1
633 1
639 1
645 1
649 1
659 1
662 1
663 1
665 1
666 1
668 1
672 2
683 1
684 1
688 1
691 1
692 1
694 2
696 1
706 1
715 1
716 1
717 1
718 1
720 1
722 1
727 1
729 1
730 1
731 1
732 1
733 2
734 1
736 1
740 1
742 1
743 1
750 1
751 1
757 1
759 1
760 1
761 1
762 2
764 1
766 1
767 2
768 1
771 2
773 1
775 2
776 1
780 1
784 1
785 3
786 1
788 1
789 5
791 1
793 1
794 3
803 3
806 1
807 1
810 2
812 1
814 1
815 2
819 1
824 2
825 1
827 1
832 1
834 1
839 3
842 1
845 1
847 1
850 1
860 1
861 1
866 1
869 1
873 1
876 2
879 2
882 1
884 1
887 1
890 1
899 1
902 1
903 1
917 1
925 1
931 1
939 1
953 1
955 1
956 1
957 1
958 1
959 1
965 1
970 1
971 1
972 2
973 1
979 1
982 1
985 1
991 1
994 1
996 1
999 1
1001 1
1002 1
1003 1
1005 2
1006 1
1008 1
1010 1
1011 1
1014 1
1016 1
1019 1
1020 2
1022 1
1026 2
1027 1
1028 1
1029 1
1038 2
1039 1
1049 1
1052 1
1057 1
1058 1
1062 1
1063 1
1065 1
1066 2
1072 1
1073 1
1078 1
1085 2
1090 1
1095 1
1096 1
1099 1
1102 1
1106 1
1107 1
1109 1
1135 1
1138 1
1142 1
1145 1
1153 1
1161 2
1162 1
1166 1
1169 1
1174 1
1190 1
1202 1
1208 1
1211 1
1218 1
1219 1
1221 1
1229 1
1235 1
1236 2
1238 1
1241 1
1252 1
1253 1
1261 1
1264 1
1265 1
1266 3
1268 1
1269 1
1270 1
1273 1
1274 1
1279 1
1280 1
1287 1
1293 1
1297 1
1302 1
1306 1
1314 1
1319 1
