100 3000 50
0 254428
1 6
2 29
3 77
4 196
5 284
6 387
7 396
8 446
9 452
10 405
11 351
12 308
13 242
14 161
15 126
16 102
17 65
18 55
19 33
20 16
21 29
22 17
23 13
24 8
25 10
26 2
27 6
28 7
29 3
30 2
31 4
32 5
33 4
34 2
35 1
36 1
37 3
38 1
39 2
40 5
41 3
42 2
43 4
44 2
45 1
46 1
47 2
48 1
50 3
51 3
54 2
56 3
57 1
58 1
62 1
65 1
68 1
69 1
71 1
73 1
74 1
80 1
82 2
86 1
87 2
88 1
89 1
90 1
96 1
97 2
98 1
102 2
103 2
104 1
106 1
107 4
113 1
114 1
119 1
133 1
140 1
143 1
144 1
157 1
173 1
180 1
185 1
199 1
218 1
220 1
226 1
229 1
233 1
241 1
245 1
251 1
269 1
273 1
279 1
284 1
289 1
296 2
298 1
300 1
309 2
316 1
326 1
327 1
330 1
333 1
335 1
340 1
349 1
356 1
359 1
361 1
363 1
364 1
366 1
368 1
369 1
371 1
375 1
376 1
382 1
393 2
395 1
399 1
405 1
412 1
430 2
438 1
447 2
452 1
454 2
471 1
492 1
493 1
496 1
503 1
506 1
510 1
513 1
526 1
533 1
534 1
537 1
557 1
559 2
565 1
573 1
597 1
604 1
608 1
609 1
619 1
627 1
628 1
629 1
632 1
634 2
635 1
637 1
640 1
650 1
668 1
669 1
671 1
675 1
679 1
693 1
697 1
699 1
713 1
717 1
721 1
722 1
724 1
726 1
733 2
735 2
738 1
739 1
742 2
748 1
749 3
752 2
753 1
755 2
759 1
763 3
765 1
766 2
767 1
769 1
770 2
772 1
773 1
780 2
781 1
782 3
783 1
787 3
791 1
793 1
795 1
796 1
797 1
798 2
800 3
801 1
803 2
806 1
813 4
816 1
817 1
818 1
819 2
825 3
826 1
830 1
835 1
836 1
839 2
841 1
842 1
848 3
850 1
851 1
863 1
865 1
866 1
874 1
876 2
878 2
880 1
896 1
898 1
899 1
900 1
908 1
912 1
913 1
920 1
929 1
932 1
939 1
941 2
945 1
946 2
955 1
961 1
963 1
977 1
978 1
984 1
986 2
987 1
989 2
994 3
1000 1
1005 1
1008 1
1011 1
1014 1
1016 2
1018 1
1020 1
1022 1
1023 1
1030 1
1031 1
1035 1
1038 1
1042 1
1044 1
1046 1
1048 2
1055 1
1056 1
1061 2
1065 1
1066 1
1070 2
1076 1
1081 1
1083 1
1085 1
1087 1
1095 1
1096 1
1097 1
1113 1
1117 1
1118 1
1119 1
1122 1
1124 1
1137 1
1142 1
1144 1
1149 2
1151 1
1155 1
1160 1
1188 2
1189 1
1190 1
1193 1
1207 1
1212 1
1214 1
1215 1
1216 1
1218 1
1222 2
1223 1
1224 1
1226 1
1234 1
1236 1
1242 1
1245 1
1246 2
1247 1
1248 1
1249 2
1256 1
1259 1
1260 1
1265 1
1270 1
1271 1
1273 1
1274 1
1276 2
1277 1
1286 1
1290 1
1292 1
1296 1
1297 1
1320 1
