100 3000 50
0 254311
1 15
2 52
3 80
4 176
5 311
6 414
7 462
8 474
9 467
10 434
11 355
12 284
13 237
14 145
15 116
16 81
17 58
18 48
19 38
20 19
21 19
22 13
23 16
24 6
25 9
26 6
27 4
28 5
29 4
30 9
31 4
33 4
34 3
35 2
36 4
37 2
39 1
40 1
41 1
44 1
45 2
47 5
48 1
50 1
51 1
53 2
54 1
55 1
56 3
57 1
58 1
62 3
63 1
64 1
65 1
66 2
68 1
69 1
71 2
72 1
73 1
75 2
77 1
79 1
83 1
85 1
87 1
91 1
92 1
95 1
97 2
98 1
101 1
102 1
105 1
107 1
108 1
112 1
114 1
118 1
125 1
127 2
128 1
130 1
133 2
136 2
147 1
149 1
151 1
164 1
180 1
192 1
195 1
199 1
201 1
204 1
221 1
223 1
254 1
261 1
265 1
267 1
278 1
283 1
287 1
294 1
295 2
298 1
299 1
301 1
306 1
308 1
311 1
328 1
339 1
341 2
347 1
350 1
353 1
357 2
359 1
363 1
364 1
366 1
371 1
374 1
377 1
383 1
387 1
405 1
406 1
413 1
425 1
429 1
430 1
431 1
433 1
436 1
442 1
445 1
454 1
458 1
465 1
469 1
471 1
476 1
480 2
488 1
493 1
518 1
525 1
539 1
541 1
552 1
560 1
562 1
572 1
588 1
593 1
607 1
608 1
621 1
622 1
623 1
626 1
635 1
636 1
638 1
640 3
643 1
646 1
649 1
678 2
686 1
687 1
696 1
698 1
705 1
710 1
713 1
717 1
722 1
726 1
728 1
729 1
731 2
735 1
736 2
741 2
744 2
745 1
747 1
748 1
749 2
750 3
752 1
754 1
756 2
757 1
758 2
759 2
764 2
766 1
767 1
769 2
770 1
775 1
776 2
782 3
784 1
786 2
787 2
788 2
789 1
801 1
802 1
804 1
806 1
809 1
811 2
813 1
817 1
819 2
820 1
824 1
825 1
829 1
831 2
834 1
836 2
837 1
838 1
839 1
840 2
841 1
842 1
844 1
845 1
847 2
848 2
849 1
851 1
853 1
859 1
861 1
867 1
869 1
875 1
888 1
891 1
910 1
913 1
914 1
915 1
923 2
931 1
932 1
938 1
941 1
944 1
946 1
949 1
950 2
956 1
961 1
968 1
969 1
971 1
972 1
976 1
979 1
981 2
982 1
983 1
985 2
986 1
991 1
992 1
994 1
996 2
997 1
998 1
1023 1
1024 2
1025 1
1027 1
1031 1
1034 2
1037 1
1038 1
1039 1
1042 1
1043 1
1046 1
1052 1
1054 1
1056 1
1059 1
1068 1
1069 1
1071 1
1075 1
1085 1
1093 1
1096 1
1101 1
1105 1
1107 1
1108 1
1111 1
1121 1
1125 1
1132 1
1141 1
1144 1
1146 1
1147 1
1153 1
1157 1
1158 1
1163 1
1165 2
1169 1
1177 1
1181 1
1182 1
1196 1
1199 2
1200 2
1206 1
1209 2
1220 1
1231 2
1234 1
1235 2
1237 1
1238 1
1248 1
1252 2
1256 1
1268 1
1274 1
1278 1
1280 1
1281 1
1283 1
1284 1
1287 1
1288 1
1289 1
1292 1
1296 2
1307 1
1314 1
1325 2
