100 3000 50
0 254534
1 5
2 30
3 83
4 161
5 251
6 351
7 382
8 424
9 449
10 422
11 338
12 281
13 224
14 185
15 158
16 86
17 68
18 55
19 42
20 22
21 15
22 21
23 13
24 12
25 10
26 12
27 7
28 5
29 7
30 3
31 3
32 3
33 5
34 1
35 3
36 5
37 1
38 9
39 1
40 4
42 2
43 2
44 5
45 2
46 3
48 2
51 1
52 2
55 2
56 1
57 2
59 1
63 2
64 1
65 1
67 2
70 2
71 2
76 1
77 1
79 2
82 1
87 2
88 1
91 1
94 1
95 2
99 2
103 1
104 1
110 1
112 1
122 1
126 1
127 1
131 1
146 1
150 1
157 1
161 1
166 1
169 1
173 1
174 1
181 1
183 1
189 1
196 1
199 1
210 1
212 1
218 2
242 1
247 1
248 2
255 1
265 1
271 1
274 1
279 1
291 1
292 1
303 1
308 1
309 1
320 2
327 2
336 1
344 1
347 1
355 1
356 3
364 1
376 2
382 1
385 1
386 1
394 1
397 1
398 1
399 1
401 1
406 1
407 2
411 1
426 1
429 1
431 1
437 1
440 2
443 1
449 1
458 1
468 2
488 2
494 1
499 1
505 1
511 1
535 1
542 1
554 1
559 1
562 1
570 1
573 1
575 1
576 1
587 1
594 1
596 1
611 1
615 1
628 1
636 1
639 1
643 1
655 1
657 1
664 1
665 1
670 2
672 2
679 1
682 1
688 1
690 1
692 1
705 1
708 1
711 1
713 1
718 1
719 1
721 1
722 3
723 1
725 1
727 1
729 1
731 1
733 1
739 1
740 1
741 2
742 1
751 4
753 1
755 1
756 1
758 1
763 1
764 2
767 3
768 1
770 1
771 1
773 1
774 1
775 1
776 1
777 1
778 1
779 1
780 1
781 1
783 1
784 1
788 2
791 1
796 1
798 2
800 1
802 2
806 1
810 2
811 1
812 1
813 1
814 2
818 1
819 1
820 2
822 1
827 1
829 1
831 1
833 1
834 1
835 1
838 1
839 2
842 1
844 1
846 2
848 1
850 1
851 1
861 1
870 2
872 1
873 1
876 1
883 1
902 1
905 1
910 2
914 1
915 1
916 1
917 1
923 1
934 1
938 1
945 1
947 1
957 1
960 1
961 1
964 1
975 1
978 1
979 1
984 1
986 1
988 2
989 1
990 1
992 1
993 1
996 1
997 1
998 1
1000 2
1001 2
1005 1
1006 1
1008 1
1010 2
1015 1
1017 2
1018 3
1022 1
1025 1
1026 1
1037 1
1038 1
1040 1
1043 2
1049 1
1052 1
1053 1
1058 1
1060 2
1066 1
1072 1
1076 1
1079 1
1086 1
1089 1
1098 1
1101 1
1103 1
1108 1
1121 2
1125 2
1130 1
1133 1
1136 1
1141 1
1149 1
1150 1
1153 1
1161 1
1163 1
1167 1
1174 1
1179 1
1184 1
1186 1
1189 1
1195 1
1198 1
1212 1
1215 1
1220 1
1221 1
1226 1
1228 1
1229 1
1230 1
1236 1
1237 2
1243 1
1247 1
1248 1
1249 1
1255 1
1256 2
1257 1
1258 1
1259 1
1262 2
1266 1
1267 1
1272 1
1278 1
1284 1
1288 1
1295 1
1300 1
1308 1
1331 1
