100 3000 50
0 254232
1 12
2 58
3 103
4 184
5 327
6 413
7 503
8 511
9 491
10 396
11 368
12 284
13 220
14 148
15 116
16 58
17 61
18 48
19 37
20 20
21 13
22 7
23 13
24 10
25 8
26 5
27 8
28 2
29 4
30 3
31 5
32 3
33 2
34 2
35 2
36 5
37 2
39 3
40 2
42 1
43 1
44 1
45 1
46 2
47 1
48 1
49 2
50 1
52 1
53 2
54 2
55 1
56 2
58 1
59 2
61 1
62 1
63 2
64 1
65 1
66 1
68 1
72 1
74 1
75 1
76 1
85 1
87 1
91 2
95 1
99 1
101 1
103 1
105 1
106 1
107 1
109 1
110 1
111 1
112 1
114 1
115 2
120 1
125 1
127 1
131 1
136 2
138 1
140 1
142 1
144 1
150 1
155 1
157 2
165 1
172 1
173 1
178 1
194 1
210 1
211 1
218 1
229 1
230 1
235 1
238 1
254 1
265 1
267 1
273 1
277 1
287 1
295 1
299 1
303 1
322 1
324 1
325 1
328 1
333 1
339 1
340 1
342 1
347 1
352 1
360 2
371 1
376 1
384 1
386 2
390 2
393 1
396 1
404 1
405 1
408 1
417 1
433 2
438 1
441 2
442 1
446 1
450 1
451 1
453 1
454 1
456 1
474 1
477 1
478 1
489 1
491 1
492 1
493 1
496 1
500 1
504 1
505 1
510 1
514 1
536 1
548 1
551 1
562 1
576 1
579 1
614 1
619 1
621 1
626 1
627 1
629 1
633 1
634 1
635 1
645 1
647 1
648 1
649 1
654 1
662 1
664 2
667 1
669 1
671 1
673 1
676 1
677 2
686 1
693 1
696 1
698 1
702 1
703 1
707 1
713 1
714 1
728 1
730 1
733 1
739 1
742 1
745 1
749 2
751 1
756 1
757 1
759 1
760 2
762 1
763 1
764 1
766 3
767 1
771 1
774 1
777 1
779 1
782 2
784 1
785 1
786 1
789 1
792 1
794 2
796 1
797 1
798 3
799 1
804 1
807 1
808 1
810 1
811 1
813 1
815 1
816 1
817 2
819 1
821 1
822 1
823 1
824 2
825 1
826 2
827 1
828 1
829 1
830 1
832 1
836 1
838 2
840 2
844 1
848 4
853 1
857 1
859 1
864 1
871 1
873 1
874 1
880 2
883 2
891 1
895 2
899 1
910 1
929 1
932 1
935 1
941 1
942 1
947 2
948 1
951 1
953 1
954 1
955 1
956 2
960 1
972 1
973 1
975 1
977 1
980 1
981 2
982 1
988 1
989 1
994 1
999 3
1000 1
1003 1
1004 1
1008 2
1010 1
1015 1
1018 1
1019 1
1025 1
1029 2
1033 2
1037 1
1040 1
1043 2
1050 1
1055 1
1056 1
1057 1
1065 1
1072 1
1075 1
1077 1
1078 1
1079 1
1080 1
1082 1
1085 1
1088 1
1096 1
1105 1
1106 1
1109 1
1110 1
1133 1
1139 1
1140 1
1148 1
1149 1
1152 1
1157 2
1158 2
1161 1
1169 1
1172 1
1174 1
1183 1
1186 2
1202 1
1207 1
1213 1
1218 1
1225 1
1227 1
1230 1
1232 1
1240 1
1242 1
1248 1
1249 1
1250 1
1251 1
1252 1
1253 1
1254 2
1258 1
1259 1
1262 2
1263 1
1270 1
1275 1
1279 1
1281 1
1293 1
1296 1
1301 1
1306 1
1320 1
1321 1
