100 3000 50
0 254623
1 4
2 27
3 69
4 117
5 231
6 318
7 349
8 409
9 424
10 412
11 369
12 309
13 255
14 184
15 138
16 100
17 75
18 59
19 43
20 34
21 32
22 21
23 7
24 8
25 11
26 10
27 4
28 6
29 7
30 8
31 3
32 4
33 1
34 2
35 1
36 1
37 2
38 4
39 3
40 3
41 3
42 3
43 4
44 3
45 3
46 1
48 1
49 3
50 2
51 1
52 1
53 1
55 1
56 2
57 1
58 1
59 1
60 2
61 2
62 1
69 1
71 1
73 1
75 2
76 2
78 1
81 1
82 2
83 1
84 1
85 1
86 1
88 1
90 1
91 1
97 1
107 2
112 1
119 2
126 1
127 1
128 2
139 1
141 1
145 1
160 2
168 1
170 1
171 1
172 1
199 1
220 1
228 1
242 1
255 1
267 1
271 1
278 1
292 1
296 1
301 1
306 1
307 2
316 1
326 1
330 1
333 1
336 1
338 1
342 1
343 1
353 1
354 1
358 2
359 1
361 3
363 1
369 1
377 1
391 1
399 2
400 1
404 1
415 1
417 1
421 1
424 1
425 1
440 1
448 1
450 2
452 1
459 1
468 1
474 2
480 2
486 1
490 1
500 1
517 1
518 1
519 1
526 1
530 1
538 1
542 1
551 1
555 1
563 1
564 1
569 1
575 1
577 1
586 1
595 1
618 1
624 1
625 1
628 1
629 1
637 1
640 1
644 1
645 1
661 1
662 2
663 2
667 1
672 1
685 2
688 1
703 1
704 1
706 1
707 1
708 1
715 1
718 1
722 1
726 1
735 2
737 1
738 1
742 2
743 1
748 1
750 1
751 1
753 1
754 1
755 2
758 2
761 2
763 1
764 3
765 1
767 1
768 1
769 1
770 1
775 1
778 1
780 1
783 3
785 1
787 1
790 1
791 4
792 2
795 2
796 1
801 2
803 3
805 1
806 1
807 1
809 1
810 1
811 1
812 2
816 1
818 1
819 2
820 1
823 1
824 1
825 1
828 2
835 1
837 1
838 1
840 1
842 1
844 2
849 1
854 1
856 1
861 1
863 1
870 1
871 1
883 1
891 1
897 1
898 1
899 1
903 1
904 1
907 1
914 1
920 1
923 1
926 1
928 1
929 1
930 1
938 1
945 1
947 1
949 2
956 1
957 1
958 1
959 1
965 1
968 1
969 1
971 1
976 1
979 1
981 1
982 1
983 1
985 1
987 1
988 2
990 1
991 1
992 1
1001 1
1003 1
1004 1
1017 1
1018 1
1019 1
1022 1
1025 1
1026 1
1027 1
1030 1
1032 1
1034 1
1037 1
1043 1
1045 1
1046 2
1054 1
1057 1
1058 1
1060 1
1061 1
1067 2
1068 1
1070 1
1074 1
1083 1
1094 2
1105 1
1106 1
1107 1
1109 1
1114 1
1115 1
1121 1
1122 1
1125 1
1130 1
1144 1
1150 1
1155 1
1164 1
1167 1
1170 1
1180 1
1185 1
1189 1
1196 1
1200 1
1206 1
1213 1
1216 1
1217 2
1220 1
1222 1
1226 1
1227 3
1234 1
1235 1
1239 1
1241 2
1243 1
1245 1
1250 1
1253 1
1256 1
1261 1
1268 1
1269 1
1271 2
1274 1
1277 3
1284 1
1285 1
1286 1
1290 1
1297 1
