100 3000 50
0 254165
1 10
2 55
3 123
4 218
5 332
6 418
7 512
8 493
9 501
10 384
11 374
12 276
13 223
14 163
15 120
16 71
17 54
18 48
19 22
20 28
21 13
22 14
23 11
24 6
25 9
26 5
27 8
28 5
29 2
30 3
31 3
32 5
33 2
34 1
35 2
36 3
37 1
38 2
39 1
40 4
41 3
42 2
43 1
44 3
45 4
46 1
47 1
48 2
51 2
52 2
54 1
55 1
56 1
57 1
58 2
60 1
62 1
63 1
64 1
68 1
70 1
79 1
80 1
82 1
85 1
86 1
87 1
91 1
96 1
102 1
109 1
110 2
113 1
116 1
118 1
119 1
120 1
124 2
125 1
127 1
130 2
132 1
137 2
142 1
152 1
153 1
160 1
161 1
165 1
166 1
175 1
186 1
189 1
193 1
194 1
212 1
217 1
254 1
260 1
267 1
268 1
277 1
280 2
284 1
286 1
288 2
289 1
296 1
306 1
310 1
316 1
322 1
324 1
326 1
328 1
330 1
333 1
339 1
344 1
351 1
358 1
371 1
375 1
379 1
384 1
385 1
387 1
399 1
403 1
404 2
410 1
411 1
415 1
419 1
427 1
432 1
435 1
437 1
441 1
452 2
454 1
460 1
462 1
473 1
478 1
479 1
482 1
484 1
489 1
506 2
512 1
515 1
525 1
530 1
532 1
549 1
563 1
569 1
570 2
573 1
584 1
588 1
591 1
602 1
604 1
606 1
609 1
610 1
617 1
628 1
631 2
634 1
635 2
644 1
651 1
661 1
662 1
669 2
679 1
681 1
684 1
694 1
696 1
714 1
717 1
723 1
727 1
728 1
729 3
732 1
734 1
735 1
737 1
738 3
742 1
744 1
749 3
754 3
758 1
760 2
762 1
765 1
766 2
768 1
772 1
774 4
777 1
781 1
782 1
784 1
786 1
789 3
790 5
792 2
795 1
799 3
801 1
802 1
805 2
806 1
808 1
809 1
812 2
814 1
815 1
817 2
818 1
819 1
820 1
824 1
830 1
833 2
834 1
840 1
854 1
855 1
864 1
865 1
868 1
870 1
874 1
875 1
882 1
885 1
897 2
898 1
899 1
904 1
914 1
916 2
917 2
919 1
923 1
926 1
928 1
955 1
956 1
960 1
961 2
963 1
964 2
965 1
971 1
974 2
979 1
980 1
983 1
984 2
987 2
990 1
997 1
998 1
1000 1
1001 1
1010 1
1013 1
1014 1
1015 1
1016 1
1017 1
1020 1
1025 1
1027 1
1029 1
1030 2
1031 1
1034 1
1035 1
1036 1
1037 1
1038 1
1041 1
1044 1
1047 1
1050 1
1053 1
1056 1
1060 1
1062 1
1072 1
1083 2
1087 1
1100 2
1103 1
1107 2
1108 1
1122 3
1132 1
1138 2
1146 1
1154 1
1155 1
1157 1
1158 1
1161 1
1163 1
1181 1
1184 1
1188 1
1190 1
1192 1
1198 1
1199 1
1207 1
1208 1
1223 1
1224 1
1235 1
1237 1
1240 1
1242 1
1246 1
1250 1
1251 1
1253 1
1257 2
1262 1
1264 1
1267 1
1269 1
1273 1
1274 2
1276 1
1282 1
1284 2
1285 1
1287 2
1289 2
1296 1
1307 1
