100 3000 50
0 254584
1 5
2 26
3 69
4 131
5 217
6 331
7 392
8 438
9 454
10 391
11 354
12 327
13 242
14 188
15 125
16 103
17 68
18 57
19 33
20 26
21 36
22 15
23 12
24 7
25 9
26 6
27 5
28 2
29 3
30 7
31 3
32 5
33 3
34 3
35 3
36 1
37 2
39 2
40 2
41 1
42 3
43 1
44 5
45 3
46 3
47 1
48 1
49 2
51 1
53 3
55 1
58 2
59 2
61 1
62 1
63 1
64 1
65 1
66 1
70 1
71 1
75 2
76 1
77 1
79 1
81 1
82 1
90 1
91 1
92 1
97 1
100 1
103 1
105 1
107 1
108 1
109 1
111 1
112 1
114 1
116 1
118 1
121 2
122 1
128 1
130 2
134 1
149 1
164 1
172 1
178 1
179 1
190 2
200 1
211 1
215 1
228 1
232 1
238 1
240 1
242 1
247 1
258 1
263 1
271 1
283 1
286 1
289 1
291 1
294 1
300 2
304 1
308 1
325 1
333 1
335 2
341 1
347 1
351 2
354 1
362 1
365 1
366 1
396 1
397 1
401 1
402 1
406 1
415 1
416 1
430 1
433 2
436 1
437 1
439 1
441 1
442 1
449 1
450 1
455 1
457 1
465 1
479 1
493 1
496 1
499 1
504 1
505 2
509 1
510 1
512 1
517 2
523 1
535 1
550 1
551 1
574 2
586 1
588 1
590 1
614 1
617 1
618 2
624 1
626 1
633 1
638 1
664 1
665 2
667 2
676 1
677 1
679 1
681 2
682 1
686 1
693 1
696 1
697 1
701 3
702 1
709 1
722 1
723 1
728 1
729 1
732 3
736 1
737 1
745 1
747 2
748 1
749 1
750 1
752 1
753 2
762 1
765 1
766 1
767 2
768 1
769 2
771 1
773 2
774 1
775 3
776 1
778 3
779 2
782 1
784 1
787 1
788 1
793 1
794 1
795 1
798 2
801 1
803 2
805 1
808 2
809 1
810 1
813 2
816 1
818 1
821 2
822 1
823 1
827 1
831 1
834 1
836 1
837 1
838 1
840 1
846 1
849 1
854 2
856 1
861 1
862 1
864 1
873 1
876 2
879 1
889 1
896 1
897 1
905 1
915 1
921 1
929 1
931 1
933 1
934 1
940 1
942 1
947 1
948 1
949 1
951 1
954 1
957 2
964 1
967 1
973 1
977 1
984 1
985 1
987 1
989 2
990 1
992 2
996 2
999 1
1001 1
1003 1
1004 2
1007 2
1012 1
1020 2
1022 1
1024 1
1031 2
1032 2
1035 1
1040 1
1041 1
1047 1
1049 1
1051 1
1053 1
1055 2
1060 1
1061 1
1067 1
1079 1
1080 1
1082 1
1084 1
1086 1
1095 1
1100 1
1103 1
1104 1
1106 1
1112 1
1117 2
1128 1
1133 2
1134 1
1136 1
1138 1
1139 1
1143 1
1145 1
1147 1
1153 1
1173 1
1177 1
1180 1
1188 2
1205 1
1206 1
1211 1
1214 1
1216 1
1217 1
1218 1
1224 1
1231 1
1236 1
1238 1
1240 3
1241 1
1244 1
1248 1
1249 1
1251 1
1255 1
1256 1
1258 1
1263 1
1266 1
1268 2
1273 1
1276 2
1277 1
1292 1
1296 2
1312 1
1315 1
1327 1
