100 3000 50
0 253510
1 27
2 113
3 238
4 373
5 544
6 595
7 627
8 575
9 527
10 395
11 336
12 227
13 167
14 104
15 63
16 65
17 49
18 36
19 19
20 14
21 9
22 7
23 9
24 9
25 12
26 4
27 7
28 2
29 5
30 3
31 3
32 5
33 2
34 1
36 3
37 1
38 2
39 2
40 1
41 3
43 1
46 3
48 1
50 1
51 1
53 1
54 3
55 1
56 1
60 1
62 1
63 1
65 1
67 2
71 1
72 1
73 1
77 2
78 1
81 1
84 3
89 1
90 2
100 1
104 2
107 1
108 1
113 1
114 1
122 1
123 1
124 1
128 1
134 1
152 1
153 1
171 1
178 1
191 1
193 1
195 1
196 1
201 1
204 1
208 1
210 1
218 2
219 1
228 2
232 1
247 1
251 1
261 1
263 1
264 1
268 1
273 1
275 1
279 1
285 1
289 2
291 2
292 1
297 1
300 1
304 1
312 1
316 1
318 1
325 1
343 1
349 1
350 1
357 2
361 1
363 2
366 2
368 1
371 1
373 1
375 1
379 1
380 1
381 1
385 1
387 1
390 1
391 1
393 1
396 1
402 1
408 1
415 1
418 1
420 1
427 1
431 1
433 1
444 1
447 1
451 1
454 2
471 1
472 1
475 1
478 1
483 1
486 1
497 1
504 1
505 1
510 1
517 1
518 1
530 1
533 1
535 1
546 1
548 2
552 1
554 1
557 1
573 1
574 1
584 1
598 1
600 1
603 1
604 1
605 1
611 1
624 2
629 1
630 1
640 1
641 1
642 1
644 1
646 2
653 1
654 1
656 1
658 1
662 1
665 2
666 1
675 2
678 1
687 1
693 1
701 1
702 1
708 2
712 1
713 1
725 1
728 1
731 1
733 1
735 1
738 1
744 1
747 2
748 1
751 3
752 1
760 1
763 1
765 1
766 1
769 1
770 2
775 2
776 2
778 1
782 2
783 3
784 1
786 2
787 2
791 1
793 2
795 1
796 1
797 2
798 1
799 1
800 1
804 1
806 3
811 2
815 1
827 1
828 1
830 1
834 2
835 1
836 1
841 2
843 2
845 1
846 3
849 1
851 2
854 1
857 1
862 2
880 1
890 1
895 1
896 1
898 1
903 1
904 2
914 1
917 1
921 1
926 1
938 1
940 1
944 1
945 2
960 1
962 1
963 1
965 1
966 1
967 1
971 1
973 1
976 1
981 1
988 1
989 1
992 2
994 1
999 1
1003 1
1007 1
1008 3
1009 1
1014 1
1016 1
1019 1
1026 2
1030 4
1031 1
1032 1
1033 1
1037 1
1039 1
1040 1
1049 1
1053 1
1058 1
1059 1
1061 1
1062 1
1063 1
1067 1
1073 1
1074 1
1075 2
1079 1
1083 1
1084 1
1085 1
1096 1
1099 1
1103 1
1104 1
1121 1
1122 1
1126 1
1136 1
1148 1
1149 1
1150 1
1157 1
1163 1
1164 1
1172 1
1176 1
1194 1
1200 1
1210 1
1212 2
1213 2
1220 1
1226 1
1229 1
1230 1
1232 2
1234 1
1250 3
1251 1
1254 1
1256 1
1257 1
1258 1
1262 1
1267 2
1269 1
1274 1
1276 1
1278 1
1281 1
1284 2
1301 1
1302 1
1307 1
1317 1
1320 1
