100 3000 50
0 252619
1 77
2 216
3 428
4 699
5 780
6 774
7 722
8 616
9 504
10 382
11 270
12 176
13 117
14 77
15 38
16 42
17 35
18 17
19 9
20 8
21 3
22 3
23 8
24 4
25 5
26 2
27 4
28 3
29 6
30 1
31 2
32 6
33 1
34 3
35 1
36 3
37 2
38 3
40 1
42 1
44 1
45 1
47 1
48 1
49 1
50 1
52 1
55 1
57 2
58 2
59 3
61 3
62 1
63 1
64 2
67 1
68 2
69 1
72 1
75 1
76 1
83 2
85 1
89 1
95 2
96 1
101 1
102 1
104 1
105 2
106 1
110 1
112 1
117 1
118 1
120 1
124 1
127 1
137 1
149 1
152 1
157 3
158 1
159 1
160 1
161 1
166 2
170 1
172 1
176 1
179 1
180 1
185 1
188 1
189 1
192 1
197 1
198 1
201 3
204 2
205 1
207 1
208 1
223 1
236 1
241 1
243 2
250 1
256 2
262 1
266 1
267 1
270 1
278 1
281 1
284 1
291 1
298 1
302 1
312 1
313 1
315 1
317 2
322 1
323 2
330 2
341 2
342 1
343 1
347 2
354 1
361 1
371 1
373 1
375 1
376 1
379 1
382 1
383 1
384 1
387 1
389 1
391 1
393 1
396 1
398 1
401 1
403 1
406 1
419 1
422 2
426 1
435 1
443 1
444 1
446 2
450 1
457 1
459 1
462 1
466 1
472 1
473 1
474 1
477 1
479 1
481 2
492 1
498 1
501 1
506 1
510 1
513 1
519 2
526 1
527 1
536 1
538 1
554 1
557 1
560 1
568 1
571 3
575 1
578 1
579 1
583 1
584 1
589 1
597 1
601 1
602 1
603 1
611 1
618 1
627 1
631 1
633 1
637 1
644 1
650 1
655 1
658 1
670 1
675 1
679 1
682 1
688 1
690 1
700 1
701 1
702 1
703 1
704 1
706 1
708 1
721 2
722 1
726 2
728 1
729 2
730 1
732 2
734 1
736 1
738 2
740 1
743 1
745 1
746 2
749 1
750 2
751 1
752 1
755 1
757 1
761 1
762 2
763 1
765 3
766 2
768 3
772 1
777 1
778 1
783 2
785 1
786 1
788 1
789 2
790 1
791 1
794 2
795 1
797 1
798 1
802 1
804 2
807 2
808 1
809 1
810 1
812 1
813 1
815 2
824 1
826 1
841 1
842 2
844 1
851 1
856 1
862 1
863 1
867 1
873 2
880 1
882 1
887 1
895 1
896 1
898 1
904 1
913 1
917 1
921 1
930 1
937 1
938 1
939 1
945 1
954 1
956 1
961 1
963 1
965 1
967 1
972 1
973 1
974 1
978 2
979 1
982 2
983 1
990 2
993 1
994 1
998 1
999 2
1001 3
1003 1
1009 1
1012 1
1013 1
1015 2
1016 2
1020 1
1023 2
1024 1
1025 1
1033 1
1045 1
1047 1
1048 1
1051 1
1054 1
1059 1
1060 1
1062 1
1066 1
1072 1
1075 1
1082 1
1088 1
1089 1
1103 1
1112 1
1115 1
1117 1
1118 1
1122 1
1124 1
1128 1
1129 1
1142 1
1147 1
1150 1
1159 1
1167 1
1171 1
1173 2
1192 1
1201 1
1213 2
1220 1
1227 1
1228 1
1237 1
1242 1
1243 1
1245 1
1246 1
1249 1
1251 2
1259 1
1265 1
1275 2
1277 1
1278 1
1279 1
1283 1
1284 1
1293 1
1294 1
1296 1
1297 1
1299 1
1306 1
1311 1
