100 3000 50
0 248091
1 718
2 1295
3 1690
4 1656
5 1371
6 1110
7 762
8 489
9 326
10 218
11 153
12 97
13 79
14 51
15 52
16 32
17 31
18 20
19 26
20 24
21 12
22 13
23 11
24 12
25 6
26 12
27 11
28 9
29 6
30 11
31 7
32 12
33 8
34 6
35 6
36 4
37 4
38 8
39 3
40 3
41 7
42 7
43 5
44 7
45 5
46 6
47 3
48 2
49 1
50 6
51 2
52 3
53 6
54 6
55 4
56 5
57 2
58 3
59 5
60 6
62 4
63 3
64 2
65 2
66 6
67 5
68 2
69 1
70 4
71 1
72 1
73 3
74 2
75 4
76 3
77 2
78 2
79 4
80 1
81 3
82 2
83 2
85 2
86 2
87 2
89 2
90 4
91 2
92 3
93 2
94 1
95 1
96 1
97 2
99 1
100 2
101 1
102 2
104 3
106 2
107 4
108 1
109 1
111 1
112 4
113 2
114 1
116 1
119 1
122 2
123 3
124 3
125 1
133 1
135 1
136 1
137 1
138 1
139 1
140 1
141 2
143 1
145 1
146 1
148 1
149 1
150 2
154 1
156 1
158 1
162 1
164 1
166 1
168 1
173 1
175 2
176 1
179 2
181 2
183 1
186 1
187 1
189 1
191 1
192 2
193 1
195 1
198 1
202 2
203 2
204 2
205 2
206 1
208 1
210 1
211 1
214 1
216 1
217 1
218 1
220 1
223 1
225 1
227 1
228 2
230 2
231 1
233 2
236 1
242 1
243 2
248 1
249 1
251 1
253 1
255 1
258 1
261 2
262 2
263 2
269 2
270 1
273 3
276 1
277 1
278 1
282 1
286 1
288 1
299 1
301 2
302 1
303 1
306 1
309 2
311 2
315 1
316 1
317 1
322 1
323 1
324 1
327 1
332 2
333 1
335 2
337 1
341 2
344 1
345 3
349 1
350 1
351 1
356 1
358 1
359 1
362 2
363 1
365 1
383 1
385 2
386 1
392 2
396 1
398 1
399 3
402 1
406 1
413 1
414 1
416 1
418 1
420 1
421 1
426 2
428 1
431 1
435 1
438 1
439 1
441 1
442 1
443 1
447 1
450 1
451 1
455 1
457 1
458 1
459 1
465 1
466 1
468 1
469 1
474 1
476 1
478 1
480 1
482 2
483 1
489 1
491 1
492 1
494 2
495 1
496 1
498 1
499 1
504 1
507 1
508 1
511 1
512 1
513 1
515 1
522 1
523 1
524 1
525 1
531 1
532 1
537 1
540 1
545 1
548 1
549 1
554 4
557 1
565 2
571 1
575 1
586 2
588 1
590 1
591 2
594 1
596 1
599 1
609 2
612 1
614 1
619 2
624 1
628 1
629 1
633 1
635 1
640 2
649 1
650 1
651 2
656 1
657 3
658 1
664 1
668 1
671 3
673 1
676 1
678 1
679 1
682 2
684 1
687 1
693 1
697 1
702 4
706 1
707 1
709 2
714 2
717 1
720 2
722 1
724 1
731 1
735 2
736 1
738 1
739 1
751 1
752 1
753 1
754 1
759 1
760 1
764 1
768 1
769 1
776 1
778 1
783 1
788 2
792 2
795 1
796 1
798 1
799 1
800 1
801 1
802 1
804 1
810 1
818 2
823 1
825 1
827 1
838 1
841 2
844 1
848 1
850 1
852 1
854 1
855 1
858 1
861 1
862 1
866 1
873 1
876 1
877 2
883 3
884 1
889 3
891 2
894 2
899 1
900 1
908 1
913 1
921 1
927 1
929 2
938 1
940 1
941 1
945 1
966 2
971 1
973 1
976 1
979 1
980 1
981 1
983 1
984 1
992 1
993 2
994 1
1006 1
1007 1
1008 2
1010 1
1012 1
1023 3
1034 1
1036 1
1040 1
1042 1
1046 1
1053 2
1057 2
1067 1
1074 1
1078 1
1090 1
1092 1
1095 1
1098 1
1102 1
1103 1
1119 1
1132 1
1148 1
1169 1
1175 2
1185 1
1188 1
1242 1
1289 1
