100 2000 50
0 168812
1 15
2 61
3 133
4 216
5 331
6 475
7 586
8 683
9 758
10 782
11 754
12 770
13 736
14 645
15 642
16 579
17 528
18 496
19 390
20 340
21 314
22 318
23 241
24 219
25 190
26 164
27 132
28 126
29 113
30 78
31 68
32 73
33 63
34 58
35 34
36 47
37 31
38 33
39 25
40 29
41 32
42 32
43 25
44 20
45 8
46 9
47 10
48 10
49 6
50 12
51 8
52 12
53 4
54 5
55 4
56 6
57 6
58 14
59 2
60 4
61 2
62 7
63 1
64 4
65 8
67 3
68 2
69 2
71 1
72 3
73 8
75 1
76 1
77 2
78 3
79 1
80 3
81 2
82 4
83 1
85 3
86 2
87 1
89 1
91 1
93 2
96 1
100 3
102 3
103 2
104 1
105 1
107 3
108 1
110 3
112 1
114 2
116 1
117 1
118 1
119 3
120 2
122 1
127 1
130 2
131 1
133 1
137 1
150 1
156 1
158 1
159 1
162 1
