100 2000 50
0 169075
1 11
2 42
3 121
4 212
5 323
6 444
7 523
8 664
9 675
10 733
11 768
12 730
13 721
14 653
15 605
16 571
17 508
18 427
19 447
20 400
21 325
22 272
23 240
24 208
25 187
26 185
27 143
28 165
29 122
30 109
31 71
32 70
33 68
34 64
35 49
36 41
37 29
38 35
39 28
40 26
41 26
42 27
43 21
44 16
45 14
46 13
47 10
48 11
49 12
50 6
51 8
52 5
53 6
54 12
55 6
56 9
57 6
58 11
59 3
60 2
61 5
62 4
63 5
64 2
65 6
66 2
67 1
68 3
69 9
70 3
71 3
72 4
73 2
74 2
75 1
76 2
79 2
80 2
81 2
82 3
84 1
85 2
86 2
88 2
89 1
91 2
94 2
97 1
98 3
99 3
100 1
101 1
103 1
104 1
106 1
108 1
109 2
110 1
111 2
112 1
114 1
117 2
119 1
123 1
126 1
127 1
128 1
130 1
133 2
135 2
137 1
138 1
150 1
155 1
156 1
166 1
