100 2000 50
0 167243
1 41
2 138
3 273
4 379
5 577
6 728
7 806
8 934
9 942
10 951
11 899
12 833
13 797
14 687
15 706
16 592
17 489
18 401
19 384
20 358
21 287
22 282
23 219
24 172
25 154
26 140
27 117
28 91
29 97
30 72
31 73
32 63
33 37
34 28
35 38
36 31
37 39
38 24
39 13
40 20
41 14
42 17
43 10
44 17
45 14
46 14
47 10
48 8
49 6
50 10
51 13
52 11
53 6
54 5
55 4
56 6
57 5
58 7
59 4
60 5
61 2
62 2
63 3
64 5
65 2
66 2
68 1
69 1
70 1
71 4
72 3
73 2
74 4
75 1
76 3
77 1
78 1
79 4
80 1
81 1
82 1
85 2
86 1
87 1
88 1
91 1
92 2
93 2
95 1
98 1
101 2
105 1
106 1
107 2
109 2
110 1
111 1
114 1
116 1
118 1
120 2
123 2
125 1
127 1
130 1
131 2
134 2
144 1
165 1
169 1
174 1
228 1
