100 2000 50
0 164882
1 93
2 261
3 502
4 718
5 903
6 1090
7 1208
8 1223
9 1164
10 1154
11 1049
12 1006
13 845
14 752
15 663
16 585
17 515
18 382
19 326
20 316
21 254
22 214
23 178
24 149
25 125
26 104
27 100
28 81
29 75
30 63
31 41
32 46
33 49
34 28
35 29
36 19
37 25
38 20
39 22
40 14
41 7
42 19
43 10
44 16
45 9
46 6
47 7
48 5
49 6
50 5
51 8
53 5
54 2
55 1
56 1
58 4
59 2
60 2
61 4
62 2
63 3
64 2
65 3
66 1
67 2
68 1
73 1
74 1
75 1
76 2
77 1
78 1
79 1
82 1
83 1
88 1
91 1
97 1
98 1
100 1
101 1
104 1
108 1
110 1
112 1
129 1
