100 2000 50
0 168191
1 24
2 74
3 149
4 307
5 436
6 566
7 687
8 754
9 807
10 874
11 858
12 782
13 736
14 684
15 646
16 589
17 545
18 434
19 389
20 358
21 311
22 292
23 238
24 198
25 197
26 155
27 126
28 120
29 93
30 93
31 81
32 66
33 49
34 40
35 43
36 36
37 38
38 28
39 26
40 22
41 19
42 24
43 20
44 9
45 14
46 10
47 9
48 12
49 9
50 11
51 3
52 3
53 4
54 6
55 4
56 4
57 10
58 6
59 5
60 2
61 2
62 4
63 4
64 1
65 2
66 2
67 2
68 2
69 4
70 5
72 2
73 1
74 3
75 4
76 3
77 1
79 1
80 4
81 2
82 2
83 2
84 1
85 3
87 2
89 1
92 1
93 4
94 1
95 1
96 2
98 1
100 1
102 1
103 1
104 3
105 1
106 1
108 1
109 1
110 1
111 1
112 1
113 1
121 1
123 1
124 1
125 1
129 1
130 1
133 2
134 2
138 1
139 1
143 2
145 1
156 1
165 1
