100 2000 50
0 167526
1 27
2 122
3 237
4 354
5 538
6 678
7 824
8 853
9 873
10 942
11 892
12 854
13 779
14 680
15 674
16 588
17 493
18 426
19 390
20 347
21 319
22 274
23 201
24 185
25 147
26 138
27 113
28 86
29 90
30 106
31 71
32 66
33 52
34 42
35 35
36 32
37 33
38 20
39 16
40 18
41 22
42 23
43 15
44 14
45 18
46 12
47 12
48 8
49 9
50 11
51 2
52 8
53 5
54 4
55 6
56 2
57 4
58 4
59 3
60 2
61 4
62 6
63 3
64 2
66 5
67 2
69 4
70 4
71 2
73 1
74 1
75 3
76 4
77 1
78 2
80 4
81 1
83 3
84 1
85 2
86 1
87 3
90 1
92 1
93 1
94 1
95 1
96 1
97 3
98 3
101 1
103 1
105 4
106 1
107 2
109 2
113 1
115 1
117 1
118 1
120 2
125 1
126 1
129 1
134 1
135 2
137 1
140 1
142 1
148 1
156 1
157 1
164 1
169 1
