100 2000 50
0 168963
1 14
2 47
3 115
4 212
5 327
6 420
7 586
8 642
9 696
10 736
11 793
12 792
13 729
14 648
15 625
16 534
17 572
18 480
19 407
20 337
21 304
22 286
23 276
24 237
25 192
26 158
27 163
28 118
29 124
30 92
31 75
32 62
33 58
34 50
35 40
36 36
37 44
38 45
39 31
40 30
41 31
42 21
43 24
44 23
45 10
46 16
47 14
48 7
49 9
50 6
51 14
52 9
53 10
54 4
55 3
56 8
57 4
58 7
59 9
60 4
61 5
62 2
64 3
65 6
66 5
67 1
69 2
71 2
73 2
74 2
75 1
77 3
78 4
79 2
80 2
81 1
83 1
85 1
86 3
87 3
88 1
89 2
90 1
91 3
92 1
93 1
94 1
95 2
97 1
98 1
99 2
101 1
103 1
104 1
105 2
106 2
109 1
110 1
112 2
115 1
119 1
120 1
121 2
122 1
123 1
124 2
128 2
130 1
133 1
135 1
140 1
143 1
149 1
157 1
167 1
190 1
