100 2000 50
0 166063
1 65
2 196
3 360
4 526
5 768
6 917
7 1018
8 1074
9 1117
10 1059
11 953
12 884
13 821
14 707
15 631
16 593
17 496
18 414
19 408
20 309
21 264
22 214
23 191
24 177
25 147
26 139
27 115
28 119
29 85
30 54
31 54
32 56
33 45
34 36
35 34
36 29
37 37
38 26
39 14
40 13
41 23
42 13
43 12
44 6
45 6
46 8
47 8
48 5
49 4
50 5
51 6
52 4
53 12
54 4
55 4
56 7
57 2
58 2
59 1
60 6
61 1
62 1
63 5
64 2
65 2
66 1
67 1
68 2
69 1
70 2
71 3
72 2
73 3
75 1
76 2
77 1
78 2
80 1
81 2
82 1
83 1
84 1
86 1
89 2
90 1
91 1
92 1
93 1
94 1
97 4
98 1
108 1
110 1
111 1
114 1
117 1
119 1
121 1
124 1
127 1
131 1
