100 2000 50
0 166545
1 62
2 165
3 305
4 513
5 645
6 797
7 943
8 1049
9 996
10 1017
11 923
12 917
13 854
14 722
15 665
16 564
17 480
18 432
19 392
20 354
21 259
22 261
23 188
24 159
25 151
26 124
27 101
28 100
29 85
30 59
31 68
32 50
33 54
34 38
35 22
36 38
37 31
38 35
39 20
40 25
41 12
42 14
43 17
44 10
45 8
46 10
47 8
48 8
49 7
50 9
51 3
52 7
53 7
54 6
55 6
56 4
57 3
58 2
59 1
60 3
61 6
62 2
63 2
64 2
65 1
66 1
67 1
68 1
69 2
70 4
73 5
74 2
75 1
76 2
78 2
80 1
81 1
83 3
84 3
85 1
87 2
88 1
89 1
91 2
92 2
93 1
95 1
96 1
97 1
98 1
99 1
101 1
103 1
106 1
108 2
113 1
127 1
128 2
129 1
136 2
138 2
141 1
145 1
151 1
