100 2000 50
0 166919
1 58
2 151
3 284
4 411
5 579
6 792
7 921
8 978
9 966
10 941
11 948
12 844
13 796
14 753
15 688
16 550
17 465
18 459
19 374
20 340
21 277
22 270
23 208
24 192
25 154
26 137
27 116
28 99
29 85
30 64
31 46
32 52
33 49
34 44
35 43
36 37
37 26
38 26
39 21
40 19
41 16
42 19
43 24
44 14
45 12
46 4
47 7
48 9
49 6
50 8
51 6
52 7
53 4
54 3
55 7
56 1
57 6
58 4
59 3
60 1
61 1
62 3
63 3
64 4
65 4
66 1
67 1
68 3
69 6
70 1
71 1
72 2
73 2
74 2
75 1
76 1
77 1
78 3
79 1
80 3
81 1
82 1
83 2
84 2
85 2
86 2
88 1
91 2
92 1
93 2
94 1
96 1
97 1
98 1
103 1
111 1
112 1
115 1
116 2
118 1
121 3
127 1
130 1
134 1
138 1
143 1
149 1
150 2
188 1
189 1
