100 2000 50
0 169176
1 10
2 55
3 103
4 185
5 288
6 426
7 516
8 614
9 691
10 691
11 710
12 745
13 681
14 695
15 638
16 539
17 548
18 449
19 429
20 390
21 346
22 317
23 269
24 211
25 205
26 164
27 150
28 138
29 110
30 104
31 89
32 78
33 72
34 61
35 42
36 38
37 35
38 39
39 28
40 29
41 17
42 21
43 24
44 19
45 19
46 21
47 18
48 9
49 13
50 9
51 12
52 6
53 5
54 3
55 5
56 9
57 5
58 7
59 2
60 3
61 3
62 2
63 3
64 2
65 3
66 3
67 4
68 4
70 1
71 2
72 3
73 2
74 3
75 1
76 1
77 1
79 1
80 2
82 2
83 2
84 2
86 2
87 2
89 2
91 1
92 2
93 1
95 1
97 1
98 3
99 1
100 1
101 1
102 2
103 1
104 1
105 1
107 1
109 2
110 1
112 2
113 1
114 2
116 1
117 3
126 2
127 1
128 1
137 1
138 1
139 1
146 1
151 1
158 1
163 1
180 2
