100 2000 50
0 168689
1 13
2 54
3 119
4 237
5 350
6 475
7 620
8 677
9 721
10 801
11 805
12 782
13 728
14 679
15 664
16 590
17 547
18 465
19 447
20 392
21 304
22 269
23 250
24 204
25 185
26 166
27 134
28 124
29 77
30 82
31 81
32 63
33 66
34 50
35 41
36 42
37 42
38 30
39 31
40 19
41 17
42 26
43 17
44 16
45 20
46 15
47 13
48 13
49 6
50 13
51 7
52 13
53 2
54 3
55 4
56 5
57 3
58 6
59 5
60 3
61 4
62 3
63 3
64 3
65 2
66 1
67 2
68 4
69 3
70 4
71 6
72 2
74 2
75 2
76 2
78 3
79 3
80 1
81 2
82 2
83 2
85 1
86 3
88 1
89 2
90 2
93 1
94 2
96 1
100 4
103 1
105 1
106 1
107 3
109 1
110 1
111 2
113 4
118 1
119 1
122 1
123 1
124 1
126 1
128 2
137 1
145 1
149 2
150 1
151 1
163 1
178 1
181 1
185 1
