100 2000 50
0 167783
1 25
2 91
3 206
4 343
5 511
6 679
7 732
8 842
9 875
10 919
11 844
12 826
13 795
14 701
15 607
16 552
17 475
18 501
19 400
20 304
21 296
22 227
23 246
24 209
25 179
26 164
27 126
28 111
29 79
30 72
31 80
32 50
33 65
34 49
35 25
36 23
37 34
38 34
39 29
40 31
41 17
42 23
43 15
44 17
45 10
46 13
47 16
48 9
49 11
50 7
51 7
52 5
53 8
54 6
55 6
56 2
57 8
58 5
59 1
60 5
61 1
62 4
63 6
64 4
66 1
67 1
68 1
69 3
70 3
71 2
72 2
73 2
74 4
75 2
78 3
81 1
82 3
83 2
85 2
86 1
87 1
89 1
91 1
92 1
93 3
94 2
95 1
96 2
97 2
99 2
100 1
101 1
102 1
105 3
106 1
107 1
109 1
111 2
123 1
124 2
125 1
126 1
127 1
130 1
132 1
135 1
136 2
137 2
141 1
145 1
147 1
150 1
154 1
158 1
161 1
169 1
