100 2000 50
0 168393
1 23
2 71
3 160
4 264
5 431
6 520
7 630
8 741
9 821
10 808
11 825
12 827
13 734
14 714
15 627
16 559
17 501
18 481
19 390
20 397
21 277
22 268
23 245
24 194
25 173
26 158
27 113
28 125
29 100
30 82
31 87
32 66
33 57
34 49
35 34
36 30
37 30
38 50
39 32
40 22
41 22
42 27
43 12
44 17
45 18
46 12
47 10
48 12
49 11
50 16
51 13
52 9
53 6
54 3
55 6
56 5
57 3
58 6
59 9
60 3
61 1
62 5
63 3
64 2
65 4
66 1
67 2
69 1
70 1
71 1
72 3
74 3
75 1
76 2
78 1
79 3
80 5
81 2
82 3
83 1
84 1
85 1
86 1
87 1
88 3
92 2
93 1
95 1
96 1
97 1
98 1
99 2
100 2
101 2
104 4
106 1
107 1
111 1
112 1
114 2
115 2
116 1
117 1
118 1
121 1
123 1
124 1
125 1
126 1
128 1
130 1
131 1
134 1
136 1
138 1
139 1
144 1
146 2
147 1
149 1
150 1
