100 2000 50
0 167990
1 25
2 104
3 175
4 311
5 474
6 630
7 727
8 824
9 824
10 842
11 782
12 792
13 777
14 726
15 663
16 567
17 553
18 436
19 394
20 354
21 313
22 265
23 212
24 178
25 187
26 150
27 120
28 112
29 108
30 86
31 84
32 63
33 58
34 52
35 37
36 47
37 37
38 31
39 24
40 22
41 14
42 12
43 18
44 14
45 12
46 10
47 18
48 10
49 10
50 9
51 6
52 2
53 6
54 2
55 11
56 6
57 4
58 4
59 3
60 5
61 1
62 3
63 4
64 2
65 2
66 2
67 2
68 4
69 2
70 3
71 3
72 1
73 1
74 1
75 1
76 1
77 1
78 1
80 4
82 2
84 1
86 1
87 4
88 2
89 1
91 1
93 2
94 4
95 2
97 2
98 1
102 1
103 3
105 1
106 1
107 2
108 1
110 2
111 1
112 1
113 1
114 1
116 1
117 2
118 1
120 1
121 1
122 1
123 1
124 1
132 1
135 2
139 1
140 1
141 1
150 1
171 1
196 1
