100 2000 50
0 165507
1 77
2 198
3 419
4 637
5 857
6 913
7 1138
8 1173
9 1105
10 1092
11 1063
12 943
13 835
14 731
15 633
16 587
17 492
18 437
19 359
20 294
21 289
22 220
23 199
24 166
25 149
26 112
27 113
28 81
29 60
30 61
31 58
32 31
33 47
34 24
35 31
36 34
37 18
38 26
39 14
40 12
41 13
42 12
43 19
44 14
45 10
46 9
47 5
48 3
49 9
50 8
51 6
52 7
53 6
54 3
55 3
56 3
57 2
58 4
59 3
60 3
61 2
62 5
63 3
64 3
65 2
66 1
67 1
69 2
70 1
71 1
73 1
74 1
75 1
76 1
78 2
79 1
80 1
81 2
83 2
84 1
85 1
86 1
88 4
90 1
91 1
92 1
96 1
98 1
101 1
108 1
114 1
123 1
130 1
