100 2000 50
0 168568
1 25
2 50
3 161
4 252
5 369
6 517
7 603
8 713
9 758
10 832
11 794
12 778
13 755
14 698
15 624
16 584
17 555
18 451
19 378
20 359
21 317
22 269
23 248
24 205
25 171
26 152
27 155
28 114
29 104
30 95
31 83
32 63
33 61
34 58
35 43
36 42
37 36
38 27
39 23
40 34
41 17
42 20
43 13
44 21
45 12
46 12
47 9
48 9
49 15
50 12
51 8
52 4
53 8
54 2
55 3
56 7
57 5
58 6
59 4
60 6
61 3
62 4
63 1
64 2
65 4
66 4
67 7
68 4
70 4
71 2
72 4
73 3
74 3
75 3
76 1
79 2
80 1
83 2
84 3
85 4
86 3
87 1
88 1
89 1
91 1
93 1
97 2
99 3
100 1
101 1
102 1
104 4
105 5
106 2
107 1
110 1
112 1
115 1
122 2
123 1
129 1
132 2
133 1
135 2
137 1
139 1
147 1
151 1
152 1
154 1
158 1
170 1
180 1
