1000 1000 20
0 943716
1 557
2 256
3 172
4 109
5 82
6 72
7 61
8 51
9 64
10 53
11 35
12 29
13 34
14 27
15 37
16 26
17 31
18 23
19 20
20 30
21 27
22 23
23 22
24 25
25 27
26 25
27 23
28 21
29 34
30 25
31 19
32 30
33 22
34 27
35 11
36 20
37 19
38 26
39 28
40 29
41 21
42 22
43 28
44 23
45 24
46 18
47 23
48 27
49 20
50 21
51 18
52 27
53 14
54 16
55 22
56 23
57 23
58 20
59 17
60 20
61 25
62 20
63 20
64 24
65 19
66 21
67 27
68 18
69 27
70 17
71 24
72 33
73 21
74 30
75 25
76 34
77 27
78 31
79 21
80 32
81 24
82 32
83 25
84 32
85 40
86 22
87 30
88 21
89 25
90 21
91 28
92 28
93 22
94 27
95 23
96 26
97 26
98 27
99 23
100 23
101 28
102 27
103 20
104 36
105 20
106 18
107 22
108 24
109 28
110 30
111 19
112 24
113 34
114 30
115 21
116 28
117 37
118 22
119 36
120 21
121 29
122 33
123 34
124 31
125 25
126 25
127 24
128 28
129 22
130 29
131 27
132 42
133 34
134 31
135 21
136 24
137 30
138 24
139 31
140 24
141 21
142 25
143 23
144 30
145 29
146 19
147 30
148 32
149 16
150 27
151 16
152 28
153 25
154 19
155 30
156 24
157 26
158 31
159 26
160 25
161 17
162 25
163 27
164 23
165 20
166 30
167 29
168 22
169 16
170 20
171 28
172 33
173 24
174 16
175 19
176 22
177 22
178 24
179 25
180 22
181 20
182 25
183 23
184 13
185 21
186 24
187 16
188 25
189 28
190 17
191 14
192 22
193 16
194 22
195 18
196 20
197 25
198 16
199 19
200 18
201 18
202 26
203 27
204 14
205 20
206 22
207 13
208 9
209 20
210 17
211 15
212 16
213 17
214 17
215 15
216 30
217 20
218 17
219 17
220 21
221 20
222 18
223 14
224 12
225 23
226 14
227 14
228 17
229 11
230 11
231 10
232 17
233 13
234 13
235 17
236 20
237 10
238 21
239 11
240 13
241 10
242 12
243 12
244 7
245 16
246 17
247 12
248 17
249 15
250 9
251 14
252 12
253 10
254 11
255 8
256 10
257 9
258 10
259 16
260 11
261 7
262 11
263 14
264 18
265 12
266 14
267 11
268 10
269 9
270 14
271 11
272 15
273 14
274 7
275 7
276 10
277 9
278 14
279 12
280 14
281 7
282 8
283 8
284 9
285 11
286 8
287 5
288 11
289 10
290 9
291 5
292 4
293 5
294 10
295 8
296 7
297 8
298 8
299 4
300 5
301 5
302 6
303 6
304 11
305 5
306 7
307 4
308 4
309 9
310 9
311 8
312 4
313 6
314 5
315 3
316 4
317 7
318 7
319 6
320 5
321 3
322 7
323 4
324 1
325 3
326 9
327 5
328 6
329 4
330 6
331 8
332 6
333 5
334 4
335 5
336 6
337 3
338 10
339 3
340 3
341 4
342 5
343 6
344 2
345 5
346 2
347 3
348 5
349 3
350 5
351 3
352 2
353 3
354 4
355 7
356 2
357 2
358 3
359 2
360 2
361 2
362 4
363 1
364 2
365 4
366 1
367 3
368 1
369 5
370 1
371 4
372 2
373 5
374 4
375 1
376 3
377 2
378 3
379 1
380 4
381 1
383 3
384 2
385 3
386 2
387 1
388 2
389 2
390 3
391 2
392 3
394 2
396 3
397 2
398 2
399 2
400 2
401 4
402 2
403 1
405 5
406 2
407 2
408 2
410 1
411 2
412 3
413 2
414 2
415 4
416 1
417 2
418 1
419 1
420 2
421 2
422 2
423 2
424 2
425 1
428 3
429 1
430 2
431 3
432 4
433 1
434 3
435 2
437 3
438 1
439 1
440 1
441 3
442 1
443 2
444 2
445 1
447 1
451 1
452 3
453 1
454 1
455 1
456 1
458 2
459 2
460 2
461 1
472 1
473 1
478 1
482 2
483 1
490 1
495 2
497 1
499 1
501 1
502 1
503 2
506 1
507 1
508 3
509 2
515 1
519 1
523 1
536 1
537 1
540 1
543 1
544 1
556 1
559 1
560 1
580 1
589 1
593 1
596 1
599 1
600 1
610 1
611 1
619 1
630 1
701 1
782 1
