1000 1000 20
0 900979
1 14723
2 5740
3 3317
4 2259
5 1708
6 1375
7 1130
8 970
9 854
10 700
11 686
12 561
13 558
14 505
15 453
16 443
17 405
18 372
19 375
20 359
21 332
22 298
23 306
24 291
25 300
26 261
27 252
28 239
29 261
30 233
31 229
32 243
33 203
34 206
35 202
36 215
37 179
38 175
39 185
40 154
41 144
42 158
43 157
44 171
45 144
46 180
47 157
48 129
49 149
50 157
51 121
52 142
53 128
54 132
55 145
56 120
57 143
58 117
59 135
60 135
61 115
62 114
63 123
64 110
65 95
66 113
67 114
68 109
69 99
70 109
71 105
72 111
73 97
74 104
75 91
76 125
77 94
78 74
79 88
80 86
81 87
82 103
83 81
84 85
85 75
86 76
87 87
88 81
89 72
90 56
91 62
92 71
93 77
94 59
95 62
96 75
97 62
98 61
99 45
100 45
101 64
102 50
103 54
104 44
105 38
106 50
107 43
108 38
109 51
110 46
111 33
112 38
113 46
114 46
115 55
116 42
117 57
118 46
119 35
120 37
121 36
122 44
123 28
124 25
125 22
126 29
127 30
128 26
129 28
130 25
131 25
132 22
133 26
134 25
135 18
136 18
137 20
138 18
139 17
140 30
141 22
142 20
143 23
144 22
145 16
146 10
147 17
148 18
149 16
150 13
151 22
152 16
153 15
154 8
155 21
156 15
157 9
158 10
159 15
160 14
161 11
162 10
163 10
164 9
165 9
166 10
167 11
168 7
169 8
170 4
171 10
172 7
173 8
174 7
175 8
176 8
177 6
178 4
179 7
180 4
181 7
182 3
183 7
184 11
185 4
186 6
187 4
188 4
189 6
190 5
191 8
192 6
193 4
194 2
195 6
196 3
197 1
198 2
199 3
201 3
202 2
203 8
204 4
205 3
206 3
207 1
208 1
209 4
210 2
211 3
212 1
213 3
214 1
215 3
217 6
218 5
219 1
220 1
222 1
223 2
225 2
226 2
227 3
228 1
229 1
230 2
231 1
232 1
233 1
234 2
235 2
237 1
238 2
239 1
240 2
241 1
246 2
247 1
248 1
250 1
251 2
254 1
259 1
265 1
267 1
269 1
292 1
297 1
352 1
