1000 1000 20
0 801000
1 55059
2 21902
3 12908
4 8808
5 6402
6 5150
7 4162
8 3485
9 3006
10 2657
11 2195
12 1970
13 1754
14 1593
15 1455
16 1343
17 1223
18 1099
19 1027
20 925
21 892
22 751
23 684
24 663
25 659
26 630
27 558
28 502
29 425
30 494
31 445
32 366
33 362
34 313
35 300
36 282
37 264
38 260
39 232
40 235
41 219
42 197
43 218
44 175
45 164
46 145
47 143
48 134
49 126
50 118
51 111
52 125
53 97
54 97
55 79
56 70
57 96
58 60
59 59
60 61
61 49
62 43
63 46
64 48
65 44
66 45
67 53
68 39
69 32
70 24
71 27
72 20
73 28
74 15
75 23
76 19
77 18
78 16
79 14
80 9
81 9
82 7
83 13
84 7
85 8
86 10
87 7
88 6
89 7
90 4
91 3
92 4
93 5
94 4
95 3
96 5
97 3
98 1
99 4
100 5
102 2
103 4
104 3
105 3
106 1
107 1
108 1
109 2
110 2
111 2
112 1
114 1
115 1
118 1
120 1
122 2
130 1
140 1
144 1
171 1
