1 337500 20
0 250001
1 31908
2 11624
3 6255
4 4053
5 2752
6 2142
7 1649
8 1300
9 1066
10 870
11 772
12 693
13 576
14 497
15 425
16 363
17 353
18 308
19 285
20 254
21 206
22 192
23 191
24 163
25 150
26 114
27 139
28 108
29 113
30 120
31 82
32 100
33 82
34 65
35 77
36 57
37 58
38 62
39 59
40 40
41 48
42 49
43 27
44 46
45 33
46 37
47 33
48 33
49 27
50 26
51 21
52 25
53 21
54 22
55 24
56 27
57 22
58 16
59 23
60 14
61 7
62 6
63 9
64 12
65 16
66 16
67 9
68 10
69 12
70 12
71 12
72 10
73 7
74 3
75 5
76 11
77 10
78 5
79 5
80 4
81 7
82 10
83 3
84 8
85 6
86 6
87 2
88 3
89 6
90 3
91 3
92 2
93 6
94 5
95 4
96 2
97 1
98 3
100 3
101 1
103 2
104 2
105 1
106 2
107 2
108 1
109 1
110 2
111 5
112 1
113 1
116 1
118 1
122 1
124 1
125 1
127 2
128 1
129 1
131 1
132 2
133 2
135 1
138 1
139 1
141 2
146 1
151 1
155 1
156 1
165 1
167 1
182 1
219 1
