1 337500 20
0 300001
1 8166
2 2967
3 1635
4 1179
5 781
6 591
7 460
8 374
9 338
10 301
11 254
12 202
13 200
14 162
15 166
16 158
17 150
18 128
19 92
20 77
21 99
22 83
23 74
24 69
25 76
26 75
27 66
28 51
29 53
30 54
31 54
32 55
33 42
34 54
35 44
36 47
37 31
38 33
39 37
40 28
41 34
42 24
43 35
44 26
45 28
46 32
47 21
48 21
49 27
50 23
51 22
52 25
53 16
54 21
55 15
56 21
57 26
58 23
59 15
60 20
61 11
62 14
63 22
64 19
65 24
66 9
67 12
68 9
69 13
70 15
71 13
72 13
73 16
74 9
75 8
76 13
77 16
78 6
79 11
80 12
81 13
82 7
83 10
84 7
85 8
86 10
87 6
88 15
89 10
90 12
91 11
92 14
93 11
94 11
95 5
96 3
97 9
98 12
99 6
100 6
101 12
102 11
103 10
104 4
105 9
106 3
107 6
108 6
109 3
110 9
111 4
112 6
113 8
114 10
115 7
116 7
117 8
118 3
119 8
120 7
121 5
122 8
123 8
124 5
125 6
126 5
127 4
128 5
129 4
130 2
131 8
132 3
133 5
134 3
135 2
136 2
137 4
138 9
139 5
140 7
141 2
142 5
143 4
144 5
145 7
146 6
147 7
148 3
149 5
150 6
151 4
152 4
153 2
154 3
155 4
156 6
157 2
158 2
159 2
160 7
161 8
162 2
164 3
165 1
166 2
167 1
169 1
170 1
171 3
172 3
173 4
175 2
176 6
177 4
178 5
179 1
180 4
181 3
182 3
183 2
184 3
186 2
187 5
188 3
189 3
190 3
191 2
192 1
193 7
195 4
196 2
197 3
198 2
199 2
200 3
201 2
202 4
203 3
204 3
205 1
206 1
207 3
208 3
209 5
211 4
212 4
213 4
214 2
216 2
217 3
218 1
219 1
220 5
221 2
222 2
223 3
224 1
226 1
227 1
228 1
229 3
230 5
231 4
232 5
233 2
234 2
236 1
238 2
239 2
240 3
242 2
243 3
244 2
245 1
248 1
249 1
250 2
252 2
253 4
254 1
255 3
256 2
257 2
258 5
259 2
260 1
261 2
263 1
264 3
265 1
266 1
267 2
268 2
269 1
270 2
271 1
273 4
275 1
277 1
278 3
280 1
281 2
282 3
284 1
285 1
287 2
288 2
289 1
291 1
292 2
293 3
295 3
296 3
297 3
299 1
301 1
303 2
304 1
305 2
306 1
307 3
310 1
311 1
313 2
315 2
317 3
318 1
319 1
320 1
325 2
326 1
327 1
329 1
330 2
331 1
332 1
334 2
335 1
336 1
337 1
338 2
339 1
341 1
342 1
343 2
350 1
353 1
356 1
357 1
358 1
360 2
363 1
364 3
365 1
371 1
374 1
376 2
378 1
379 1
381 2
387 1
388 1
389 1
393 3
398 1
399 1
400 1
401 1
402 2
403 1
408 1
409 1
410 1
414 1
415 1
420 3
422 2
423 1
427 1
428 2
433 1
437 2
438 3
439 1
440 1
444 2
445 1
447 1
452 1
456 1
464 2
465 1
469 1
474 1
476 1
477 1
481 1
482 1
484 2
486 1
488 1
490 1
497 1
505 1
510 1
511 2
512 1
518 2
520 1
523 1
526 1
530 1
534 1
542 1
546 1
549 1
555 1
557 1
558 1
559 1
560 1
561 1
578 1
581 1
582 1
592 1
599 1
603 1
615 1
628 1
631 1
640 1
642 2
644 1
648 1
651 1
685 1
696 1
704 1
713 1
717 1
750 1
792 1
837 1
845 1
923 1
1040 1
1057 1
