1 337500 20
0 225001
1 46513
2 16599
3 8735
4 5411
5 3752
6 2752
7 2027
8 1558
9 1354
10 1002
11 827
12 707
13 610
14 517
15 454
16 377
17 361
18 279
19 250
20 187
21 210
22 164
23 166
24 113
25 124
26 107
27 107
28 85
29 80
30 75
31 58
32 47
33 49
34 50
35 49
36 31
37 26
38 35
39 31
40 34
41 25
42 16
43 11
44 12
45 16
46 17
47 13
48 22
49 13
50 13
51 6
52 10
53 10
54 7
55 5
56 8
57 9
58 5
59 6
60 6
61 10
62 3
63 1
64 3
65 4
66 3
67 6
68 3
69 1
70 3
71 2
72 2
73 4
74 1
75 1
77 2
78 1
80 1
84 1
85 1
86 1
87 2
90 1
92 1
93 1
94 1
95 1
98 2
99 1
104 1
136 1
