1 337500 20
0 275001
1 19209
2 7013
3 3858
4 2563
5 1736
6 1361
7 1102
8 860
9 788
10 611
11 531
12 456
13 409
14 361
15 345
16 270
17 272
18 259
19 200
20 210
21 202
22 182
23 156
24 174
25 137
26 123
27 135
28 94
29 93
30 107
31 95
32 97
33 83
34 91
35 80
36 59
37 65
38 53
39 54
40 58
41 45
42 52
43 54
44 54
45 47
46 41
47 35
48 33
49 49
50 34
51 41
52 36
53 38
54 23
55 28
56 21
57 38
58 29
59 25
60 31
61 33
62 25
63 18
64 22
65 27
66 27
67 12
68 15
69 22
70 22
71 22
72 20
73 12
74 12
75 18
76 10
77 9
78 17
79 12
80 15
81 13
82 12
83 14
84 16
85 14
86 8
87 12
88 10
89 10
90 10
91 9
92 10
93 14
94 8
95 8
96 10
97 8
98 4
99 5
100 9
101 10
102 8
103 4
104 7
105 4
106 14
107 11
108 7
109 9
110 3
111 5
112 7
113 3
114 9
115 8
116 4
117 5
118 6
119 7
120 3
121 5
122 1
123 4
124 4
125 3
126 4
127 4
128 2
129 2
130 2
131 2
132 4
133 2
134 1
135 3
136 3
137 2
138 4
139 3
140 3
141 2
142 2
143 5
144 1
145 5
146 3
147 2
152 2
154 2
155 3
156 3
157 2
158 2
159 1
160 4
161 6
162 3
163 3
164 4
165 1
166 1
168 2
169 1
170 1
171 4
172 1
173 1
174 1
175 1
176 2
177 4
179 3
180 1
181 1
182 1
183 2
185 1
186 1
187 2
188 2
190 3
193 2
194 1
195 5
196 1
197 1
201 1
202 1
203 2
204 1
205 1
207 1
209 1
213 1
214 1
219 1
221 1
222 1
226 1
231 3
235 1
237 1
241 1
243 1
245 1
253 2
257 1
260 1
283 1
285 1
289 2
312 1
321 1
339 1
352 1
362 1
