100 1000 50
0 88824
1 69
2 135
3 243
4 365
5 514
6 510
7 557
8 546
9 502
10 409
11 357
12 300
13 253
14 241
15 177
16 121
17 130
18 93
19 71
20 51
21 46
22 40
23 32
24 24
25 26
26 19
27 26
28 19
29 15
30 9
31 9
32 13
33 14
34 14
35 6
36 3
37 5
38 3
39 3
40 3
41 1
42 6
43 9
44 4
45 4
46 1
48 1
49 4
50 2
51 4
52 4
53 1
54 2
55 2
57 1
58 3
59 3
60 2
61 1
62 3
63 2
64 1
65 2
67 2
68 1
70 1
71 1
72 3
73 1
75 1
76 4
77 2
78 2
84 2
86 2
88 1
89 1
90 1
93 2
95 1
99 2
101 1
102 1
105 1
106 3
107 3
108 2
109 1
111 2
114 1
115 4
116 1
117 2
119 2
120 2
122 2
123 1
124 1
127 1
128 1
131 1
133 2
134 1
137 1
138 2
140 1
141 2
142 2
143 5
144 1
145 1
146 2
147 2
149 2
150 4
152 1
153 2
154 3
155 1
156 1
157 2
158 1
159 3
163 2
164 2
165 2
166 1
167 2
168 2
170 2
171 1
172 1
173 1
174 2
175 3
179 2
180 1
181 2
182 1
183 1
184 4
185 1
186 5
187 2
188 1
189 4
190 2
191 1
193 2
195 4
196 1
197 2
198 1
199 2
203 1
204 1
205 3
206 2
207 2
209 1
210 3
213 3
214 2
215 2
216 2
219 2
221 1
222 1
223 2
225 1
227 1
228 3
229 1
230 3
232 1
233 1
235 1
236 1
240 1
241 1
242 2
243 1
244 1
245 1
248 1
249 1
250 2
251 2
252 1
253 1
255 1
258 1
259 1
261 1
262 1
263 1
266 1
269 1
