100 1000 50
0 91060
1 3
2 4
3 18
4 39
5 79
6 90
7 153
8 186
9 213
10 273
11 236
12 231
13 227
14 224
15 190
16 193
17 167
18 154
19 124
20 135
21 106
22 84
23 72
24 73
25 65
26 46
27 49
28 53
29 27
30 30
31 27
32 26
33 13
34 19
35 15
36 9
37 9
38 11
39 9
40 9
41 9
42 8
43 7
44 2
45 8
46 4
47 9
48 1
49 4
50 5
51 1
52 5
53 5
54 1
55 4
56 2
57 2
58 2
59 1
60 1
61 1
62 2
64 2
65 3
66 1
67 1
68 2
69 4
70 2
71 1
74 1
75 2
76 2
77 1
78 1
80 2
81 1
82 1
83 1
85 1
88 1
89 2
90 3
91 2
93 1
94 2
96 2
97 1
99 1
101 2
104 2
106 2
108 2
109 2
111 2
113 1
114 3
115 3
116 1
118 1
119 2
122 1
125 1
126 3
127 2
129 3
130 3
132 2
133 3
134 1
135 2
136 1
137 2
138 2
139 2
140 3
141 1
142 2
143 4
144 1
145 4
146 1
147 1
148 3
150 4
151 1
152 1
153 1
154 3
156 1
157 2
158 1
160 3
161 4
163 1
165 3
166 4
168 5
170 3
171 3
172 3
174 2
176 1
178 3
179 2
180 2
181 1
182 1
183 2
184 1
186 3
187 4
188 2
191 1
192 3
193 1
195 1
196 2
197 3
198 2
199 1
200 2
201 3
202 2
204 1
205 2
207 2
208 1
209 1
211 1
212 2
214 1
215 3
216 2
217 1
218 1
219 2
220 1
221 1
222 1
224 1
225 1
226 2
227 2
228 2
230 1
231 1
233 1
238 2
239 2
240 1
242 1
243 2
245 3
246 1
247 1
248 1
251 1
257 1
276 1
