100 1000 50
0 91114
1 1
3 15
4 33
5 64
6 96
7 124
8 157
9 201
10 223
11 240
12 225
13 226
14 221
15 224
16 204
17 161
18 173
19 135
20 133
21 120
22 109
23 80
24 47
25 66
26 58
27 55
28 28
29 32
30 32
31 25
32 16
33 24
34 15
35 10
36 13
37 14
38 9
39 13
40 11
41 10
42 5
43 5
44 5
45 10
46 3
47 4
48 3
49 5
50 6
51 5
52 4
53 2
54 1
55 2
56 4
57 2
58 2
59 3
61 1
62 3
63 2
64 1
65 3
66 3
67 1
68 2
69 1
70 1
72 2
73 1
74 2
75 1
78 2
79 1
80 1
81 2
82 3
83 5
86 3
87 4
88 1
89 2
90 1
91 2
92 1
93 1
94 1
95 1
96 2
98 5
103 1
105 2
107 1
108 1
109 1
110 1
111 1
112 3
113 3
114 1
116 1
117 4
119 2
121 3
122 1
123 2
124 3
125 1
126 3
127 1
128 1
129 1
131 2
134 2
135 1
139 2
140 2
141 1
142 4
143 2
145 2
146 2
147 1
148 3
149 3
150 2
152 1
153 2
154 1
155 2
157 2
158 2
159 2
160 1
161 4
162 1
163 4
164 4
165 3
168 2
169 4
171 5
172 4
173 1
176 2
177 2
178 1
179 1
180 1
183 1
185 1
186 3
188 2
189 2
190 1
191 1
192 2
193 3
194 1
198 2
199 2
200 3
201 1
202 1
203 1
204 1
205 2
207 3
208 3
210 3
211 1
213 2
214 2
215 3
217 1
219 2
220 1
221 1
222 5
223 2
228 3
230 1
234 1
235 1
238 1
239 1
243 2
244 2
245 1
249 1
254 2
256 1
267 2
268 1
272 1
