100 1000 50
0 90186
1 10
2 36
3 79
4 114
5 225
6 282
7 337
8 380
9 347
10 340
11 347
12 292
13 296
14 250
15 221
16 175
17 157
18 121
19 107
20 81
21 74
22 46
23 61
24 34
25 29
26 33
27 18
28 19
29 20
30 18
31 14
32 7
33 6
34 2
35 7
36 7
37 4
38 3
39 1
40 5
41 2
42 3
43 1
44 6
45 6
46 5
47 1
48 2
49 4
50 4
51 2
52 2
53 2
54 1
55 4
56 2
57 2
59 1
60 3
61 2
62 1
63 1
66 1
67 1
69 1
71 1
72 2
73 3
74 1
76 1
77 2
78 1
79 1
80 2
82 1
83 2
84 1
85 2
86 1
87 1
88 1
92 1
93 1
96 1
99 2
102 2
103 1
104 1
106 1
107 1
108 2
110 1
113 1
115 1
117 1
118 1
119 1
120 1
121 1
123 1
127 1
128 2
129 2
130 1
132 3
134 1
135 1
136 1
138 3
139 1
141 3
144 1
145 2
147 1
148 3
149 2
150 3
151 2
152 2
153 1
154 1
155 2
158 1
160 1
162 3
163 1
164 1
165 2
166 2
167 2
168 1
169 2
170 4
172 3
175 3
178 1
179 5
180 3
181 5
182 1
183 2
184 1
185 1
187 2
188 1
189 4
190 3
191 4
193 2
195 2
196 1
197 4
200 2
201 1
202 1
203 2
204 1
205 1
206 2
207 3
208 1
209 4
210 5
212 2
213 2
215 2
216 1
217 2
219 3
222 1
223 2
224 2
225 2
226 1
228 1
230 4
232 2
233 2
234 1
235 1
236 1
237 1
239 1
240 2
241 2
242 2
244 1
245 1
246 2
248 1
249 1
250 1
251 1
252 1
253 1
254 1
257 2
261 1
263 2
264 1
268 1
269 3
284 1
291 1
