100 1000 50
0 89790
1 12
2 47
3 117
4 196
5 279
6 402
7 407
8 424
9 397
10 381
11 394
12 312
13 312
14 229
15 201
16 157
17 157
18 110
19 79
20 63
21 50
22 42
23 46
24 31
25 28
26 28
27 18
28 10
29 9
30 13
31 3
32 5
33 7
34 14
35 4
36 5
37 5
38 3
39 3
40 8
41 2
42 1
43 3
44 9
45 4
46 4
48 2
49 4
50 1
51 4
52 3
53 3
54 2
55 2
56 1
57 1
58 2
59 2
60 2
61 1
63 1
64 2
65 2
66 1
67 1
68 1
69 1
70 3
72 1
73 1
76 1
78 1
79 3
80 1
87 1
90 1
91 2
94 1
96 3
99 1
100 2
102 1
103 2
105 2
106 1
108 2
109 1
113 1
115 3
117 1
119 2
120 1
121 1
123 1
125 2
126 1
127 1
129 1
130 1
131 2
133 1
136 2
137 1
138 1
142 2
143 1
144 1
145 4
146 4
147 2
148 2
149 1
152 1
154 1
156 1
157 2
159 1
161 2
162 1
163 2
164 1
165 1
166 2
167 4
168 1
169 1
170 1
172 3
173 2
174 2
175 1
176 1
178 1
179 3
180 1
181 2
182 1
183 1
184 1
187 3
189 2
190 4
191 1
192 3
193 1
195 1
197 2
198 1
199 1
200 1
201 2
202 2
203 1
204 2
205 2
206 2
207 3
208 2
209 3
211 2
212 2
215 3
216 1
219 3
220 3
221 3
222 3
223 2
224 1
225 1
226 2
227 1
228 4
229 2
230 1
231 1
232 4
233 4
236 1
238 1
239 7
240 2
241 2
244 2
245 3
249 1
251 2
252 4
253 1
255 1
257 1
260 1
262 1
263 1
266 1
268 1
269 1
275 1
