100 1000 50
0 90952
1 5
2 7
3 24
4 46
5 62
6 131
7 151
8 205
9 222
10 237
11 269
12 275
13 248
14 250
15 206
16 189
17 163
18 159
19 138
20 132
21 96
22 97
23 57
24 57
25 64
26 49
27 40
28 34
29 17
30 29
31 21
32 23
33 21
34 20
35 21
36 8
37 15
38 11
39 14
40 5
41 7
42 6
43 7
44 6
45 5
46 1
47 1
48 5
49 5
50 6
52 4
53 1
54 4
55 3
57 2
58 1
59 3
60 2
61 1
62 5
65 1
66 1
67 2
68 1
69 1
70 5
71 1
72 1
75 1
76 1
78 1
79 1
81 4
83 2
84 2
88 1
90 3
91 2
92 1
94 1
95 1
96 1
100 1
101 1
103 2
104 2
105 1
106 1
110 1
111 3
116 3
117 1
118 1
119 1
120 1
121 1
122 1
123 1
124 2
125 2
126 2
127 2
128 2
129 2
131 2
132 4
133 1
134 1
135 1
136 3
137 1
138 2
139 2
141 3
142 1
144 2
145 2
146 6
147 1
148 1
149 2
150 3
151 2
152 2
153 4
155 3
156 2
157 2
158 1
159 3
161 2
162 1
165 2
166 2
169 3
170 2
171 1
173 2
174 1
176 2
177 2
178 1
179 2
182 2
183 3
184 2
185 5
186 3
187 1
189 1
190 3
192 2
193 3
194 2
195 1
197 1
198 4
200 1
201 3
202 1
203 2
206 3
207 1
211 2
213 1
214 3
216 1
219 1
220 3
222 3
223 2
227 4
228 2
229 1
230 1
231 2
233 1
234 3
236 3
237 1
239 2
240 2
242 4
243 1
244 1
246 3
249 1
255 1
257 1
265 1
