100 1000 50
0 90710
1 1
2 17
3 39
4 65
5 107
6 162
7 225
8 237
9 233
10 321
11 294
12 297
13 247
14 240
15 220
16 207
17 151
18 144
19 134
20 120
21 99
22 76
23 74
24 44
25 38
26 47
27 27
28 36
29 34
30 24
31 19
32 14
33 15
34 10
35 7
36 9
37 14
38 8
39 7
40 6
41 6
42 4
43 2
44 3
45 6
46 3
47 3
48 3
49 3
50 4
51 6
52 3
53 2
54 3
55 1
56 3
57 2
58 2
59 1
61 3
62 3
63 1
64 2
65 1
66 3
67 2
68 1
70 1
72 2
73 1
74 2
75 1
77 2
78 1
79 1
82 1
83 2
85 1
87 2
90 1
93 2
94 3
96 1
97 1
98 2
101 1
105 1
108 1
109 2
111 1
112 2
114 1
116 1
118 2
120 1
122 1
124 5
125 1
126 1
127 1
128 1
130 3
131 3
132 1
133 3
134 1
136 1
138 1
139 1
140 2
142 4
143 4
144 1
145 2
146 1
148 3
149 1
150 3
151 4
152 3
153 3
155 3
157 3
159 2
160 2
161 1
162 1
163 1
164 2
165 2
166 4
169 4
170 1
171 4
172 3
173 2
175 2
177 1
179 2
181 1
182 1
183 3
184 1
185 2
186 1
187 3
188 2
189 1
190 1
191 2
192 3
193 1
194 3
195 2
196 1
197 1
198 4
199 2
200 2
201 2
202 2
203 1
204 1
205 1
206 2
207 3
208 1
209 2
210 1
211 1
212 2
214 1
215 1
217 1
218 2
219 2
221 1
223 1
224 2
227 1
232 2
233 2
234 5
237 2
240 1
241 2
246 1
247 1
248 2
249 1
250 1
252 1
254 1
259 1
262 2
265 1
266 1
268 1
269 1
271 1
273 1
