100 1000 50
0 91040
1 1
2 9
3 17
4 41
5 80
6 121
7 124
8 169
9 214
10 225
11 230
12 240
13 254
14 246
15 224
16 189
17 178
18 155
19 133
20 127
21 114
22 85
23 76
24 68
25 53
26 58
27 50
28 40
29 23
30 35
31 25
32 22
33 13
34 16
35 18
36 10
37 7
38 9
39 10
40 5
41 10
42 4
43 4
44 5
45 9
46 8
47 4
48 5
49 3
50 4
51 2
52 4
53 2
54 1
55 2
56 5
57 1
58 4
59 2
61 2
62 2
63 1
64 1
65 3
67 2
68 1
69 1
71 2
72 3
74 2
75 1
76 3
77 1
78 2
79 1
80 1
81 2
83 2
84 1
85 3
88 2
89 1
90 1
91 1
92 1
93 2
94 1
96 2
97 1
99 2
100 1
102 1
103 3
104 1
106 2
107 1
108 1
109 1
112 1
114 2
115 1
116 2
119 3
120 2
124 2
125 5
126 1
127 1
128 1
129 2
130 1
131 2
134 3
135 1
136 4
137 6
139 1
141 4
142 2
143 2
144 1
145 1
146 1
147 2
149 1
150 2
152 2
154 2
155 1
156 1
157 2
158 2
159 2
160 2
161 1
162 4
163 1
164 4
165 2
166 1
167 2
168 1
170 1
171 1
172 1
173 2
174 1
175 4
176 1
178 1
179 1
181 2
182 1
183 5
184 2
185 1
186 4
187 1
189 2
190 1
192 3
193 1
194 2
195 3
196 1
198 3
199 1
200 2
202 1
203 2
205 2
206 1
207 1
208 1
209 3
210 1
211 2
212 3
213 1
214 1
215 2
216 2
217 2
218 2
219 1
220 2
221 1
222 1
223 1
228 3
229 1
230 3
232 2
234 1
236 2
238 1
240 1
243 2
245 1
248 1
249 1
250 1
251 1
255 2
260 1
270 1
271 1
