100 1000 50
0 90880
1 3
2 6
3 27
4 48
5 100
6 133
7 200
8 196
9 260
10 251
11 256
12 240
13 241
14 241
15 228
16 202
17 181
18 142
19 153
20 115
21 109
22 86
23 63
24 60
25 55
26 34
27 29
28 39
29 23
30 27
31 20
32 18
33 16
34 11
35 15
36 14
37 15
38 3
39 7
40 11
41 3
42 5
43 10
44 8
45 5
46 3
47 5
48 3
49 4
50 4
51 9
53 1
54 1
55 3
56 3
57 3
58 2
59 2
60 4
61 1
62 2
63 3
64 2
65 3
66 3
67 2
68 1
69 1
70 1
71 1
72 2
73 1
74 1
79 1
80 2
81 3
82 2
83 1
84 2
85 2
87 1
88 2
91 1
92 2
93 1
94 3
96 2
98 3
100 1
102 1
103 1
105 1
106 1
107 2
108 1
109 1
111 2
115 3
118 2
119 1
120 2
121 2
123 2
124 3
125 1
126 2
129 2
131 4
132 1
134 2
135 3
136 1
137 1
138 1
139 1
141 4
142 1
143 2
145 1
147 1
148 1
150 1
151 3
153 2
154 2
156 2
157 2
158 5
159 2
160 1
161 2
162 3
163 2
164 1
166 1
167 1
168 1
170 2
172 2
173 2
174 3
175 2
177 2
178 2
179 1
180 1
181 6
183 1
184 4
185 1
186 2
187 1
188 1
189 1
190 1
191 4
192 1
194 1
195 1
196 1
197 3
198 1
199 3
200 2
201 1
203 3
204 3
205 4
208 1
209 1
211 1
212 2
213 2
215 4
216 1
217 2
218 2
219 2
220 1
221 1
223 1
224 1
227 1
228 2
229 2
230 1
232 1
233 1
235 1
239 1
245 2
248 2
249 1
251 2
252 4
253 1
255 1
258 1
259 1
260 1
265 1
267 1
270 1
277 1
