100 1000 50
0 90836
1 1
2 10
3 24
4 41
5 96
6 134
7 178
8 225
9 274
10 265
11 281
12 285
13 247
14 251
15 225
16 196
17 158
18 158
19 138
20 117
21 100
22 66
23 64
24 52
25 48
26 34
27 41
28 33
29 27
30 24
31 26
32 22
33 13
34 15
35 18
36 7
37 11
38 10
39 11
40 8
41 4
42 6
43 3
44 6
45 3
46 9
47 4
48 4
49 5
50 1
51 3
52 4
53 1
54 1
55 2
56 4
57 2
58 2
59 2
60 1
61 1
62 3
63 1
64 1
65 4
70 1
71 1
72 1
73 1
75 1
76 3
77 1
78 2
80 3
81 3
82 3
83 1
86 1
88 2
89 1
92 1
93 3
95 2
96 1
97 1
99 1
101 1
102 3
106 3
107 2
108 1
109 1
110 2
111 1
112 1
113 1
115 2
116 2
117 1
118 1
121 1
122 1
123 6
124 1
125 1
126 1
127 2
130 1
132 1
134 1
135 1
136 2
137 2
138 2
139 1
140 2
141 6
143 1
144 3
145 1
146 4
147 3
148 1
149 1
150 1
151 1
152 1
153 1
154 1
155 1
156 1
158 1
159 1
161 1
162 3
163 1
164 2
165 2
166 5
167 2
168 1
169 2
171 2
172 1
173 2
174 1
175 1
176 3
178 4
179 2
182 2
183 2
184 1
185 2
186 2
187 3
189 1
190 1
191 2
192 1
193 3
194 1
195 5
196 2
199 1
200 2
201 2
202 2
203 2
204 1
205 5
207 1
208 3
209 1
210 1
211 1
213 1
214 1
215 1
216 2
218 1
219 2
220 3
223 4
224 2
225 1
226 1
227 3
228 1
232 2
233 2
235 1
239 2
240 1
241 2
242 1
243 1
244 1
245 1
248 2
257 1
258 1
260 1
264 1
265 1
266 1
268 1
