100 1000 50
0 90023
1 11
2 33
3 84
4 136
5 228
6 300
7 353
8 402
9 426
10 379
11 394
12 334
13 270
14 245
15 199
16 167
17 137
18 125
19 84
20 71
21 67
22 54
23 47
24 43
25 35
26 23
27 23
28 22
29 21
30 18
31 6
32 6
33 12
34 4
35 4
36 6
37 2
39 3
40 4
41 2
42 4
43 3
44 3
45 2
46 3
48 2
49 3
50 3
51 4
53 3
54 1
56 3
57 3
59 1
60 1
61 2
62 1
63 1
64 1
65 3
66 1
68 1
69 1
70 1
72 1
73 3
74 1
75 2
76 1
79 1
80 1
81 1
82 2
91 1
92 1
94 3
95 1
96 1
100 1
101 2
102 1
104 1
106 2
111 1
112 3
114 1
117 2
118 1
120 3
121 3
122 1
123 3
124 1
125 1
126 2
128 1
129 1
131 1
132 1
133 3
134 1
136 3
137 1
139 2
140 2
142 2
143 4
144 1
145 2
147 2
148 1
149 1
150 2
152 1
153 1
154 2
155 3
156 1
158 3
159 3
161 1
163 1
164 5
165 3
168 1
169 3
171 1
172 3
174 6
177 2
178 2
179 1
180 1
182 1
183 1
184 1
185 2
187 1
189 3
190 1
191 2
192 1
193 1
194 2
196 2
197 2
198 2
201 1
202 1
203 4
204 2
206 1
207 3
208 4
209 2
211 3
213 1
214 1
215 2
216 4
218 1
219 2
220 2
223 3
224 1
225 1
226 1
227 1
228 1
229 1
230 2
231 1
232 1
233 3
234 1
235 1
236 1
237 2
239 4
240 2
242 1
243 2
245 2
246 2
247 3
248 1
249 1
250 1
251 1
252 1
254 2
255 1
256 1
258 2
260 1
263 1
266 2
271 1
279 1
281 1
