100 1000 50
0 91084
1 2
2 9
3 17
4 37
5 54
6 90
7 118
8 173
9 208
10 234
11 215
12 273
13 274
14 222
15 194
16 192
17 175
18 165
19 130
20 107
21 114
22 100
23 85
24 66
25 61
26 65
27 54
28 29
29 36
30 24
31 22
32 28
33 20
34 16
35 10
36 14
37 13
38 8
39 8
40 2
41 11
42 3
43 2
44 7
45 6
46 8
47 4
48 3
49 3
50 7
51 3
52 4
53 2
54 4
55 4
56 1
57 4
58 4
59 2
61 2
62 3
63 2
64 1
65 1
66 2
67 2
70 1
71 1
72 2
73 1
74 1
75 3
76 1
77 2
79 1
81 2
82 4
83 3
84 5
86 1
87 3
89 1
90 1
92 4
93 1
94 2
95 1
97 1
98 1
99 1
100 1
101 2
102 1
104 3
105 1
107 1
108 3
109 2
112 1
113 1
115 4
116 1
117 1
118 1
119 3
123 3
124 1
125 1
126 3
127 4
128 2
130 1
131 1
132 1
133 1
134 1
135 1
136 1
137 1
138 2
139 1
140 2
141 1
143 1
144 1
146 1
147 1
148 2
149 2
150 3
152 3
153 2
154 3
155 2
156 1
157 1
158 3
159 1
160 1
161 2
162 1
164 1
166 1
168 1
169 1
170 1
171 4
172 1
173 2
175 3
176 2
177 6
178 5
179 1
180 2
181 1
182 1
183 2
184 4
185 2
187 2
189 1
190 1
191 2
192 1
193 2
194 1
195 2
196 1
198 1
200 2
201 2
202 3
203 1
205 1
206 4
207 2
208 1
209 2
210 2
212 1
213 1
214 2
215 3
218 1
219 1
220 3
222 1
223 3
224 1
225 2
226 1
227 1
228 1
229 2
231 1
232 1
233 1
234 1
235 1
236 1
237 1
238 1
241 1
242 1
245 2
247 1
249 1
255 1
260 1
270 1
276 1
