100 1000 50
0 90804
1 2
2 12
3 31
4 62
5 89
6 147
7 179
8 223
9 261
10 285
11 310
12 257
13 285
14 234
15 210
16 176
17 182
18 143
19 130
20 109
21 92
22 78
23 69
24 72
25 45
26 38
27 51
28 31
29 22
30 16
31 22
32 19
33 10
34 14
35 14
36 10
37 7
38 4
39 12
40 8
41 4
42 6
43 3
44 6
45 9
46 7
47 3
48 4
49 7
50 2
52 4
53 2
54 1
55 5
56 1
57 3
58 3
59 2
61 1
62 3
63 2
64 2
65 2
68 2
69 3
72 2
73 1
74 1
76 4
80 2
81 1
82 1
84 1
86 1
88 1
89 1
90 3
92 1
93 1
94 1
95 1
98 2
99 1
100 2
101 1
102 1
105 2
106 2
107 1
108 1
109 2
110 4
114 2
115 1
116 1
118 1
119 3
120 1
121 1
122 1
123 1
124 2
127 1
129 2
130 3
131 1
132 1
133 1
134 3
135 2
136 2
137 1
138 5
140 2
141 3
142 2
143 1
144 2
145 4
146 2
147 2
151 2
152 1
153 2
155 4
157 2
158 1
159 3
160 4
161 1
162 2
164 4
166 1
167 1
168 2
169 2
170 1
172 1
173 2
174 1
175 1
177 2
179 3
180 2
181 3
182 2
183 2
184 1
185 1
186 1
187 2
188 4
189 1
191 2
194 2
195 2
196 2
197 2
200 4
201 1
202 1
203 2
205 2
206 1
208 1
209 1
210 2
211 2
212 2
214 3
215 5
217 2
218 2
219 1
221 3
224 1
225 1
227 1
228 2
230 3
231 2
233 1
237 2
238 1
241 3
246 1
247 1
248 1
251 2
255 2
256 3
257 1
258 2
259 1
260 1
271 1
276 1
