100 1000 50
0 90984
1 6
2 15
3 16
4 42
5 68
6 116
7 153
8 183
9 231
10 230
11 269
12 245
13 255
14 252
15 208
16 205
17 158
18 170
19 140
20 128
21 90
22 75
23 89
24 58
25 55
26 40
27 40
28 33
29 40
30 23
31 18
32 18
33 21
34 17
35 15
36 14
37 14
38 9
39 14
40 9
41 6
42 4
43 6
44 4
45 5
46 3
47 8
48 5
49 5
50 4
51 1
52 6
54 1
55 1
56 1
58 2
60 1
61 2
62 2
63 3
64 1
65 1
66 4
67 3
69 1
70 4
71 1
72 2
73 1
74 2
75 1
76 3
78 1
79 2
80 1
81 3
82 2
86 1
88 1
89 1
91 1
97 1
99 3
100 2
101 1
102 1
103 3
105 2
106 2
107 3
108 1
110 1
112 2
113 2
114 2
116 2
117 2
118 2
120 2
121 2
122 2
123 2
124 1
125 2
127 1
129 2
130 2
131 2
132 1
134 1
135 2
136 1
137 3
138 5
140 1
142 1
143 2
144 2
145 2
146 1
147 1
148 1
149 1
151 4
153 1
154 5
156 2
157 2
158 2
159 3
160 1
161 1
162 2
163 4
164 1
165 1
166 2
167 1
168 2
169 1
170 1
171 5
172 1
173 1
174 1
175 1
176 2
178 2
180 3
181 3
182 1
183 2
184 1
185 2
186 2
187 1
188 1
189 2
190 1
192 1
194 1
195 2
196 1
197 2
198 1
199 1
200 2
201 2
202 1
203 2
204 2
205 3
206 2
207 1
208 2
211 2
214 1
215 1
216 1
217 2
218 1
220 1
221 4
222 2
224 1
225 1
227 1
228 1
229 1
231 1
232 1
234 1
235 1
236 1
237 1
238 2
239 2
242 1
243 2
245 2
246 1
249 1
253 2
257 1
259 1
260 1
262 1
270 1
271 1
282 1
290 1
