100 1000 50
0 90422
1 7
2 25
3 50
4 97
5 148
6 224
7 274
8 325
9 313
10 299
11 311
12 289
13 305
14 234
15 228
16 196
17 156
18 119
19 136
20 90
21 78
22 76
23 70
24 50
25 38
26 30
27 29
28 23
29 32
30 17
31 23
32 16
33 8
34 13
35 6
36 13
37 4
38 3
39 9
40 3
41 5
42 2
43 5
44 5
45 4
46 1
47 5
48 2
49 2
50 4
51 4
52 2
53 1
54 1
55 1
56 3
57 2
58 2
60 4
61 4
62 2
63 1
65 3
67 1
68 2
69 1
70 1
71 1
73 2
74 1
75 1
78 1
79 1
82 1
83 2
85 2
86 2
88 2
89 1
90 1
94 6
95 1
97 2
98 1
101 1
104 1
106 1
107 1
108 1
113 1
114 1
115 2
116 1
118 1
119 1
120 1
122 1
123 1
126 1
127 1
128 1
129 4
130 1
131 1
132 2
133 1
134 1
136 2
137 1
138 1
143 1
144 1
145 1
147 3
149 2
150 5
151 4
152 2
154 1
155 4
156 2
157 1
158 3
159 1
160 2
161 1
162 2
163 2
164 2
165 4
166 1
167 4
169 1
170 3
171 1
172 2
173 1
174 1
175 1
176 2
177 5
178 4
179 1
180 2
181 1
182 1
185 1
187 3
188 2
189 1
191 1
192 1
193 1
195 2
196 3
197 2
198 1
199 1
200 4
201 1
202 3
203 2
204 2
205 2
206 6
207 3
210 1
211 2
212 1
213 1
215 4
218 2
219 1
221 2
222 2
223 1
227 2
229 1
230 2
231 1
232 1
234 2
235 1
236 3
237 1
240 1
241 2
242 3
244 1
249 1
250 1
251 1
252 1
253 1
254 1
257 1
260 4
261 2
266 1
274 1
