100 1000 50
0 90592
1 14
2 13
3 55
4 91
5 115
6 176
7 227
8 260
9 293
10 319
11 309
12 272
13 283
14 236
15 227
16 183
17 163
18 148
19 129
20 96
21 88
22 73
23 55
24 61
25 53
26 46
27 37
28 25
29 29
30 14
31 7
32 14
33 19
34 14
35 9
36 10
37 7
38 7
39 8
40 6
41 5
42 4
43 3
44 6
45 4
46 2
47 4
48 6
49 4
50 3
51 2
52 2
53 1
54 4
55 1
56 2
57 3
58 1
59 1
60 1
62 2
63 2
64 3
66 2
67 1
70 1
72 2
73 1
74 2
75 2
76 1
78 1
79 1
84 1
85 2
88 1
90 1
91 2
94 2
96 2
97 1
98 1
99 1
100 2
102 1
105 1
107 2
110 1
112 1
115 2
116 1
117 4
119 1
120 1
121 2
122 2
123 2
125 3
126 4
127 1
129 2
130 3
131 2
132 2
134 2
135 2
136 1
137 1
138 1
139 2
140 1
141 1
143 2
145 3
146 1
147 1
151 2
152 2
153 1
155 6
156 1
157 3
158 3
159 3
160 1
161 1
162 1
163 2
165 3
167 2
169 3
171 1
172 2
173 1
174 2
175 1
176 1
177 2
178 3
179 2
181 3
182 2
183 3
184 2
185 1
186 2
187 5
188 1
190 2
191 4
194 4
195 1
197 2
198 3
199 3
200 1
201 2
202 3
203 2
205 1
206 2
207 1
208 1
209 2
210 2
212 2
215 2
216 1
217 4
218 2
219 1
220 1
221 1
222 3
223 2
224 2
225 2
226 1
229 1
230 1
233 2
235 1
236 1
237 2
239 1
240 1
244 2
246 3
247 2
249 1
251 2
254 1
258 1
260 1
262 1
273 1
278 1
