100 1000 50
0 90763
1 3
2 10
3 28
4 56
5 114
6 169
7 209
8 262
9 277
10 259
11 288
12 265
13 236
14 243
15 230
16 205
17 176
18 151
19 123
20 99
21 92
22 77
23 67
24 62
25 53
26 40
27 30
28 30
29 21
30 25
31 17
32 11
33 16
34 11
35 9
36 8
37 6
38 7
39 3
40 8
41 12
42 10
43 4
44 4
45 4
46 8
47 3
48 6
49 4
50 1
51 4
52 3
53 4
55 1
56 2
57 1
58 4
59 3
60 2
61 1
63 1
64 5
66 3
67 4
68 2
70 1
71 2
72 2
74 1
76 1
77 1
78 1
80 1
83 1
84 1
85 2
86 1
89 4
90 2
92 2
93 2
100 3
101 1
102 1
104 1
106 2
107 1
113 1
114 1
117 2
121 1
122 3
124 2
125 1
126 1
127 1
128 1
129 2
131 1
134 2
135 2
137 4
138 1
139 1
140 3
141 2
142 1
143 2
144 1
145 2
146 3
147 2
148 2
149 2
150 2
151 1
152 4
153 1
155 1
156 2
158 3
159 3
161 2
162 1
163 3
165 2
166 3
167 4
168 1
170 1
171 2
172 2
173 2
174 2
175 1
176 1
177 2
178 2
179 1
180 3
181 2
182 1
183 1
184 4
185 2
186 1
187 1
188 1
189 2
190 2
191 4
192 4
193 2
195 1
197 1
198 2
199 3
202 1
203 2
204 1
205 1
207 4
208 3
209 3
210 2
211 1
213 3
215 1
217 2
218 1
220 1
222 1
223 1
224 1
225 1
227 2
228 3
229 1
230 1
232 4
234 2
235 1
236 2
239 4
240 2
245 1
246 1
247 1
248 1
249 3
252 1
254 1
255 1
259 1
260 1
262 2
264 1
