100 1000 50
0 90329
1 2
2 38
3 64
4 113
5 180
6 251
7 286
8 338
9 335
10 307
11 328
12 316
13 283
14 241
15 237
16 189
17 161
18 145
19 115
20 96
21 62
22 55
23 57
24 56
25 35
26 19
27 18
28 19
29 17
30 20
31 18
32 16
33 8
34 10
35 7
36 8
37 7
38 4
39 6
40 2
41 6
42 6
43 1
44 5
45 2
46 1
47 2
48 2
49 2
50 2
51 3
52 3
53 2
54 2
57 2
58 3
59 2
61 1
63 2
65 2
66 1
68 1
69 1
70 1
74 1
75 1
76 3
79 1
80 1
81 2
82 1
83 1
88 1
89 2
90 1
91 4
92 1
93 1
95 2
98 1
99 1
101 1
104 1
105 1
107 1
108 1
112 4
114 1
116 2
118 1
120 1
122 3
123 1
124 2
129 1
130 1
131 1
133 3
134 1
135 2
136 1
138 1
139 1
140 1
141 1
142 1
143 1
144 2
145 3
146 2
147 3
148 1
149 1
150 1
151 2
152 3
153 1
154 1
156 2
157 1
158 1
159 1
160 2
161 3
163 1
164 2
165 3
166 1
167 5
168 3
169 1
170 1
171 1
175 3
176 1
177 1
178 2
179 2
180 4
181 1
182 4
183 5
184 2
185 1
187 4
190 1
191 2
192 4
193 1
196 3
197 1
199 3
200 1
201 3
203 1
204 1
206 2
207 3
208 2
209 1
210 2
211 4
212 6
213 4
214 1
215 1
216 4
219 2
220 1
221 1
224 3
226 2
227 1
228 2
229 2
230 3
231 1
233 1
235 2
237 1
238 1
239 1
240 1
241 1
244 2
245 1
247 1
249 1
250 1
251 2
252 1
254 1
256 1
261 1
263 1
264 2
265 1
266 1
277 1
282 1
286 1
