100 1000 50
0 91010
1 3
2 7
3 14
4 30
5 68
6 102
7 157
8 204
9 215
10 228
11 230
12 274
13 251
14 232
15 224
16 206
17 210
18 144
19 126
20 114
21 109
22 84
23 83
24 52
25 54
26 50
27 47
28 36
29 27
30 18
31 23
32 20
33 14
34 17
35 13
36 7
37 12
38 10
39 9
40 7
41 3
42 10
43 1
44 10
45 7
46 6
47 2
48 9
49 7
50 6
51 2
52 3
53 1
54 3
55 1
56 7
57 2
58 3
59 2
60 3
61 5
63 4
64 2
65 2
66 1
67 2
68 2
69 2
70 1
71 1
72 2
73 2
75 1
77 2
78 1
79 1
80 3
81 1
83 3
84 1
85 1
86 1
87 1
90 1
91 1
92 1
93 2
94 1
95 3
96 2
97 2
98 1
99 1
100 2
101 4
106 1
107 2
108 1
109 1
111 1
112 2
113 1
114 1
115 2
116 3
117 2
118 1
119 1
123 1
124 2
125 4
126 1
127 1
128 2
129 1
130 1
134 3
135 1
136 1
138 1
139 1
141 2
142 1
143 2
144 3
147 2
148 6
149 3
153 1
154 2
155 1
156 2
157 2
158 1
159 2
160 3
161 1
162 3
164 1
165 1
166 3
167 2
168 2
170 1
171 2
172 1
173 4
174 2
175 1
176 2
177 2
178 1
179 4
180 2
181 7
182 2
184 2
186 2
188 1
189 3
190 2
191 1
192 1
194 1
195 4
196 3
197 4
198 1
199 1
200 4
201 1
202 1
203 2
204 1
206 3
207 2
208 1
209 2
212 1
213 1
214 2
215 1
216 1
218 3
221 1
222 2
224 1
225 3
226 1
228 1
230 2
231 1
232 1
234 2
236 1
237 1
241 1
244 2
246 1
247 2
249 1
251 1
263 1
264 1
265 1
271 1
