100 1000 50
0 90916
1 2
2 8
3 27
4 55
5 82
6 131
7 166
8 223
9 228
10 243
11 258
12 289
13 239
14 216
15 222
16 197
17 174
18 161
19 143
20 112
21 100
22 75
23 75
24 79
25 51
26 42
27 32
28 39
29 27
30 27
31 18
32 14
33 8
34 15
35 24
36 11
37 13
38 3
39 13
40 7
41 5
42 7
43 5
44 8
45 4
46 9
47 3
48 2
49 4
50 3
51 5
52 5
53 2
54 5
55 2
56 2
57 1
58 2
59 3
60 3
61 1
62 1
63 1
64 2
65 2
69 1
70 4
71 3
72 5
74 1
76 1
78 1
81 1
84 1
85 1
86 1
88 3
89 1
91 1
92 2
94 3
95 1
96 1
97 1
101 1
104 1
106 2
107 1
108 1
110 1
111 1
114 2
117 1
121 6
122 1
124 4
125 1
127 1
129 5
130 2
131 1
132 1
134 2
135 2
137 1
138 1
139 3
140 1
142 2
143 3
144 2
145 4
146 3
147 1
148 1
150 2
151 1
152 1
153 1
155 2
156 1
159 3
160 3
161 1
162 4
163 2
165 1
167 2
168 2
169 1
170 1
171 2
172 1
173 2
174 3
175 2
176 1
178 4
179 1
180 3
182 5
183 4
185 3
187 2
188 2
189 4
190 1
191 2
192 1
193 1
194 1
195 1
196 1
197 1
198 2
200 1
201 2
202 2
203 1
204 1
205 1
207 1
208 3
210 2
211 4
213 3
214 2
215 1
216 2
218 1
219 3
220 2
222 3
227 2
228 2
230 1
231 1
233 1
235 2
236 1
237 2
239 1
245 2
246 2
247 2
250 1
251 2
252 1
254 1
255 2
260 1
262 1
267 1
273 1
278 1
300 1
