100 1000 50
0 89419
1 34
2 81
3 159
4 254
5 377
6 388
7 488
8 483
9 443
10 444
11 390
12 305
13 296
14 235
15 195
16 138
17 111
18 96
19 91
20 46
21 51
22 36
23 38
24 30
25 26
26 18
27 27
28 17
29 14
30 13
31 13
32 5
33 7
34 4
35 10
36 6
37 6
38 6
39 2
40 2
41 1
42 2
44 4
45 1
46 1
47 4
48 2
49 6
50 1
51 1
52 4
53 2
54 1
55 4
57 3
58 1
59 1
60 1
62 3
63 1
64 1
65 1
68 2
69 2
70 1
71 3
72 1
73 1
75 4
76 1
77 3
78 1
79 1
80 1
81 5
84 1
85 1
87 3
89 2
93 2
95 1
96 1
97 1
101 1
102 5
106 3
107 1
111 3
112 2
113 3
116 1
125 1
126 2
127 1
128 2
129 1
130 3
131 1
132 3
133 1
134 3
137 1
138 1
146 4
147 1
149 3
150 1
151 1
152 1
153 1
155 2
157 1
158 2
159 1
160 1
161 1
162 1
163 4
166 1
169 3
170 3
172 1
175 1
176 2
177 4
178 4
179 1
180 1
181 3
182 1
184 2
185 2
186 1
187 1
189 2
190 1
192 2
193 5
194 2
195 2
196 1
197 1
198 2
199 2
200 2
201 1
202 2
204 3
205 4
206 2
207 1
208 2
211 1
212 2
213 1
215 2
216 1
217 1
218 1
219 2
220 3
221 1
222 4
223 4
224 2
229 2
230 1
231 1
234 2
235 3
236 2
239 2
241 2
243 1
244 2
245 2
246 2
248 2
249 2
252 2
253 1
255 2
257 1
258 1
259 1
260 1
261 1
262 1
266 2
267 1
272 1
274 1
276 1
280 1
