100 3000 50
0 258837
1 4
4 1
5 1
6 1
7 1
9 1
10 3
11 1
13 1
16 1
17 1
19 2
21 2
24 2
25 1
26 2
27 1
28 3
29 1
30 1
31 1
32 1
33 1
34 1
35 1
36 1
37 1
38 1
41 1
42 2
44 2
48 2
50 1
53 1
55 1
58 1
59 1
60 1
61 1
66 1
70 1
75 1
79 1
81 1
84 1
86 1
91 1
105 1
108 1
111 1
129 1
130 1
134 1
137 1
147 1
148 1
154 1
157 1
158 1
164 1
174 1
184 1
186 2
203 1
206 1
207 1
209 1
220 1
222 2
224 1
239 1
247 1
256 1
271 1
272 1
273 2
277 1
284 1
288 1
289 1
291 1
293 1
295 1
298 2
301 2
302 1
303 1
308 1
317 2
319 1
321 1
322 1
323 1
325 1
327 1
348 1
365 1
368 1
377 1
385 3
389 1
393 1
394 1
397 1
404 1
413 1
442 1
446 2
473 1
490 1
491 1
492 1
496 1
498 2
517 1
521 1
522 1
535 1
542 1
547 1
552 1
555 1
558 1
565 1
570 1
578 1
580 1
581 1
584 1
588 1
589 1
590 1
594 1
595 1
599 1
600 1
603 1
606 1
607 1
608 1
619 1
628 1
634 1
637 1
642 1
652 1
654 1
667 1
670 1
698 1
700 1
701 1
703 2
708 1
709 1
718 1
724 1
729 1
738 1
743 1
748 1
755 1
760 1
771 1
778 1
780 1
787 1
789 1
791 1
810 1
813 1
819 1
824 1
830 1
831 1
833 1
834 1
835 1
845 1
848 1
854 1
858 1
861 1
864 1
867 1
869 1
870 1
871 1
874 2
875 1
877 1
881 1
882 1
885 1
888 1
890 1
891 1
895 1
899 1
902 1
903 1
906 1
910 1
911 1
912 1
914 1
915 1
918 2
921 1
929 1
931 2
939 1
941 2
943 1
950 1
969 2
970 1
972 1
973 1
974 1
976 3
983 1
995 1
999 2
1003 1
1014 1
1016 1
1021 1
1033 1
1034 1
1038 1
1041 1
1047 1
1048 1
1055 1
1073 2
1074 1
1087 1
1099 1
1101 1
1102 1
1110 2
1112 1
1116 1
1123 1
1126 1
1128 1
1132 1
1133 1
1143 1
1152 1
1156 1
1160 1
1162 1
1164 1
1172 1
1175 1
1177 1
1178 1
1182 1
1184 1
1185 1
1189 1
1192 1
1195 1
1196 1
1197 1
1198 1
1200 1
1213 1
1214 2
1215 2
1216 1
1222 1
1230 1
1248 1
1250 3
1251 1
1254 1
1258 1
1266 2
1268 1
1285 2
1288 1
1291 1
1295 1
1305 1
1306 1
1320 1
1324 1
1344 1
1346 1
1356 1
1359 1
1360 1
1361 1
1370 1
1382 1
1391 1
1398 1
1414 1
1417 1
1422 2
1430 1
1435 1
1446 1
1450 1
1453 2
1457 1
1463 2
1465 1
1468 1
1469 1
1470 1
1475 2
1476 1
1477 1
1480 1
1485 1
1486 1
1487 1
1493 1
1495 2
1496 2
1499 1
1504 2
1505 3
1507 1
1510 1
1513 3
1514 2
1515 1
1524 2
1525 2
1530 1
1532 1
1537 1
1543 1
1546 1
1547 1
1586 1
