100 3000 50
0 244668
1 3121
2 2102
3 1419
4 1058
5 852
6 655
7 542
8 455
9 324
10 294
11 274
12 205
13 184
14 163
15 171
16 140
17 118
18 112
19 92
20 78
21 97
22 84
23 64
24 67
25 71
26 48
27 62
28 52
29 50
30 37
31 37
32 42
33 35
34 35
35 40
36 37
37 35
38 26
39 16
40 24
41 22
42 27
43 24
44 22
45 19
46 17
47 19
48 23
49 13
50 18
51 14
52 13
53 18
54 13
55 10
56 5
57 9
58 12
59 11
60 10
61 8
62 15
63 23
64 6
65 13
66 9
67 11
68 7
69 11
70 8
71 12
72 14
73 7
74 8
75 8
76 5
77 9
78 8
79 4
80 7
81 9
82 7
83 10
84 10
85 6
86 5
87 10
88 3
89 4
90 5
91 4
92 8
93 4
94 4
95 6
96 7
97 12
98 3
99 5
100 5
101 5
102 4
103 6
104 7
105 11
106 4
107 5
108 4
109 2
110 8
111 4
112 8
113 3
114 4
115 1
116 7
118 1
119 2
120 1
121 3
122 7
123 6
124 4
125 2
126 4
127 5
128 5
129 4
130 3
131 2
132 2
133 1
134 2
135 4
136 2
137 4
138 3
139 2
140 2
141 3
142 4
143 3
144 3
145 5
146 4
147 3
149 4
150 4
151 3
153 2
154 2
155 2
156 6
157 2
158 1
159 4
160 2
161 2
162 3
163 2
164 2
165 2
166 3
167 1
168 1
169 3
170 2
171 1
172 1
173 1
174 3
175 2
176 4
177 3
178 3
179 2
180 1
181 2
183 3
184 4
188 4
189 1
190 1
191 2
192 4
193 1
194 2
195 1
196 2
197 1
198 2
200 1
201 2
202 2
203 2
204 2
207 2
208 1
209 3
210 3
211 1
213 1
215 1
216 2
217 1
218 2
219 3
220 2
221 2
222 2
224 1
225 2
226 2
227 3
228 2
229 2
231 1
232 2
233 1
234 3
235 2
240 2
241 1
242 2
244 2
245 3
246 1
247 2
248 2
251 1
252 1
253 2
255 2
256 2
257 1
258 2
259 1
260 1
261 1
262 1
263 2
264 1
265 2
267 1
269 1
271 1
275 2
279 2
282 1
283 1
286 1
287 1
291 1
293 1
294 1
296 1
297 2
298 2
299 1
301 1
303 1
304 1
305 2
307 2
310 1
311 1
312 2
313 1
314 1
316 1
317 1
318 1
319 1
320 2
322 1
323 3
327 2
328 2
329 1
333 1
334 2
337 2
338 1
339 1
340 1
341 2
343 4
345 1
349 1
350 2
352 1
354 2
356 3
358 1
360 3
361 3
363 1
366 1
367 1
369 1
371 1
372 1
374 1
375 2
377 1
380 1
382 2
385 1
389 1
390 2
392 1
394 1
396 1
398 1
400 1
401 1
402 1
411 2
413 1
415 1
418 1
420 1
423 1
424 2
426 2
428 1
430 1
432 1
435 1
437 1
438 2
442 1
443 1
444 2
445 2
447 2
450 1
452 1
454 1
456 2
457 1
458 1
460 1
463 1
467 2
472 1
476 1
477 1
481 1
483 1
488 1
490 1
492 1
494 1
499 1
502 1
506 1
509 1
510 2
513 1
515 2
520 1
524 1
527 1
528 1
529 1
532 1
535 2
538 1
541 1
545 1
546 1
550 1
552 2
555 1
558 1
575 1
579 1
581 3
585 1
596 1
601 1
603 1
607 1
608 1
610 1
614 1
627 1
628 1
633 1
641 1
652 1
656 1
659 1
663 1
665 1
668 1
673 1
680 1
692 1
696 1
700 1
701 1
708 1
710 1
723 2
735 1
737 1
738 1
739 1
741 1
747 1
763 1
772 1
784 1
793 1
797 1
801 1
810 1
817 1
830 1
834 1
852 1
874 1
888 1
915 1
963 1
994 1
1017 1
1033 1
1199 1
1201 1
