100 3000 50
0 258849
1 2
6 1
7 2
9 1
10 1
11 2
15 2
16 1
18 1
19 1
20 1
21 2
23 2
26 1
27 2
28 2
31 3
32 1
34 1
37 1
40 1
41 1
43 1
45 1
46 1
47 2
51 1
52 3
56 1
64 1
65 1
68 1
72 1
75 1
79 1
80 1
97 1
99 1
105 1
106 2
113 1
114 1
115 1
132 1
134 1
148 2
150 1
160 1
180 1
181 1
183 1
184 1
192 1
204 2
205 1
211 1
213 1
214 1
216 1
219 1
221 1
225 1
227 1
239 1
243 1
248 1
262 2
264 1
271 1
272 1
276 1
279 1
280 1
281 1
291 1
292 1
296 1
300 2
303 1
317 1
320 1
334 1
337 1
340 2
346 2
353 1
361 1
385 1
386 1
392 1
396 1
397 1
398 1
414 1
419 1
422 1
425 1
432 1
433 1
434 1
450 1
458 1
466 1
490 1
491 1
493 1
494 1
495 1
498 1
513 1
520 1
522 1
523 1
540 1
548 1
555 1
557 1
559 1
564 2
566 1
584 1
590 1
594 1
602 1
607 1
609 1
618 1
628 1
632 1
635 1
637 1
641 1
647 1
661 1
663 1
678 1
679 1
693 1
701 1
702 1
709 1
710 1
719 1
736 2
740 1
748 2
766 1
767 1
770 1
775 1
777 1
782 1
783 1
787 1
793 1
801 1
805 2
810 1
819 2
826 1
834 2
836 1
838 1
850 1
853 1
855 1
856 1
860 1
863 1
864 2
866 1
874 1
875 1
879 1
882 1
891 3
892 1
895 1
896 1
897 2
900 1
901 1
904 2
906 1
910 1
917 1
920 1
921 1
922 2
932 2
933 2
938 1
939 1
946 1
947 2
948 1
949 1
953 1
958 1
964 1
968 2
969 1
978 1
983 1
989 1
995 1
997 1
1003 1
1005 1
1029 1
1041 2
1042 1
1043 2
1052 1
1057 1
1064 1
1078 1
1079 2
1081 1
1087 1
1095 1
1096 2
1103 1
1108 1
1114 2
1119 1
1120 1
1126 2
1132 1
1145 2
1158 2
1162 1
1164 1
1170 1
1171 1
1175 1
1178 2
1180 1
1181 1
1183 1
1186 1
1187 2
1190 1
1191 1
1194 2
1197 1
1202 1
1213 1
1216 1
1234 2
1236 1
1238 1
1239 1
1242 1
1244 1
1245 1
1246 2
1252 1
1253 1
1255 1
1261 1
1271 1
1272 1
1276 1
1298 1
1305 1
1306 1
1311 1
1314 1
1316 1
1330 1
1341 1
1347 1
1372 1
1384 1
1392 1
1397 1
1398 1
1403 1
1410 1
1419 1
1425 1
1431 1
1450 1
1453 1
1454 2
1455 1
1456 1
1463 1
1466 1
1467 2
1472 1
1473 1
1474 1
1477 1
1482 2
1483 1
1484 1
1485 1
1486 1
1489 2
1490 1
1492 2
1493 1
1494 1
1495 1
1496 1
1499 1
1503 1
1504 1
1505 1
1506 1
1507 2
1508 1
1510 1
1511 2
1514 1
1516 1
1517 1
1518 1
1533 2
1534 1
1545 1
1546 2
1547 1
1569 1
