100 3000 50
0 258853
1 2
6 1
9 2
11 1
12 1
17 1
18 2
19 1
20 2
21 1
22 2
23 2
26 1
28 1
30 2
31 1
32 1
33 1
34 2
37 1
39 1
40 2
41 1
43 1
45 1
47 1
48 1
49 1
50 2
51 1
53 1
60 1
62 1
67 1
71 1
74 1
80 1
86 1
87 1
90 1
102 1
106 1
115 2
117 1
121 1
139 1
145 1
146 1
147 1
156 1
162 1
167 2
168 1
177 1
191 1
205 1
206 1
210 1
216 1
218 1
225 2
229 1
230 1
251 1
257 1
262 1
271 1
274 2
282 1
289 1
291 1
293 1
298 1
301 1
302 1
309 2
310 2
312 1
317 1
330 1
331 2
334 1
336 1
345 1
373 1
375 1
385 2
388 1
391 1
394 1
414 1
416 1
419 1
426 1
433 1
440 2
447 1
452 1
454 1
494 1
495 1
501 1
507 1
509 1
513 2
516 1
537 1
541 1
550 1
554 2
565 1
567 1
569 1
570 1
576 1
577 1
578 1
583 1
585 1
588 1
599 2
608 1
620 1
624 1
630 1
632 1
633 1
634 1
644 1
671 1
674 1
683 1
693 1
697 1
706 1
718 1
727 1
732 1
735 1
738 1
741 1
742 1
753 1
761 1
764 2
767 1
768 1
771 1
776 1
780 1
801 1
802 1
809 1
815 1
817 1
818 1
820 1
821 1
828 1
830 1
832 2
845 1
853 2
858 1
864 1
866 1
867 1
870 1
872 1
873 2
879 1
880 2
884 2
885 2
886 1
890 1
892 1
902 1
904 1
905 1
909 1
910 1
914 1
916 1
920 1
921 3
923 1
924 1
925 1
927 1
933 1
937 1
944 2
945 1
948 1
951 1
958 1
961 1
963 1
971 1
976 1
979 1
983 1
987 1
993 1
996 1
1003 1
1009 1
1010 1
1015 2
1020 1
1032 1
1040 1
1044 1
1045 1
1047 1
1057 2
1066 1
1079 1
1084 1
1086 1
1087 1
1091 1
1094 1
1098 1
1100 1
1110 1
1113 1
1120 1
1121 1
1127 1
1135 1
1138 1
1154 1
1155 1
1162 1
1171 2
1172 1
1176 1
1182 2
1185 1
1186 1
1192 1
1193 1
1194 1
1195 1
1196 1
1201 1
1203 1
1206 1
1209 1
1212 1
1214 1
1220 1
1226 1
1231 1
1232 1
1242 1
1244 1
1245 1
1253 2
1256 2
1258 1
1261 1
1263 1
1282 1
1287 1
1288 1
1290 1
1292 1
1296 1
1305 1
1306 1
1315 1
1321 2
1324 1
1332 1
1345 1
1351 1
1355 1
1363 1
1376 1
1389 1
1392 2
1406 1
1413 1
1422 1
1429 1
1435 1
1443 1
1445 1
1447 1
1454 1
1455 1
1467 1
1476 1
1478 1
1479 2
1481 2
1482 1
1486 1
1487 1
1488 1
1489 1
1492 2
1493 2
1494 1
1497 1
1498 2
1499 2
1500 1
1501 3
1502 2
1503 1
1506 1
1507 1
1508 1
1511 2
1513 1
1518 1
1519 2
1521 2
1522 1
1524 1
1530 1
1533 1
1546 1
1571 1
