100 3000 50
0 258840
1 3
2 1
5 1
7 1
8 1
9 1
10 1
11 1
12 2
13 1
14 1
15 1
18 1
20 1
22 2
23 2
25 2
27 1
29 4
32 3
33 1
34 2
35 2
38 1
39 1
40 1
41 1
42 2
43 2
50 1
51 1
53 1
57 1
63 1
64 1
70 1
73 1
74 1
78 1
87 1
90 1
91 1
104 1
108 1
111 1
119 1
122 1
125 1
130 1
133 1
136 1
144 1
146 1
153 1
169 1
170 1
178 2
188 1
190 1
193 1
200 1
204 1
211 1
212 1
220 1
226 1
228 1
242 1
243 1
244 1
254 1
258 1
260 1
263 1
269 1
270 1
272 1
283 1
285 2
286 1
291 1
292 1
300 2
304 1
305 1
310 1
313 1
319 1
321 2
323 1
331 1
332 1
338 1
344 3
350 1
367 1
372 1
386 1
394 2
396 1
414 1
431 1
442 1
445 1
452 1
456 1
492 1
497 1
504 1
516 1
517 1
521 1
523 1
526 1
527 1
530 1
531 1
533 1
535 1
551 1
554 2
556 1
558 1
564 1
566 1
572 1
574 2
579 1
583 1
584 2
587 1
598 1
600 1
617 1
618 1
619 1
621 1
625 1
635 1
655 1
657 2
660 1
669 2
671 1
685 1
689 1
709 2
713 1
719 2
724 2
731 1
736 1
738 1
745 1
752 2
760 1
761 1
763 1
766 1
775 1
776 1
778 1
784 1
796 1
803 2
824 1
831 1
834 2
837 1
839 1
852 1
863 1
866 1
867 1
870 1
873 1
878 1
881 1
884 1
887 1
893 1
894 1
896 1
900 1
903 1
904 2
908 1
910 2
912 1
914 1
919 1
924 1
926 2
927 1
928 1
929 2
930 1
936 1
937 1
942 1
943 1
946 1
948 1
950 1
951 1
955 1
959 1
963 1
974 2
976 1
977 1
986 1
988 1
993 1
999 1
1018 2
1021 1
1026 1
1030 1
1031 1
1036 1
1038 1
1044 1
1047 1
1051 1
1055 1
1069 1
1085 1
1086 1
1089 1
1099 1
1103 2
1116 1
1118 1
1119 1
1124 1
1126 1
1129 2
1130 1
1133 1
1135 1
1138 1
1149 1
1151 1
1158 1
1161 1
1166 1
1167 1
1175 2
1177 1
1179 1
1186 1
1188 1
1199 1
1200 1
1204 1
1205 3
1207 1
1219 1
1227 1
1228 1
1231 1
1235 1
1236 1
1243 1
1244 1
1247 1
1252 2
1253 1
1254 1
1255 1
1259 1
1267 1
1271 1
1277 1
1281 1
1285 1
1290 2
1297 1
1298 1
1304 1
1339 1
1342 1
1352 1
1354 1
1369 1
1389 1
1396 1
1403 1
1407 1
1409 1
1412 1
1416 1
1423 1
1426 1
1431 1
1434 2
1444 1
1446 1
1449 1
1455 1
1458 1
1470 1
1471 3
1476 2
1481 1
1482 2
1484 1
1487 1
1489 3
1491 1
1493 1
1495 1
1496 1
1498 1
1499 1
1501 1
1502 1
1504 1
1505 2
1507 1
1508 1
1509 1
1511 3
1512 1
1514 2
1517 1
1518 1
1519 1
1524 1
1529 1
1539 1
1542 1
1545 1
1554 1
1566 1
