100 3000 50
0 258853
1 2
6 1
7 1
9 1
13 1
14 2
16 1
18 1
22 2
23 1
24 1
26 1
27 1
28 1
29 1
30 1
32 2
33 1
34 2
36 2
37 1
38 1
40 1
44 1
45 2
47 1
50 1
53 1
56 1
61 1
64 1
72 1
74 1
75 1
83 1
84 1
87 1
89 1
93 1
97 1
105 1
106 1
114 1
116 1
122 2
131 1
136 1
141 1
143 1
144 1
147 1
149 1
153 1
161 1
163 1
172 1
173 1
178 1
183 1
185 1
206 1
210 1
223 2
231 1
233 1
237 1
238 1
255 2
261 1
262 1
266 2
269 1
272 1
275 1
276 1
277 1
283 1
284 1
285 1
287 1
291 1
293 1
295 2
299 1
301 1
305 1
310 1
332 1
344 1
358 1
364 1
369 1
377 1
379 1
381 1
392 1
396 1
398 1
401 1
403 1
412 1
417 1
426 1
491 1
493 1
498 3
499 1
511 1
512 1
517 1
523 1
533 2
539 2
540 1
541 1
542 1
544 1
547 1
560 1
566 1
574 1
575 1
586 1
589 2
596 1
606 1
615 1
623 1
624 1
633 1
636 1
639 1
652 1
662 1
666 1
668 1
669 1
674 1
694 1
711 1
715 2
726 1
729 1
734 1
736 1
740 1
741 2
746 1
752 1
755 1
772 1
780 1
782 1
783 1
784 1
785 1
789 1
801 1
806 1
808 1
815 1
817 1
821 1
828 1
835 1
836 2
839 1
840 2
847 1
851 1
860 1
861 1
864 1
875 1
878 1
881 2
882 2
883 2
884 1
885 1
889 1
892 1
894 1
903 1
908 1
910 1
911 1
914 2
915 1
919 1
925 2
927 1
928 2
933 1
935 1
936 2
939 1
942 1
944 1
945 1
949 1
959 1
960 1
966 1
968 1
970 1
980 1
982 2
989 1
997 1
1007 1
1010 1
1021 1
1022 1
1023 1
1029 1
1033 1
1035 1
1037 1
1053 1
1058 1
1061 1
1066 1
1077 1
1092 1
1097 1
1103 1
1116 1
1124 1
1131 1
1136 1
1140 1
1144 1
1148 1
1155 1
1156 2
1157 1
1158 1
1161 1
1163 1
1164 1
1167 1
1171 1
1175 2
1182 1
1183 1
1187 1
1191 2
1192 1
1194 1
1197 1
1200 1
1201 1
1211 2
1215 1
1217 1
1219 1
1223 1
1233 2
1240 1
1241 1
1244 1
1245 1
1246 1
1251 1
1255 1
1260 1
1261 1
1263 1
1266 2
1277 1
1298 1
1302 1
1303 1
1311 1
1320 1
1321 1
1326 1
1335 1
1339 1
1344 1
1351 1
1356 1
1357 1
1363 1
1368 1
1391 1
1392 1
1395 1
1418 1
1435 1
1445 1
1447 2
1453 1
1454 1
1457 1
1458 1
1459 1
1460 1
1461 1
1471 1
1472 1
1474 1
1476 1
1480 1
1482 1
1484 1
1485 1
1488 1
1489 4
1491 1
1492 1
1494 2
1497 2
1498 2
1499 2
1501 1
1502 2
1503 2
1506 2
1508 1
1509 1
1511 3
1516 1
1526 1
1527 1
1529 1
1531 1
1541 1
1542 1
1553 2
