100 3000 50
0 258843
1 2
3 1
5 1
6 2
9 1
11 1
12 1
13 3
15 2
16 1
18 1
19 1
24 2
25 2
26 2
29 3
30 2
33 2
35 1
36 1
37 3
39 1
40 1
42 1
45 1
46 1
48 1
49 1
51 1
54 1
56 2
60 1
64 1
69 2
70 1
78 2
92 1
99 1
102 1
109 2
112 1
117 1
132 1
134 2
138 1
151 1
161 1
167 1
171 2
179 1
182 1
186 1
193 1
203 1
221 1
223 1
225 1
229 1
234 1
240 1
246 1
249 1
257 1
261 1
265 2
269 1
272 1
275 1
281 1
282 2
283 1
284 1
285 1
287 1
291 1
296 1
300 1
302 1
309 1
310 1
314 1
317 1
326 1
328 1
334 2
337 1
340 1
354 1
363 1
364 1
365 2
380 1
383 1
392 1
399 2
402 1
415 1
427 1
429 1
454 1
456 1
473 1
475 1
480 1
484 1
493 1
512 1
516 1
517 1
521 1
528 1
529 2
531 1
543 1
546 1
552 2
553 1
559 1
564 1
575 1
576 2
582 1
586 1
590 1
606 1
609 1
611 1
613 1
615 1
626 1
627 1
633 1
636 1
658 1
664 1
677 1
682 1
683 1
684 1
685 1
695 1
705 1
713 1
714 1
715 1
723 1
740 1
750 1
768 3
775 1
776 1
779 1
780 1
783 1
792 1
794 1
795 1
812 1
817 1
825 1
828 1
829 2
831 1
836 1
838 1
839 1
843 1
863 2
864 3
865 2
873 2
874 2
877 1
881 2
884 1
887 1
889 2
891 1
899 3
900 1
902 1
903 1
905 2
908 1
909 1
911 1
914 2
915 1
917 1
922 1
928 1
929 1
932 1
937 1
938 2
949 1
954 1
955 1
963 1
969 1
977 1
978 1
979 1
981 1
983 2
985 1
988 1
989 1
992 1
1006 1
1007 1
1030 1
1034 1
1036 2
1058 2
1066 1
1069 1
1071 1
1072 1
1081 1
1094 1
1100 1
1107 1
1111 1
1114 1
1119 1
1124 1
1131 1
1132 1
1146 1
1147 1
1149 1
1159 1
1163 1
1165 1
1169 1
1170 1
1176 1
1178 2
1188 1
1193 1
1197 1
1198 1
1200 1
1201 1
1205 2
1207 1
1209 2
1210 1
1211 1
1214 1
1223 1
1228 1
1229 1
1230 1
1240 1
1243 1
1258 1
1259 1
1262 1
1263 1
1266 1
1270 1
1271 1
1278 2
1282 1
1283 1
1298 1
1300 1
1304 1
1305 1
1309 1
1324 1
1340 1
1342 1
1349 1
1352 1
1383 1
1385 1
1388 1
1390 1
1393 1
1396 1
1402 1
1408 1
1429 1
1434 1
1435 1
1441 1
1445 1
1457 1
1462 1
1465 1
1467 1
1469 1
1473 1
1474 1
1478 2
1479 1
1481 2
1485 1
1486 2
1487 1
1490 1
1491 1
1493 1
1495 2
1497 2
1498 1
1500 1
1501 1
1502 2
1503 1
1505 3
1506 1
1507 1
1509 1
1510 1
1513 1
1514 2
1515 1
1519 1
1520 1
1522 2
1526 1
1527 1
1531 1
1538 1
1544 1
