100 3000 50
0 258847
1 2
3 1
4 2
10 1
11 2
13 2
14 1
15 1
17 1
19 3
21 1
22 1
23 1
24 2
27 1
29 2
30 2
32 2
33 2
36 1
37 1
42 1
43 2
45 1
48 1
50 1
52 2
53 1
57 1
60 2
66 2
79 1
81 2
86 1
89 1
90 1
92 1
96 1
101 1
111 1
115 1
119 1
127 1
129 1
137 1
143 1
146 1
148 1
149 1
152 1
154 1
166 1
185 1
192 1
193 1
196 1
201 1
207 1
215 1
216 1
225 1
230 1
231 1
235 2
240 1
261 1
263 1
266 1
268 1
275 1
277 2
279 1
282 1
285 2
287 1
290 1
297 1
303 1
304 1
306 1
318 1
323 1
329 1
331 1
352 1
361 1
366 1
371 1
380 1
383 1
384 1
386 2
387 1
393 1
397 1
398 1
402 1
410 1
412 1
425 1
436 1
461 1
468 1
478 1
484 1
488 1
490 1
495 1
496 1
510 1
511 2
518 1
524 1
527 1
531 1
536 1
544 1
551 1
553 1
554 2
591 1
596 1
597 1
606 1
607 1
610 1
611 1
612 1
618 1
626 1
633 1
652 1
653 1
655 1
657 2
672 1
680 1
681 1
683 1
690 1
692 1
694 1
703 1
704 1
711 1
719 1
741 1
743 1
757 1
761 1
764 1
767 1
779 1
782 1
791 1
795 3
810 1
816 1
817 1
823 1
827 2
835 1
836 1
837 1
838 1
843 1
844 1
849 2
850 1
857 1
858 1
859 1
861 1
869 1
871 1
872 1
874 1
879 2
880 1
888 2
889 2
892 1
894 1
896 1
899 2
903 1
907 1
908 1
909 1
911 1
915 1
916 1
922 2
923 1
927 2
928 3
935 1
936 1
941 1
949 1
952 1
953 1
954 2
960 1
962 1
973 1
981 1
987 1
994 1
1001 3
1010 1
1016 1
1024 1
1027 1
1046 1
1052 1
1053 1
1055 1
1061 1
1062 1
1067 1
1074 1
1080 1
1081 1
1087 1
1091 1
1095 1
1100 1
1106 1
1117 1
1136 2
1138 1
1149 1
1155 1
1157 1
1158 1
1159 1
1166 1
1168 1
1170 1
1172 1
1176 1
1178 1
1179 2
1180 1
1183 1
1187 1
1188 1
1190 1
1193 1
1195 1
1200 1
1208 3
1211 2
1222 1
1232 1
1235 1
1237 1
1240 1
1243 1
1249 1
1252 1
1261 1
1269 2
1272 1
1273 1
1276 1
1281 1
1290 1
1304 1
1306 1
1310 1
1318 1
1323 1
1327 1
1331 1
1339 1
1341 1
1347 1
1348 1
1363 1
1379 1
1392 1
1402 1
1406 1
1415 1
1425 1
1427 1
1435 1
1445 1
1456 1
1457 1
1458 2
1460 1
1461 2
1464 1
1471 2
1473 1
1474 2
1475 2
1477 2
1480 1
1481 1
1485 1
1488 2
1489 1
1490 1
1491 1
1492 1
1494 1
1496 1
1498 1
1499 1
1501 2
1504 1
1505 1
1506 1
1509 1
1510 1
1512 3
1515 2
1519 1
1523 1
1525 1
1526 2
1527 1
1529 1
1539 2
1540 1
