100 3000 50
0 258851
1 2
7 2
8 1
9 1
12 1
14 1
15 1
17 3
19 1
23 2
24 1
25 1
27 1
28 1
29 1
30 1
31 2
34 1
35 2
36 2
41 2
43 1
45 1
49 1
50 1
51 1
56 3
60 2
66 1
71 1
76 1
77 1
85 1
86 1
88 1
91 1
98 1
105 1
114 2
121 1
126 1
127 1
134 2
139 2
151 2
160 1
167 1
168 1
174 1
187 1
194 1
198 1
199 1
204 1
206 1
210 2
215 1
231 1
240 1
245 1
250 1
264 1
266 1
270 2
273 1
275 1
279 1
280 1
286 2
288 1
292 1
293 1
295 2
298 1
299 1
300 2
302 1
305 1
315 1
325 1
327 1
353 1
354 1
363 1
367 1
371 1
381 1
388 1
391 1
396 1
401 2
402 1
404 1
410 1
415 1
416 1
443 1
480 1
481 1
483 1
484 1
489 1
491 1
509 2
512 1
513 1
521 1
539 1
543 1
549 1
551 1
566 1
570 1
574 1
577 2
582 1
585 1
591 1
596 1
602 1
604 1
608 1
613 1
614 1
617 1
622 1
634 1
647 1
655 1
673 1
674 1
680 1
689 1
702 1
703 1
709 1
710 1
727 1
741 1
745 1
747 1
751 1
754 1
757 1
759 1
761 1
773 1
781 1
783 1
785 1
786 1
788 1
800 1
802 1
805 1
807 1
812 1
816 1
818 1
824 1
829 1
837 1
842 1
853 1
861 2
865 1
867 1
870 1
877 1
879 1
880 2
881 1
882 1
885 1
891 2
896 2
899 1
901 1
902 1
903 1
904 2
908 1
910 1
911 1
914 1
915 1
916 3
919 1
921 1
923 1
927 1
928 3
933 1
936 1
938 1
939 1
941 1
942 1
945 1
947 1
951 1
958 1
960 1
977 1
982 1
983 1
994 1
996 1
1015 1
1018 2
1020 1
1027 1
1029 1
1039 1
1061 2
1066 1
1069 1
1070 1
1088 1
1091 1
1092 1
1099 1
1106 1
1111 2
1113 1
1118 1
1122 1
1124 1
1125 1
1131 1
1134 1
1137 1
1140 1
1145 1
1146 1
1159 1
1162 1
1163 2
1169 2
1170 1
1174 1
1175 1
1176 1
1180 1
1181 2
1187 1
1191 1
1193 1
1196 1
1199 1
1202 1
1203 1
1208 1
1215 1
1228 1
1229 1
1233 1
1235 1
1244 1
1252 1
1256 1
1262 1
1270 1
1273 2
1278 1
1280 1
1281 1
1282 1
1284 2
1291 1
1301 1
1312 1
1318 1
1319 1
1321 1
1326 1
1327 1
1338 1
1349 1
1352 1
1353 1
1363 1
1366 1
1367 1
1370 1
1375 1
1406 1
1422 1
1428 1
1429 1
1451 1
1459 2
1462 1
1463 1
1466 1
1467 1
1472 1
1473 1
1474 1
1475 1
1476 3
1479 1
1480 1
1483 1
1484 2
1485 1
1488 1
1490 1
1491 2
1492 1
1493 1
1495 2
1496 1
1504 1
1505 1
1509 2
1510 1
1512 1
1515 1
1516 1
1517 2
1524 3
1525 2
1526 1
1527 1
1538 1
1541 2
1549 1
1571 1
