100 3000 50
0 221327
1 5173
2 4399
3 3712
4 3335
5 2654
6 2406
7 2116
8 1772
9 1595
10 1366
11 1134
12 996
13 842
14 784
15 680
16 589
17 498
18 441
19 399
20 346
21 306
22 247
23 235
24 212
25 186
26 142
27 121
28 128
29 93
30 86
31 82
32 83
33 72
34 67
35 72
36 50
37 42
38 47
39 35
40 45
41 28
42 25
43 33
44 29
45 17
46 11
47 13
48 14
49 6
50 16
51 11
52 7
53 6
54 12
55 13
56 4
57 14
58 3
59 1
60 3
61 2
62 3
63 1
64 1
65 3
66 4
68 3
69 1
70 3
71 2
72 2
73 6
74 2
75 1
76 4
77 1
78 1
79 2
80 1
82 1
84 1
87 1
91 1
92 1
93 1
100 1
115 1
120 1
