100 3000 50
0 258852
1 2
6 1
9 2
12 1
13 1
14 1
15 1
16 1
17 1
22 1
23 2
24 1
25 1
28 1
30 1
31 1
32 1
33 1
34 1
35 1
36 3
40 2
41 1
42 3
43 1
46 2
54 1
59 1
62 1
66 1
71 1
72 1
73 1
78 1
81 1
82 1
83 1
87 1
93 1
95 1
103 1
109 1
110 1
121 1
125 1
132 1
140 1
141 1
142 1
143 1
151 1
158 1
161 1
162 1
165 1
167 1
180 1
191 1
200 1
203 1
204 1
205 1
212 2
220 1
234 1
241 1
246 1
256 1
261 1
262 1
263 1
267 1
281 1
283 2
284 1
289 1
291 1
293 1
296 1
302 2
303 1
305 1
309 1
312 1
324 1
327 1
330 1
333 3
343 1
352 1
355 1
360 2
374 1
378 1
384 1
400 1
404 1
412 1
422 1
426 1
441 1
445 1
476 1
479 1
490 1
491 1
493 1
497 1
499 1
500 1
506 1
510 1
525 1
528 1
529 1
535 1
537 1
549 1
567 1
572 2
580 1
583 1
589 1
605 1
606 2
607 1
608 1
611 2
615 2
619 2
621 1
622 1
638 1
653 1
671 1
683 1
684 1
699 1
725 1
726 1
727 1
732 1
733 1
737 1
743 1
747 1
752 1
753 1
760 1
773 1
779 2
781 1
782 1
793 1
815 1
820 1
831 1
838 2
840 1
842 1
845 1
846 2
854 1
858 2
860 1
861 2
863 1
864 1
866 2
868 1
871 1
873 1
878 1
880 1
882 1
887 1
891 3
894 3
897 1
903 1
904 1
905 1
906 1
909 2
910 2
915 2
918 1
919 1
920 1
922 1
925 1
928 1
929 2
931 1
940 1
942 2
944 1
946 1
950 1
961 1
973 1
980 1
984 1
990 1
993 1
1002 1
1009 1
1019 1
1031 1
1041 1
1042 1
1043 1
1055 1
1070 1
1077 1
1082 1
1084 1
1089 1
1091 1
1104 1
1110 1
1116 1
1119 2
1125 2
1129 1
1131 1
1137 2
1139 1
1141 1
1143 1
1150 1
1156 2
1157 2
1160 1
1173 1
1174 1
1178 1
1181 1
1188 1
1190 1
1193 1
1196 2
1197 1
1199 2
1202 1
1207 1
1209 1
1214 1
1218 3
1219 1
1227 2
1234 1
1242 1
1244 1
1252 1
1254 1
1267 1
1275 2
1281 2
1284 1
1285 1
1288 1
1296 2
1299 1
1303 1
1312 1
1314 1
1322 1
1334 1
1337 1
1355 1
1371 1
1374 1
1377 1
1383 1
1388 1
1389 1
1399 1
1410 1
1419 1
1426 1
1450 1
1456 1
1461 2
1462 1
1463 1
1466 1
1467 1
1468 1
1470 1
1471 1
1472 1
1474 1
1475 1
1477 1
1479 1
1481 1
1484 1
1485 1
1486 2
1487 1
1489 2
1490 1
1493 2
1497 2
1498 1
1502 1
1503 2
1507 1
1510 2
1511 1
1513 1
1514 1
1515 1
1519 2
1521 1
1522 1
1523 1
1526 1
1530 1
1532 1
1533 1
1539 1
1544 1
1550 1
