100 3000 50
0 258853
1 2
6 1
9 2
10 1
11 1
14 1
15 2
22 1
24 1
25 2
26 1
27 2
28 2
29 1
30 1
34 2
37 1
38 1
40 2
41 3
42 1
45 1
48 1
50 1
54 1
58 1
60 2
61 1
65 1
68 1
84 1
86 2
91 1
96 2
105 1
107 1
109 1
112 1
119 1
122 1
125 1
133 1
134 1
138 1
141 1
142 1
158 1
163 1
168 1
170 1
171 1
177 1
178 1
186 1
187 1
201 1
204 1
205 1
211 1
216 1
218 1
225 1
228 1
236 1
247 1
249 1
251 1
253 1
261 1
268 1
269 1
273 1
282 1
284 1
290 1
291 2
293 1
296 1
298 1
299 1
307 1
323 2
325 1
329 1
332 1
339 1
348 1
349 1
362 1
364 1
367 1
374 1
384 1
385 1
388 1
390 1
396 1
397 2
403 1
407 1
415 1
435 1
484 1
488 1
494 1
501 1
504 1
508 1
518 1
528 1
530 1
538 1
544 1
550 1
554 1
556 1
565 1
570 1
572 1
587 1
588 2
590 2
592 1
594 2
614 1
626 1
632 1
637 1
641 1
643 1
651 2
659 1
668 2
676 1
685 1
701 1
705 1
724 1
726 1
736 1
748 1
749 1
750 1
751 1
768 1
770 1
774 1
778 1
786 1
787 1
794 1
799 1
800 1
810 1
812 1
819 1
822 1
825 1
827 1
829 1
832 1
839 2
841 2
842 1
845 2
848 1
849 3
859 1
862 1
865 1
868 1
871 1
876 1
880 1
882 1
886 2
892 1
894 1
897 1
898 1
905 1
907 1
913 1
917 1
920 1
923 1
924 1
926 1
929 3
935 1
938 3
939 1
941 1
942 2
943 1
946 1
947 1
956 2
966 1
973 1
976 1
981 1
991 1
996 1
1013 1
1015 1
1017 1
1019 1
1024 1
1026 1
1027 1
1029 1
1040 1
1042 1
1044 1
1049 1
1057 1
1067 1
1071 2
1073 1
1074 1
1079 1
1099 1
1100 1
1102 1
1117 1
1120 1
1122 1
1124 1
1128 1
1129 1
1136 1
1151 1
1159 1
1168 1
1170 1
1172 1
1175 2
1176 2
1185 1
1186 1
1192 3
1195 1
1197 1
1209 1
1210 1
1211 1
1216 1
1217 2
1219 1
1221 1
1227 1
1231 1
1233 1
1236 1
1244 1
1246 1
1249 1
1251 1
1252 1
1255 2
1265 1
1268 1
1272 1
1276 1
1284 1
1295 1
1298 1
1300 1
1311 1
1314 2
1336 1
1340 1
1344 1
1352 1
1357 1
1360 1
1370 1
1380 1
1383 1
1393 1
1401 1
1405 1
1409 2
1411 1
1423 1
1453 1
1454 1
1457 2
1458 1
1465 1
1468 1
1469 1
1470 1
1473 1
1475 2
1476 1
1484 1
1487 1
1489 1
1490 1
1492 2
1493 2
1494 4
1495 1
1499 4
1501 4
1505 1
1506 3
1507 2
1508 1
1511 1
1513 1
1516 1
1524 1
1525 1
1526 1
1531 1
1532 1
1537 1
1542 1
1543 1
