100 3000 50
0 258539
1 52
2 21
3 18
4 10
5 13
6 8
7 4
8 10
9 4
10 9
11 7
12 8
13 2
14 4
15 2
16 5
17 2
18 4
19 2
20 6
21 2
22 3
23 2
24 2
25 3
26 2
27 1
28 1
29 6
30 2
31 6
32 2
33 1
34 5
35 2
37 5
38 4
39 3
40 3
41 3
43 1
44 1
45 1
46 2
47 1
48 4
49 2
51 4
52 1
53 1
56 1
57 1
58 1
59 2
61 1
62 1
63 2
64 1
65 1
66 1
67 2
69 2
70 2
71 3
72 4
73 1
77 1
78 3
81 2
82 1
84 1
85 2
88 1
90 2
91 1
95 1
96 1
97 2
101 1
104 3
105 1
106 2
108 2
116 1
118 3
119 1
123 1
126 1
129 2
131 1
135 1
136 1
143 1
148 1
150 2
151 1
152 1
153 1
155 1
161 1
166 1
169 1
171 3
172 1
177 1
179 1
183 1
189 1
191 1
193 1
198 1
204 1
209 1
212 2
216 1
219 1
222 1
225 1
226 1
228 1
229 1
232 1
240 1
242 1
244 1
252 1
255 2
259 1
266 1
270 2
271 1
277 1
278 1
281 1
286 1
288 1
290 1
291 1
292 1
293 1
295 1
296 1
298 1
302 1
309 1
311 1
317 2
318 1
320 3
345 2
346 1
348 1
351 1
352 1
353 1
362 1
363 1
375 1
377 1
382 1
393 2
397 2
399 1
400 1
403 1
409 1
414 1
421 1
423 1
426 1
437 1
439 1
440 1
442 1
446 1
452 1
456 1
463 2
468 1
474 1
478 1
495 2
496 2
497 1
506 1
511 2
513 1
516 1
525 1
531 1
535 1
538 1
540 1
541 1
543 2
553 1
554 1
555 1
556 1
569 1
573 1
576 1
580 1
590 1
591 1
594 1
599 1
604 1
606 1
608 1
610 1
611 1
612 1
626 2
635 1
647 1
662 1
666 1
669 1
678 1
683 1
685 1
694 1
703 1
704 1
705 1
716 1
718 1
726 1
731 1
735 1
736 1
748 1
751 1
752 1
756 1
766 1
768 1
769 1
772 1
774 1
775 1
785 2
791 1
792 1
795 1
798 1
803 2
811 1
815 1
820 1
827 1
831 1
834 1
840 3
841 2
842 1
845 1
847 1
848 1
856 1
859 1
862 1
866 1
869 1
870 1
871 1
875 2
880 1
886 1
895 1
896 2
898 3
908 1
911 1
917 1
919 1
921 2
923 1
924 1
927 2
929 2
930 1
932 1
936 1
937 1
943 2
949 1
954 1
957 1
960 1
964 1
974 1
975 1
977 1
978 1
979 1
980 1
984 1
989 2
993 1
996 2
1001 1
1012 1
1017 1
1018 1
1020 1
1022 1
1029 1
1035 1
1038 1
1045 1
1050 1
1051 1
1054 1
1070 1
1075 1
1091 1
1092 1
1096 1
1098 1
1101 2
1108 1
1115 1
1131 1
1138 1
1140 2
1143 1
1144 2
1151 1
1152 1
1154 1
1159 2
1161 2
1162 1
1164 1
1170 1
1174 1
1175 1
1179 1
1183 1
1186 1
1187 1
1189 2
1195 1
1197 1
1200 1
1206 1
1218 1
1220 1
1227 1
1231 1
1250 1
1252 1
1256 1
1259 1
1271 1
1272 1
1273 2
1277 1
1278 1
1283 1
1285 1
1289 2
1311 1
1313 1
1331 1
1352 1
1353 1
1368 1
1385 1
1395 1
1408 1
1420 1
1421 1
1422 1
1423 1
1430 1
1437 1
1438 1
1439 1
1443 1
1446 1
1449 1
1450 1
1451 1
1454 1
1456 1
1457 1
1459 2
1465 1
1467 1
1468 1
1473 1
1476 1
1477 1
1478 1
1482 1
1492 1
1494 2
1496 1
1498 1
1499 1
1500 1
1506 1
1509 1
1514 1
1526 1
1537 1
1540 1
1550 1
