100 3000 50
0 258853
1 2
5 1
9 1
10 2
12 1
13 1
16 1
18 1
21 1
22 1
23 1
26 2
28 2
31 3
33 1
34 1
37 2
39 2
40 1
41 2
43 1
45 1
46 1
47 2
48 1
49 1
58 1
62 1
67 1
75 1
79 1
80 1
84 1
86 1
87 1
93 3
94 1
98 1
103 1
105 1
114 1
123 3
125 1
130 1
133 1
135 1
136 1
143 1
146 1
158 1
167 1
168 1
171 1
177 1
184 1
197 1
201 2
206 1
215 1
233 1
239 1
240 2
248 1
255 1
258 1
259 1
261 1
265 1
270 1
271 1
273 1
274 1
281 1
290 1
301 1
305 1
307 1
308 2
322 1
325 1
326 1
327 1
343 1
349 1
352 1
355 1
358 1
361 1
365 1
383 1
388 1
391 1
394 1
396 1
397 1
404 1
408 1
414 1
419 1
449 1
475 1
491 1
496 2
498 1
515 1
527 1
528 1
530 2
533 1
541 1
543 1
555 1
556 1
565 1
566 1
570 1
583 1
584 1
595 1
597 1
599 1
607 1
620 1
621 3
625 1
627 2
636 2
648 1
652 1
667 1
679 1
687 1
692 1
702 1
704 1
713 1
717 1
723 1
724 1
731 1
746 1
752 1
757 1
758 1
761 1
765 2
768 1
772 1
774 2
785 1
806 1
811 1
813 2
821 1
823 1
826 1
835 1
837 1
842 1
845 1
846 1
848 1
849 2
859 1
861 1
864 1
871 1
873 1
874 1
875 1
877 1
883 1
884 2
888 1
890 1
892 1
897 1
898 2
901 1
906 1
909 1
911 1
912 2
913 2
914 1
919 1
921 1
924 1
927 1
928 1
930 1
934 1
935 2
939 1
941 1
945 1
950 1
958 1
959 1
964 1
968 1
970 1
975 1
988 1
993 1
1007 1
1012 1
1016 1
1018 1
1021 1
1026 1
1045 1
1047 1
1049 1
1057 1
1066 1
1068 1
1069 1
1079 1
1093 1
1094 1
1096 1
1105 1
1113 1
1115 1
1119 1
1121 1
1132 1
1136 1
1140 1
1149 1
1152 1
1153 1
1158 1
1160 1
1166 2
1167 2
1176 1
1177 1
1181 1
1184 1
1189 1
1190 1
1191 1
1192 1
1193 1
1198 1
1205 1
1209 1
1212 1
1216 1
1218 1
1219 2
1221 1
1229 1
1230 1
1235 3
1237 1
1239 1
1242 2
1246 2
1251 1
1264 1
1265 2
1276 1
1279 1
1287 1
1293 1
1300 1
1305 1
1315 2
1318 1
1328 1
1339 1
1344 1
1351 1
1354 1
1356 1
1368 1
1370 1
1387 1
1399 1
1413 1
1425 1
1427 1
1430 1
1453 1
1458 2
1461 1
1463 1
1464 1
1466 1
1467 3
1469 1
1471 1
1473 1
1474 3
1478 3
1479 1
1480 1
1482 1
1483 1
1484 1
1487 1
1489 1
1491 1
1498 1
1499 1
1500 2
1501 2
1502 1
1507 1
1509 1
1511 1
1513 1
1517 1
1518 1
1519 1
1521 1
1522 1
1526 2
1527 1
1529 1
1530 1
1533 2
1537 1
1542 1
1570 1
