100 3000 50
0 257132
1 604
2 231
3 129
4 80
5 68
6 41
7 30
8 23
9 25
10 20
11 20
12 18
13 16
14 14
15 11
16 5
17 9
18 10
19 14
20 10
21 5
22 9
23 13
24 7
25 6
26 11
27 6
28 3
29 7
30 4
31 5
32 6
33 5
34 4
35 5
36 2
37 5
38 4
39 2
40 2
41 1
42 2
43 5
44 5
45 4
46 4
47 5
48 1
49 3
50 4
51 2
52 3
53 3
54 1
55 2
56 3
57 2
58 4
59 4
60 4
61 3
62 6
63 3
64 3
65 1
66 2
67 2
69 2
72 1
73 1
75 6
77 1
78 2
79 4
80 1
82 3
83 1
84 2
86 1
87 1
90 2
91 3
92 1
93 1
94 3
95 3
96 2
97 1
98 1
99 2
100 2
102 1
103 1
104 1
105 3
106 1
109 2
110 3
112 2
113 1
115 1
116 6
117 1
118 5
119 1
120 1
124 1
125 2
126 3
127 2
128 2
129 1
130 2
132 1
134 2
135 2
137 2
138 2
140 1
141 3
143 1
144 1
145 2
147 3
148 3
150 1
151 1
153 1
155 1
157 1
158 2
160 1
161 3
162 1
163 1
164 3
166 2
168 1
170 1
174 1
175 1
185 2
191 1
192 2
194 2
196 1
198 1
200 1
201 2
204 1
207 1
208 2
209 2
210 1
212 1
213 1
216 1
217 1
218 2
219 3
220 2
221 2
224 1
225 2
226 1
236 1
238 1
240 1
245 1
249 1
250 1
251 1
253 1
260 2
261 1
262 2
266 1
271 1
275 1
277 1
278 1
281 1
285 2
286 1
287 1
296 1
297 2
298 2
299 1
303 1
305 1
306 1
307 1
310 1
315 1
318 1
320 1
322 1
323 1
324 1
327 1
330 2
342 2
351 1
352 1
354 1
361 1
362 1
363 2
364 1
365 2
366 1
368 2
369 1
370 2
372 1
376 1
379 1
383 1
388 1
389 1
390 1
391 1
397 1
398 1
400 1
405 1
407 1
409 2
410 1
412 1
416 1
422 2
423 1
425 1
430 1
434 1
437 1
438 1
439 1
440 1
442 1
443 2
447 1
451 2
452 1
456 1
458 1
459 1
460 1
461 1
462 1
466 1
468 1
472 1
478 1
483 1
490 1
495 1
498 1
499 1
502 1
503 1
505 1
507 1
509 1
512 1
513 1
515 1
522 1
525 1
529 1
531 1
533 1
537 1
544 1
545 1
547 1
551 1
552 1
554 1
555 1
563 1
565 1
567 2
570 2
574 1
576 1
580 1
585 1
587 1
595 1
602 1
603 1
607 1
611 1
612 1
614 1
616 1
618 1
623 1
627 1
635 1
636 1
637 1
638 1
642 1
644 2
649 1
650 1
652 1
654 1
663 1
667 1
669 1
676 1
677 1
680 1
681 2
685 1
686 1
691 1
696 1
697 1
698 1
701 2
702 1
707 1
708 1
711 1
712 1
719 2
724 1
731 2
733 1
743 2
745 1
746 1
749 2
751 1
752 1
753 1
754 1
758 1
761 1
765 1
774 1
775 1
776 2
777 1
778 1
780 1
782 1
787 1
788 2
789 1
791 1
793 1
794 1
797 1
798 1
805 1
806 1
809 1
811 1
814 1
820 1
822 1
829 1
831 1
833 1
837 1
838 1
839 1
844 1
859 1
860 1
866 1
867 1
868 1
869 1
875 1
879 2
883 1
890 1
908 1
916 1
921 1
922 1
923 1
926 1
927 1
930 1
931 1
932 1
933 1
934 1
947 2
949 1
953 1
955 2
960 1
961 1
976 1
994 1
995 1
1002 1
1009 1
1010 1
1017 1
1019 1
1020 1
1022 2
1034 1
1037 1
1039 1
1045 1
1049 1
1050 1
1054 1
1059 1
1067 1
1068 1
1070 1
1072 1
1091 1
1096 1
1097 2
1102 1
1107 1
1110 1
1113 1
1114 1
1119 3
1124 1
1127 1
1139 1
1144 1
1150 2
1156 1
1157 1
1162 1
1175 1
1179 1
1183 1
1187 1
1188 1
1194 1
1202 1
1209 1
1215 1
1219 1
1237 1
1242 1
1244 1
1247 2
1252 1
1253 1
1255 1
1257 1
1270 1
1271 1
1274 1
1281 1
1285 1
1286 1
1303 1
1307 1
1308 1
1320 1
1323 1
1324 1
1364 1
1370 1
1380 1
1391 1
1417 1
1421 1
1423 1
1424 1
1428 1
1432 1
1467 1
1468 1
1473 1
1488 1
1500 1
1512 1
1517 1
