100 3000 50
0 258853
1 2
5 1
6 1
9 1
10 1
13 1
15 2
16 1
21 1
25 2
26 1
27 4
30 2
32 2
33 4
36 1
37 1
38 1
39 1
42 1
43 1
44 1
45 1
51 2
52 1
56 1
59 1
63 1
64 1
70 1
77 3
82 2
93 1
95 1
98 1
99 1
102 1
111 1
113 1
119 1
120 1
123 1
130 1
131 1
136 1
145 1
156 1
159 1
162 1
171 1
187 1
190 1
191 1
192 1
201 2
205 1
211 1
212 1
222 1
224 1
229 1
230 1
246 1
256 1
271 1
276 1
279 1
280 1
281 1
283 1
288 1
290 1
292 1
297 1
299 1
303 2
307 1
311 1
321 1
326 1
345 1
347 1
348 1
350 1
359 1
364 3
388 1
390 1
392 1
396 1
400 1
405 1
414 1
427 1
434 1
438 1
441 1
464 1
465 1
477 1
497 1
499 1
501 1
508 1
515 1
525 1
531 1
536 1
544 2
548 1
549 1
557 1
561 1
566 2
581 1
583 1
584 1
591 1
592 1
593 1
597 1
608 1
615 1
621 1
625 1
627 1
635 1
636 1
644 1
653 1
657 1
664 1
676 1
679 1
686 1
706 1
710 1
714 2
720 1
724 1
734 1
742 1
747 1
753 1
757 1
758 1
760 1
761 1
769 1
781 1
785 1
787 1
802 1
807 1
812 1
814 1
819 1
826 2
838 1
845 2
847 1
851 1
853 2
854 1
855 1
856 1
857 1
859 1
861 1
875 1
879 1
882 1
885 1
886 3
887 1
888 2
889 3
893 1
894 1
895 2
899 1
906 1
910 1
918 1
919 1
923 2
925 1
929 1
936 1
938 1
941 1
944 2
951 2
952 1
953 1
955 1
958 1
966 1
973 1
974 1
986 1
991 1
993 2
997 1
998 1
1001 1
1013 2
1015 1
1034 1
1055 1
1065 1
1073 1
1076 1
1083 1
1093 1
1096 1
1106 1
1107 1
1113 2
1116 1
1123 1
1134 1
1139 1
1140 1
1141 1
1143 1
1149 1
1151 1
1153 1
1154 1
1158 2
1159 1
1161 1
1163 1
1170 1
1171 1
1183 2
1187 1
1189 1
1192 1
1193 2
1195 3
1199 1
1204 1
1214 1
1216 1
1220 1
1229 1
1233 1
1235 1
1237 1
1240 1
1247 1
1250 1
1258 1
1259 1
1263 1
1266 1
1269 1
1270 1
1273 1
1276 1
1280 1
1282 1
1285 1
1290 1
1295 1
1301 1
1302 1
1309 1
1310 2
1330 1
1335 1
1336 1
1339 1
1341 1
1346 1
1360 1
1365 1
1367 1
1398 1
1427 1
1444 2
1446 1
1448 1
1450 1
1451 1
1453 1
1456 1
1457 1
1458 1
1459 1
1464 2
1466 2
1467 1
1468 1
1469 1
1477 2
1480 1
1481 2
1483 1
1484 2
1487 1
1490 2
1491 1
1495 1
1496 1
1498 1
1499 1
1501 1
1505 1
1509 1
1510 2
1513 1
1516 1
1519 2
1523 1
1529 1
1531 1
1532 1
1533 1
1534 1
1536 1
1541 1
1543 1
1550 1
1554 1
1555 1
