100 3000 50
0 258853
1 2
5 1
9 1
10 1
12 1
13 1
15 1
16 1
18 2
21 1
22 2
23 1
24 1
25 1
28 1
29 2
31 1
32 2
33 3
34 1
37 1
40 1
43 1
46 1
48 1
50 1
51 1
52 2
53 1
56 2
64 1
71 1
73 1
74 1
75 2
76 1
81 1
88 1
89 1
93 1
95 1
96 1
99 1
111 1
121 1
123 1
128 1
132 1
134 1
145 1
154 1
160 1
163 1
164 1
173 1
186 2
190 1
192 1
194 1
204 1
209 1
216 1
222 1
224 1
242 2
243 1
253 1
255 1
263 1
264 1
265 1
272 1
275 1
278 1
282 1
289 1
297 1
302 1
303 1
309 1
314 1
316 1
322 1
324 1
332 1
335 1
336 1
374 1
381 1
382 1
387 1
390 1
395 2
402 1
405 1
407 1
408 2
418 1
424 1
428 1
464 1
481 1
485 1
487 2
490 2
493 1
497 1
499 1
504 1
509 1
512 1
520 1
539 1
540 1
551 1
559 1
568 1
575 1
581 1
589 1
593 1
594 1
601 1
603 1
604 2
608 1
609 1
619 1
620 1
627 1
641 1
642 1
648 1
651 1
654 1
673 1
684 1
691 1
704 1
714 1
715 1
719 1
729 1
739 1
740 1
742 1
746 1
766 1
776 2
777 1
778 1
779 1
782 1
786 1
788 1
791 1
794 1
804 1
810 2
814 1
815 2
816 1
818 2
822 2
826 1
827 1
836 2
838 1
849 1
858 1
860 1
866 3
874 1
878 1
880 1
886 2
889 1
890 1
894 1
896 1
901 1
903 1
904 1
907 1
908 1
909 1
911 1
916 2
920 1
922 1
929 1
935 1
938 1
939 1
941 1
942 1
947 1
948 1
949 1
955 2
959 1
963 1
965 1
966 1
974 1
976 2
983 1
986 1
994 1
996 1
1015 1
1016 1
1020 1
1025 1
1031 1
1034 1
1035 1
1043 1
1053 1
1054 1
1056 1
1058 1
1059 1
1063 1
1072 1
1087 1
1097 1
1105 2
1108 1
1109 1
1110 1
1113 1
1124 1
1129 1
1144 2
1148 2
1149 1
1158 1
1162 2
1170 1
1171 2
1183 1
1185 1
1187 1
1189 1
1192 1
1197 1
1204 1
1207 2
1212 1
1216 1
1217 1
1223 1
1227 1
1229 1
1231 1
1232 1
1236 1
1245 1
1248 2
1256 1
1258 1
1267 1
1271 1
1273 1
1277 1
1279 1
1283 1
1290 1
1294 1
1299 1
1300 1
1305 1
1308 1
1311 1
1313 1
1314 1
1320 1
1327 1
1331 1
1332 1
1336 1
1347 1
1362 1
1371 1
1377 1
1381 2
1382 1
1399 1
1405 1
1435 1
1436 1
1440 1
1446 1
1453 1
1465 1
1467 1
1472 1
1473 1
1475 2
1476 2
1478 2
1480 1
1481 4
1485 1
1486 1
1487 1
1489 2
1490 1
1491 1
1493 1
1495 2
1505 2
1507 1
1509 2
1510 2
1511 1
1513 1
1514 1
1515 1
1519 2
1520 1
1522 2
1524 1
1525 1
1526 1
1528 1
1544 1
1547 1
1560 1
