100 3000 50
0 258853
1 2
4 1
9 1
11 1
12 2
13 1
16 1
17 1
18 1
20 1
22 1
25 1
26 4
28 1
29 3
31 1
32 1
34 1
36 1
38 1
40 1
41 1
43 1
45 1
48 1
52 1
54 1
56 1
58 2
61 1
64 1
66 1
73 1
74 2
80 1
85 2
90 2
92 2
94 1
98 1
101 1
113 1
118 1
123 1
133 2
139 1
140 1
147 1
151 2
152 1
153 1
170 1
171 1
174 1
195 1
201 1
204 1
206 1
212 2
213 1
222 1
223 1
233 1
245 1
249 1
251 1
262 1
274 1
276 1
279 1
282 2
289 1
291 1
293 1
295 1
298 1
299 1
301 1
304 1
319 1
324 1
348 1
364 2
372 1
373 1
375 1
379 1
381 1
382 1
385 1
386 1
388 1
393 1
400 1
420 1
426 1
438 1
447 1
458 1
460 1
462 1
482 1
492 2
493 1
497 1
502 1
508 1
526 1
536 1
551 1
552 1
557 1
570 1
576 2
578 1
580 1
582 1
583 1
584 1
589 1
597 1
598 2
601 1
604 1
608 1
627 2
628 1
634 1
638 1
641 1
645 1
667 1
669 1
685 1
693 1
696 1
706 1
710 1
717 1
732 1
735 1
736 1
738 1
747 1
754 1
759 1
760 1
768 1
787 1
788 1
791 2
792 1
798 1
800 1
801 1
810 1
812 1
816 1
821 1
822 2
832 2
835 1
836 1
847 1
849 1
851 2
854 1
857 1
858 1
862 1
864 1
871 1
875 2
877 1
878 1
885 1
888 1
889 1
890 1
891 2
893 1
905 3
913 1
915 1
918 1
921 1
926 2
927 1
931 1
933 1
936 1
937 1
938 1
939 2
942 1
948 1
951 1
954 1
958 1
960 1
967 1
969 1
971 1
975 1
983 1
984 1
989 1
1001 1
1008 1
1014 1
1034 1
1042 2
1062 1
1063 1
1069 1
1071 1
1073 1
1076 1
1078 1
1079 2
1090 1
1091 1
1102 1
1110 1
1113 1
1119 1
1123 1
1133 1
1134 1
1140 1
1143 1
1147 1
1148 1
1155 1
1158 1
1167 2
1171 2
1174 1
1176 1
1178 1
1179 1
1180 1
1182 1
1183 2
1184 1
1186 1
1188 1
1194 2
1202 2
1206 1
1215 1
1221 1
1226 1
1228 1
1229 1
1230 1
1231 1
1234 1
1242 1
1251 1
1260 1
1276 1
1277 1
1284 1
1285 1
1288 2
1290 1
1291 1
1314 1
1318 1
1324 1
1329 1
1332 1
1333 1
1336 2
1342 1
1344 1
1351 1
1352 1
1361 1
1373 1
1379 1
1397 1
1402 1
1405 1
1407 1
1427 1
1429 1
1432 1
1439 1
1451 1
1452 1
1453 1
1455 2
1470 1
1472 2
1475 1
1476 2
1479 1
1481 1
1483 1
1485 2
1491 2
1492 2
1493 1
1496 2
1497 1
1498 1
1499 1
1501 1
1502 1
1503 1
1504 1
1507 1
1508 2
1509 2
1515 2
1519 2
1521 1
1524 1
1525 1
1527 1
1528 2
1530 1
1541 1
1545 1
1548 1
1568 1
