100 3000 50
0 258851
1 2
4 1
9 1
11 1
12 2
13 1
17 1
18 2
19 1
21 1
23 1
24 1
25 1
26 1
28 3
29 1
31 1
32 1
33 1
34 1
35 1
36 1
37 1
39 2
42 1
46 1
48 1
49 1
52 1
54 1
57 1
59 1
60 1
66 1
67 1
76 1
80 1
81 1
82 1
86 1
90 1
93 1
95 1
102 1
105 1
109 2
114 1
117 1
132 1
134 1
136 1
141 1
143 1
154 1
157 1
163 1
177 1
180 1
185 1
192 1
199 1
204 1
206 1
210 1
213 1
219 1
223 1
224 1
242 1
246 1
250 2
251 1
252 1
258 1
259 1
264 1
270 1
277 1
283 2
287 1
288 2
295 1
296 1
302 1
303 1
311 1
312 1
321 1
330 1
331 1
332 1
338 3
354 1
357 1
358 1
374 1
380 1
386 1
398 1
404 1
408 1
411 1
412 2
430 1
444 1
449 1
454 1
488 1
493 1
501 1
507 1
509 1
516 1
534 1
535 1
536 2
541 1
542 1
544 1
555 1
556 1
557 1
575 1
580 1
581 1
585 1
586 1
590 1
598 1
599 1
600 1
601 1
602 1
610 1
613 1
614 1
650 1
651 1
660 1
661 2
663 1
682 1
684 1
694 1
704 1
711 1
719 1
722 1
723 1
724 1
731 2
738 1
741 1
744 1
754 1
757 1
762 1
771 1
775 2
777 1
796 1
797 1
800 1
802 1
804 1
812 1
816 1
821 1
825 1
827 1
829 2
839 1
844 1
848 2
857 1
859 1
864 1
866 1
869 1
877 1
878 1
879 1
890 1
891 1
893 1
894 2
895 2
897 1
900 1
907 1
908 1
909 1
911 2
916 1
923 1
924 1
926 1
932 1
933 2
934 1
935 1
936 2
937 1
938 1
943 1
948 1
952 1
956 1
960 1
964 1
966 1
967 1
971 1
974 1
978 1
1005 1
1007 1
1019 1
1027 1
1037 1
1048 1
1052 1
1053 1
1058 1
1059 1
1060 2
1064 1
1068 1
1075 1
1080 1
1082 1
1083 1
1088 1
1089 1
1103 1
1104 1
1109 1
1131 1
1135 1
1138 1
1141 2
1144 1
1146 1
1153 1
1156 1
1161 1
1163 1
1165 2
1166 1
1172 1
1173 2
1174 1
1185 2
1187 1
1190 1
1193 1
1196 1
1197 1
1204 1
1205 1
1206 1
1207 1
1219 1
1222 1
1237 1
1241 1
1243 1
1245 1
1248 1
1249 1
1250 1
1251 1
1263 1
1276 1
1289 1
1291 1
1294 1
1302 1
1304 1
1305 1
1306 1
1313 1
1327 2
1333 1
1336 2
1341 2
1350 1
1360 1
1361 1
1362 1
1365 1
1366 1
1379 1
1389 1
1392 1
1427 1
1431 2
1435 2
1445 1
1449 2
1452 1
1456 1
1457 1
1468 1
1471 1
1473 1
1475 3
1477 1
1480 1
1482 1
1483 1
1485 1
1488 1
1490 3
1491 2
1492 1
1495 2
1498 2
1502 2
1504 1
1508 2
1509 1
1510 1
1515 1
1517 2
1518 1
1520 1
1523 1
1525 2
1527 1
1532 1
1543 1
1548 1
1551 1
1555 1
1565 1
