100 3000 50
0 258717
1 14
2 9
3 10
4 7
5 5
6 5
7 8
8 2
9 2
10 7
11 3
12 2
13 2
14 3
15 3
16 5
17 2
19 5
20 1
21 2
22 4
23 3
24 1
25 1
26 1
27 4
28 2
29 1
31 2
33 3
35 1
36 1
37 2
38 2
39 2
40 2
42 1
43 1
45 1
46 1
47 1
48 2
49 1
51 1
52 2
53 2
54 2
57 1
59 1
61 2
62 1
63 1
64 1
65 1
68 2
74 1
77 1
78 1
84 1
86 1
88 2
89 1
93 1
95 2
107 1
109 1
112 1
117 1
123 1
125 1
130 1
135 1
136 1
137 1
138 2
139 1
141 1
146 1
151 1
161 1
163 1
170 1
175 1
176 1
180 1
183 1
190 1
199 1
202 1
207 1
208 1
217 1
222 1
224 1
227 1
240 1
248 1
249 1
250 1
256 1
258 1
259 1
264 1
265 1
270 1
278 1
279 1
281 1
282 1
283 1
287 1
288 1
293 1
301 2
303 1
305 3
307 1
308 1
309 1
322 1
330 1
333 2
338 1
354 1
359 1
365 1
367 1
379 1
380 1
386 1
392 1
393 1
394 1
399 1
407 1
422 1
424 1
430 1
437 1
438 1
441 1
448 1
455 1
468 1
469 1
470 1
483 1
484 1
487 1
490 1
495 1
497 1
502 1
503 1
504 1
505 2
509 1
515 2
527 1
528 1
538 1
546 1
549 1
568 1
572 2
575 2
576 2
581 1
595 1
598 1
599 1
606 1
611 2
625 1
627 1
628 2
630 2
636 1
645 1
652 1
653 1
655 1
668 1
681 1
706 1
711 1
714 1
720 2
722 1
724 1
726 1
750 2
755 1
758 1
759 1
765 2
766 1
773 1
774 1
775 1
777 1
778 1
780 1
781 1
788 1
790 1
792 1
799 1
802 1
803 1
807 1
808 3
809 1
810 1
832 1
838 1
842 2
843 1
849 1
854 1
859 1
861 1
868 1
870 1
874 1
879 1
881 1
890 1
892 1
896 1
897 1
898 1
902 2
908 3
909 1
910 1
911 1
912 1
921 1
922 1
927 1
928 1
933 1
942 1
943 1
944 1
952 1
960 1
961 1
971 1
976 1
981 1
983 1
990 2
992 1
994 1
1000 1
1001 1
1003 1
1005 2
1010 1
1015 1
1019 1
1020 1
1021 1
1025 1
1028 1
1031 1
1047 1
1054 1
1057 1
1064 1
1072 1
1078 1
1080 1
1086 1
1103 2
1112 2
1123 1
1127 1
1141 1
1145 1
1146 1
1148 1
1152 2
1158 1
1161 1
1162 1
1174 2
1175 2
1176 1
1177 1
1180 1
1182 1
1185 1
1187 1
1189 2
1190 1
1202 1
1210 1
1212 1
1213 1
1215 1
1231 2
1236 1
1238 1
1240 1
1247 1
1261 1
1262 1
1268 1
1270 1
1275 1
1281 1
1283 1
1286 1
1287 1
1293 1
1295 1
1317 2
1324 1
1326 1
1333 1
1338 1
1339 1
1342 1
1344 1
1345 1
1352 1
1361 1
1371 1
1403 1
1423 1
1424 1
1433 1
1434 1
1439 1
1442 1
1447 1
1449 1
1456 1
1457 1
1461 1
1463 1
1464 1
1469 1
1470 1
1471 1
1475 2
1477 2
1480 1
1481 1
1483 1
1485 2
1487 1
1490 2
1491 2
1492 1
1494 3
1498 1
1499 1
1501 1
1504 1
1506 3
1508 1
1509 1
1515 1
1517 2
1519 1
1522 1
1523 1
1524 1
1525 1
