100 3000 50
0 258852
1 3
7 1
8 1
9 1
12 1
13 1
16 1
18 2
19 1
20 2
21 1
24 1
25 1
26 1
30 1
31 1
32 1
33 2
35 2
36 2
37 1
40 1
41 1
44 1
46 1
50 1
53 1
54 1
58 1
67 1
69 1
70 1
74 1
75 1
80 1
88 2
89 1
92 1
97 1
108 1
111 2
115 1
124 2
130 1
132 1
134 3
140 1
141 2
150 1
167 2
171 1
175 1
183 1
185 1
192 1
194 1
198 1
215 1
218 1
222 1
223 1
231 1
248 2
250 1
262 2
263 1
267 1
271 1
274 1
275 1
277 1
282 1
283 2
285 1
286 1
289 1
290 1
298 1
304 1
306 1
308 1
324 1
328 1
336 1
337 1
339 1
347 1
357 1
364 1
378 2
385 1
387 1
394 1
395 1
397 1
399 1
419 1
441 1
447 1
487 1
496 1
501 1
502 1
506 1
509 1
528 2
532 1
535 1
541 1
543 1
544 2
545 2
546 1
552 1
553 1
559 1
569 1
570 1
583 1
585 1
589 1
590 1
594 1
597 1
599 2
608 1
618 1
637 1
640 1
649 1
665 1
674 1
683 1
695 1
703 1
704 1
720 1
725 1
728 1
732 1
733 1
734 1
735 1
739 1
749 1
750 1
753 2
764 2
772 1
778 1
794 1
799 2
801 1
804 1
813 1
815 1
821 1
824 2
826 1
831 1
832 1
841 1
848 1
852 1
864 1
865 1
868 1
871 1
872 1
877 2
878 2
881 2
882 1
884 2
885 2
891 1
893 1
896 1
898 3
901 1
902 1
903 1
904 1
907 1
908 1
909 2
924 3
926 1
928 1
945 2
946 1
947 1
948 1
953 2
954 1
955 1
961 1
964 1
978 1
981 1
983 1
987 1
990 1
991 1
1020 1
1021 1
1058 1
1070 1
1074 1
1076 1
1079 1
1081 1
1086 1
1091 1
1101 1
1102 1
1106 1
1114 1
1118 1
1125 1
1137 2
1139 2
1142 1
1148 1
1151 1
1154 1
1158 1
1163 1
1165 1
1169 1
1172 1
1174 2
1179 1
1183 1
1185 1
1187 1
1188 1
1189 1
1191 1
1192 1
1193 1
1198 1
1201 1
1205 1
1206 1
1213 1
1214 1
1221 1
1222 1
1227 1
1234 1
1236 1
1238 1
1240 1
1244 1
1245 1
1246 1
1247 1
1249 1
1258 1
1264 2
1267 1
1275 1
1278 1
1282 1
1292 1
1295 1
1301 1
1302 1
1305 1
1308 1
1314 1
1316 1
1320 1
1329 1
1333 1
1334 1
1342 1
1359 1
1386 1
1389 1
1395 2
1397 1
1404 1
1405 1
1436 1
1439 1
1448 1
1455 1
1456 1
1459 1
1464 1
1471 1
1473 1
1475 1
1476 1
1477 1
1479 1
1480 1
1481 1
1484 1
1487 1
1488 1
1489 3
1490 1
1491 1
1492 1
1493 1
1494 1
1496 3
1499 2
1501 2
1504 2
1506 1
1507 1
1508 2
1510 2
1511 2
1512 1
1513 1
1519 1
1520 1
1521 1
1523 1
1527 1
1544 1
1551 1
1561 1
