100 3000 50
0 258789
1 7
2 1
3 7
4 1
5 2
6 2
7 2
8 3
9 3
10 1
11 3
12 2
13 2
14 2
15 2
16 2
17 1
19 2
20 1
21 1
22 2
23 1
25 2
26 3
27 2
28 1
29 2
31 3
33 1
34 2
36 2
37 1
38 1
39 2
40 1
42 1
43 1
45 1
46 1
47 1
50 2
51 2
55 2
57 3
58 1
63 1
65 1
69 1
72 1
73 1
76 1
78 1
81 1
95 1
96 1
101 1
106 1
111 1
119 1
123 1
124 1
125 1
126 1
131 1
133 1
134 1
138 2
140 1
148 1
152 1
153 1
160 1
165 1
166 2
170 1
181 1
186 1
187 1
192 1
197 1
219 1
226 1
235 1
240 1
241 1
249 1
250 1
253 1
254 1
255 1
256 1
259 1
260 1
275 1
279 1
283 1
287 3
288 1
289 2
295 1
296 1
300 1
301 1
304 1
318 1
320 1
325 1
334 1
335 1
344 1
346 1
347 1
353 1
358 1
370 1
378 1
380 1
385 1
386 1
404 1
405 1
410 1
415 1
419 2
421 1
434 1
441 2
451 1
452 1
468 1
479 1
480 1
482 1
485 1
488 1
502 1
507 1
521 1
522 1
523 1
534 1
540 1
541 1
543 1
546 1
549 2
555 2
560 1
561 1
562 1
563 1
575 1
579 1
580 1
585 1
587 1
603 1
611 1
612 1
618 1
619 1
625 1
633 1
636 1
650 1
654 1
667 1
670 1
673 1
692 1
697 1
699 1
710 1
716 1
720 1
721 1
723 1
724 1
726 1
728 1
734 1
735 1
749 1
751 1
753 1
756 1
758 1
759 1
760 1
764 1
769 1
771 1
780 1
793 1
794 1
796 1
805 1
810 1
814 1
816 1
823 1
825 1
837 1
838 1
839 1
842 1
850 1
854 1
856 1
860 1
863 1
865 1
867 1
875 1
878 1
879 2
883 2
884 1
885 1
886 2
892 1
893 1
894 1
897 1
900 3
903 1
908 1
909 1
913 1
914 1
916 2
918 1
920 1
923 1
927 1
928 1
939 1
940 1
942 1
945 1
949 1
951 1
953 1
956 1
961 1
962 1
963 1
964 1
965 1
973 1
984 1
990 1
992 1
1003 1
1029 1
1038 1
1041 1
1044 1
1058 1
1059 1
1065 1
1068 1
1079 2
1081 1
1083 1
1089 1
1090 1
1091 1
1096 1
1097 1
1103 1
1104 1
1106 1
1128 1
1138 1
1146 1
1147 1
1149 1
1152 1
1153 1
1154 1
1155 1
1157 1
1161 1
1163 1
1168 1
1173 1
1177 1
1178 1
1182 1
1184 1
1187 1
1190 1
1208 1
1211 1
1217 2
1226 1
1233 1
1236 1
1238 1
1248 1
1249 1
1250 1
1251 1
1252 1
1260 1
1262 1
1267 1
1268 1
1279 1
1282 2
1286 1
1290 1
1298 1
1302 1
1303 1
1309 1
1319 1
1324 1
1329 2
1340 1
1342 1
1345 1
1352 1
1353 1
1358 1
1407 1
1415 1
1423 1
1425 1
1430 1
1434 1
1437 2
1445 1
1449 1
1450 1
1456 1
1462 1
1463 1
1464 1
1465 1
1468 1
1469 1
1471 1
1472 1
1479 1
1480 1
1483 2
1485 1
1489 1
1490 2
1491 1
1492 2
1493 1
1495 1
1497 1
1498 1
1501 1
1502 1
1503 1
1507 1
1508 2
1509 1
1511 1
1512 1
1516 1
1517 3
1518 1
1534 1
1535 1
1536 1
1537 1
1538 1
1562 1
1575 1
