100 3000 50
0 258846
1 2
3 1
5 1
7 1
8 1
10 1
11 2
14 1
16 1
18 3
22 1
24 1
25 1
26 2
27 2
28 3
29 1
31 1
32 2
33 1
38 2
41 1
42 1
44 1
47 3
51 1
54 1
56 1
57 1
58 1
64 1
65 1
67 1
74 1
75 1
78 1
84 1
93 2
98 1
100 1
108 1
111 1
112 1
115 1
119 1
131 1
138 1
142 1
151 1
153 1
161 1
174 1
175 1
178 1
179 1
181 1
194 2
205 2
217 1
219 1
220 1
222 1
224 1
227 1
228 1
230 1
241 1
244 1
247 1
253 1
259 1
274 1
278 1
284 1
285 2
288 1
290 2
291 1
297 1
300 1
305 1
308 2
311 1
313 1
315 1
320 2
324 1
326 1
342 1
349 1
356 1
367 2
368 1
372 1
374 1
377 1
384 1
386 1
393 1
405 1
431 1
442 1
447 1
478 1
480 1
487 1
488 1
495 1
510 1
511 1
515 1
530 1
531 1
535 1
545 1
552 1
561 1
562 1
566 2
569 1
580 1
585 1
595 1
597 1
598 1
603 1
607 1
614 1
615 1
622 2
625 1
626 2
629 2
636 1
639 1
641 1
652 1
660 1
667 1
672 1
691 1
694 1
695 1
703 1
707 1
712 1
722 2
736 1
761 1
768 1
769 1
774 1
783 1
785 1
790 1
796 2
805 1
810 2
817 1
820 1
824 1
828 1
838 2
839 1
841 1
843 1
846 1
848 1
852 1
857 1
860 1
861 1
864 2
868 1
869 1
872 1
880 1
882 1
884 1
888 1
889 1
891 1
893 1
895 1
896 1
897 1
899 1
901 1
912 2
913 1
914 2
917 2
918 1
920 1
926 1
927 1
928 1
931 1
932 1
934 2
935 1
939 1
940 1
941 1
950 2
963 3
967 1
975 1
983 1
984 1
987 1
993 1
1011 1
1014 1
1022 1
1028 1
1032 1
1037 1
1049 1
1055 2
1056 1
1058 1
1065 1
1068 1
1087 1
1090 1
1092 1
1101 1
1103 1
1104 1
1117 1
1124 1
1133 1
1137 1
1138 1
1139 1
1148 1
1156 1
1160 1
1161 2
1172 1
1174 1
1177 1
1179 1
1180 1
1181 1
1182 1
1185 2
1187 2
1192 1
1193 1
1196 1
1198 2
1204 1
1206 1
1208 1
1213 1
1219 2
1221 1
1223 1
1226 1
1230 1
1233 2
1245 1
1259 1
1270 1
1273 1
1277 2
1293 1
1297 2
1311 2
1312 1
1316 1
1325 1
1327 1
1329 1
1332 1
1335 1
1355 1
1363 1
1367 1
1395 1
1399 1
1400 1
1414 2
1432 1
1439 2
1441 1
1444 1
1446 1
1455 1
1457 2
1459 1
1464 1
1467 1
1473 1
1474 1
1478 1
1479 1
1483 2
1485 1
1487 1
1488 2
1489 2
1491 2
1492 1
1496 2
1497 1
1499 1
1500 3
1501 1
1503 1
1504 1
1508 1
1509 1
1511 2
1512 2
1513 1
1514 1
1517 2
1521 2
1522 2
1526 1
1527 1
1533 1
1568 1
