100 3000 50
0 258811
1 3
3 4
4 4
5 2
6 1
7 2
9 2
11 1
12 2
13 1
14 7
15 2
16 1
20 1
22 1
23 1
24 3
26 5
27 1
28 3
29 1
30 2
31 1
34 1
36 2
38 2
39 3
40 1
42 1
44 1
45 1
49 1
54 1
55 2
58 1
59 1
60 1
61 2
63 1
70 1
71 1
72 1
77 1
82 1
85 1
88 1
89 2
93 1
98 1
101 1
115 1
118 1
121 1
130 1
134 1
136 1
139 1
146 1
149 1
150 1
151 1
162 1
163 1
167 1
173 1
174 1
188 1
201 1
215 2
219 1
222 1
228 1
243 1
244 1
248 1
250 1
259 2
261 1
262 2
269 1
284 1
286 1
289 2
290 2
292 1
295 1
296 1
297 1
300 1
302 1
303 1
305 1
307 2
316 1
323 1
325 1
326 2
329 1
330 1
333 1
347 1
348 1
349 1
351 1
357 1
385 1
386 1
393 1
394 1
399 1
401 1
404 1
408 1
419 1
445 1
446 1
462 1
465 1
481 1
488 1
499 2
501 1
508 1
511 1
513 1
532 1
533 1
544 1
553 1
554 1
555 1
561 1
563 1
568 1
569 1
575 1
576 1
585 1
588 2
590 2
595 1
602 1
609 1
610 1
615 1
617 1
623 1
627 1
635 1
643 1
659 1
667 1
681 1
687 1
697 1
699 2
706 1
713 1
714 1
728 1
731 1
732 2
736 1
741 1
751 1
764 1
771 1
781 2
786 1
789 1
792 1
794 1
796 1
803 1
805 1
809 1
816 1
819 1
826 2
828 2
829 1
837 1
842 1
845 1
850 1
855 2
856 1
858 1
862 1
866 2
869 1
872 1
874 1
880 1
882 1
887 1
890 1
892 2
897 1
898 1
904 1
905 1
906 1
909 1
911 1
913 1
914 1
916 1
917 1
924 1
931 1
934 1
935 1
937 1
939 2
940 1
941 1
942 1
947 2
949 1
951 1
952 1
953 1
956 1
958 1
963 1
965 1
981 1
983 1
1013 1
1020 1
1030 1
1033 1
1035 1
1043 1
1047 1
1058 1
1062 1
1063 1
1064 1
1071 1
1080 1
1082 1
1092 1
1094 1
1100 1
1105 1
1106 1
1113 1
1115 1
1123 1
1130 1
1135 2
1138 1
1139 1
1147 1
1157 1
1158 1
1160 1
1161 1
1164 1
1168 1
1170 1
1171 1
1172 1
1173 1
1181 1
1185 1
1186 1
1189 1
1190 1
1191 2
1196 1
1199 1
1200 1
1209 1
1217 1
1218 1
1220 1
1228 1
1234 1
1247 1
1252 1
1254 1
1256 1
1259 1
1260 1
1261 1
1262 1
1269 1
1270 1
1285 1
1287 1
1292 1
1305 1
1308 1
1309 2
1318 2
1319 1
1324 1
1329 1
1331 1
1340 1
1344 1
1363 2
1372 1
1376 1
1399 1
1414 2
1422 1
1443 2
1454 2
1462 1
1463 1
1464 1
1465 1
1468 2
1469 4
1473 1
1477 2
1481 1
1483 2
1487 2
1488 2
1490 1
1491 1
1497 1
1498 1
1502 1
1503 1
1505 1
1508 2
1509 1
1510 1
1512 2
1513 2
1516 1
1517 1
1524 1
1531 2
1532 1
1535 1
1536 1
1537 1
1542 1
1545 1
1603 1
