5 300000 40
0 1050000
1 104406
2 38824
3 21511
4 13953
5 9637
6 7492
7 5642
8 4689
9 3860
10 3189
11 2675
12 2404
13 2089
14 1879
15 1588
16 1465
17 1287
18 1228
19 1088
20 953
21 919
22 836
23 767
24 739
25 647
26 588
27 538
28 513
29 490
30 427
31 433
32 399
33 345
34 381
35 329
36 308
37 313
38 296
39 275
40 246
41 277
42 239
43 252
44 183
45 188
46 203
47 161
48 179
49 157
50 163
51 161
52 136
53 139
54 128
55 128
56 120
57 111
58 118
59 119
60 97
61 97
62 97
63 90
64 93
65 91
66 75
67 88
68 78
69 65
70 64
71 53
72 57
73 69
74 61
75 60
76 60
77 68
78 51
79 38
80 60
81 41
82 43
83 43
84 42
85 41
86 30
87 37
88 33
89 43
90 48
91 33
92 39
93 39
94 23
95 26
96 30
97 32
98 20
99 24
100 26
101 24
102 17
103 20
104 24
105 19
106 20
107 17
108 19
109 18
110 20
111 16
112 19
113 18
114 19
115 22
116 22
117 8
118 10
119 17
120 14
121 8
122 15
123 12
124 16
125 12
126 11
127 6
128 12
129 9
130 4
131 10
132 7
133 10
134 11
135 11
136 14
137 5
138 14
139 12
140 9
141 9
142 8
143 11
144 5
145 8
146 8
147 4
148 5
149 5
150 6
151 6
152 6
153 4
154 3
155 3
156 6
157 1
158 5
159 2
160 3
161 4
162 5
163 2
164 2
165 4
166 4
167 3
168 4
169 6
170 3
171 4
172 2
173 3
174 2
175 1
176 5
177 3
178 5
179 2
180 3
181 7
182 4
183 2
184 1
186 3
187 1
188 5
189 1
190 3
191 2
192 1
193 2
194 6
196 2
197 1
198 3
199 4
200 3
201 1
202 2
205 1
206 1
207 3
208 4
209 2
210 3
211 1
212 1
213 1
214 1
215 3
217 2
218 1
219 1
221 1
222 1
224 1
226 1
227 2
228 1
232 1
233 1
234 1
236 1
237 1
238 1
239 1
245 1
247 2
250 1
251 1
252 1
254 1
255 1
269 1
280 1
281 1
282 1
290 1
296 1
304 1
310 1
324 1
329 1
338 1
342 1
352 1
355 1
364 1
386 1
408 1
410 1
489 1
