5 300000 40
0 800000
1 249092
2 88907
3 45954
4 28127
5 18827
6 13228
7 9793
8 7488
9 5902
10 4510
11 3718
12 2995
13 2507
14 2108
15 1649
16 1519
17 1234
18 1055
19 875
20 797
21 657
22 595
23 498
24 444
25 399
26 365
27 312
28 245
29 217
30 201
31 183
32 161
33 150
34 121
35 104
36 96
37 83
38 89
39 51
40 75
41 55
42 57
43 46
44 31
45 38
46 32
47 35
48 22
49 20
50 22
51 15
52 19
53 15
54 14
55 13
56 8
57 6
58 12
59 8
60 7
61 7
62 9
63 11
64 6
65 4
66 5
67 4
69 3
70 5
72 4
74 3
75 2
78 1
79 1
80 1
81 1
83 2
86 1
91 1
93 1
95 1
97 1
105 1
