5 300000 40
0 850000
1 216589
2 78243
3 41142
4 25627
5 17313
6 12489
7 9259
8 7286
9 5867
10 4548
11 3775
12 3043
13 2625
14 2289
15 1834
16 1681
17 1425
18 1171
19 1048
20 895
21 829
22 703
23 625
24 568
25 515
26 434
27 403
28 361
29 305
30 311
31 248
32 246
33 193
34 163
35 138
36 147
37 127
38 135
39 107
40 111
41 91
42 84
43 74
44 74
45 67
46 55
47 43
48 43
49 41
50 40
51 45
52 27
53 29
54 29
55 24
56 19
57 16
58 22
59 19
60 14
61 10
62 11
63 11
64 10
65 14
66 9
67 9
68 7
69 15
70 13
71 5
72 6
73 5
74 7
75 5
76 6
77 3
78 2
79 3
80 2
81 6
82 6
83 5
84 4
86 2
87 3
88 3
89 2
90 1
91 2
93 2
96 1
99 2
100 1
101 3
102 1
103 2
107 2
109 1
111 1
116 1
117 1
122 1
170 1
