5 300000 40
0 1150000
1 57728
2 21832
3 12041
4 7937
5 5492
6 4389
7 3294
8 2763
9 2410
10 1979
11 1639
12 1484
13 1313
14 1121
15 1049
16 934
17 873
18 815
19 711
20 651
21 618
22 610
23 531
24 495
25 486
26 421
27 396
28 378
29 385
30 333
31 319
32 320
33 266
34 280
35 247
36 243
37 258
38 205
39 234
40 221
41 214
42 175
43 184
44 186
45 195
46 184
47 149
48 154
49 154
50 149
51 162
52 161
53 125
54 122
55 115
56 122
57 109
58 114
59 110
60 109
61 106
62 109
63 80
64 79
65 88
66 101
67 76
68 86
69 68
70 71
71 72
72 72
73 76
74 79
75 61
76 71
77 76
78 65
79 73
80 66
81 57
82 81
83 48
84 55
85 52
86 52
87 47
88 54
89 51
90 53
91 56
92 47
93 40
94 46
95 46
96 35
97 46
98 36
99 41
100 35
101 27
102 40
103 43
104 31
105 32
106 40
107 35
108 35
109 31
110 34
111 30
112 30
113 22
114 33
115 25
116 33
117 26
118 34
119 27
120 27
121 25
122 24
123 26
124 28
125 24
126 27
127 25
128 24
129 24
130 18
131 19
132 19
133 20
134 21
135 17
136 20
137 22
138 27
139 20
140 18
141 20
142 25
143 24
144 20
145 16
146 28
147 17
148 10
149 20
150 18
151 21
152 15
153 19
154 21
155 16
156 14
157 15
158 21
159 20
160 13
161 16
162 9
163 16
164 15
165 13
166 17
167 15
168 10
169 5
170 17
171 12
172 18
173 16
174 6
175 10
176 14
177 14
178 12
179 6
180 11
181 12
182 10
183 12
184 15
185 9
186 12
187 11
188 17
189 11
190 8
191 9
192 8
193 7
194 8
195 7
196 6
197 7
198 6
199 5
200 9
201 6
202 4
203 7
204 10
205 5
206 7
207 10
208 4
209 6
210 9
211 11
212 9
213 6
214 7
215 5
216 4
217 12
218 7
219 9
220 11
221 5
222 7
223 6
224 7
225 15
226 5
227 8
228 6
229 5
230 9
231 4
232 6
233 5
234 5
235 4
236 2
237 7
238 4
239 7
240 4
241 5
242 4
243 4
244 6
245 8
246 8
247 3
248 3
249 6
250 6
251 4
252 4
253 2
254 2
255 7
256 4
257 2
258 4
259 2
260 6
261 4
262 8
263 6
264 8
265 3
266 6
267 7
268 4
269 3
270 1
271 6
272 4
273 1
274 3
275 1
276 2
279 4
280 3
281 3
282 3
283 2
284 3
285 4
286 3
287 3
288 5
289 4
290 1
291 2
292 2
293 5
294 5
295 2
296 1
297 4
299 3
300 4
301 2
303 4
304 2
305 3
307 2
308 1
309 1
310 1
311 2
312 6
313 1
314 3
315 3
316 1
317 1
318 3
319 2
321 2
322 2
323 1
324 3
326 5
327 3
328 2
330 3
331 5
332 1
333 5
334 5
335 3
336 2
337 1
338 1
339 3
340 2
342 1
344 1
345 2
346 4
347 1
348 1
349 1
351 1
352 1
353 1
354 4
355 3
358 1
360 1
365 2
366 4
368 2
369 1
371 1
372 1
374 2
375 1
376 2
377 2
378 1
379 1
380 2
383 1
385 1
387 2
388 1
389 2
391 1
392 1
395 1
396 1
397 2
399 1
400 2
401 2
402 2
403 1
404 2
408 1
410 3
411 1
412 1
413 1
414 1
418 1
419 1
420 2
421 1
422 1
425 1
428 2
429 1
430 1
431 2
434 1
435 1
437 1
439 1
440 1
442 2
447 1
453 1
460 1
462 1
464 1
466 1
467 1
471 1
472 1
476 2
481 1
484 1
485 1
489 2
491 1
494 1
498 1
504 1
505 1
508 2
512 1
513 1
518 1
525 1
530 1
532 1
542 1
549 1
554 2
561 1
570 1
571 1
579 1
580 1
586 1
609 1
615 1
624 1
626 1
649 1
654 1
677 1
681 1
702 1
719 2
725 1
730 1
742 1
764 1
787 1
789 1
807 1
827 1
853 1
922 1
1004 1
