5 300000 40
0 1100000
1 80127
2 30050
3 16792
4 10923
5 7574
6 6013
7 4489
8 3724
9 3165
10 2573
11 2240
12 1992
13 1706
14 1484
15 1366
16 1228
17 1154
18 1046
19 931
20 821
21 813
22 739
23 648
24 649
25 566
26 535
27 541
28 472
29 429
30 385
31 408
32 375
33 357
34 353
35 315
36 297
37 281
38 282
39 252
40 249
41 244
42 230
43 240
44 239
45 215
46 234
47 168
48 184
49 158
50 174
51 158
52 146
53 145
54 137
55 126
56 136
57 124
58 103
59 98
60 115
61 99
62 110
63 99
64 95
65 83
66 85
67 111
68 74
69 90
70 84
71 72
72 69
73 80
74 70
75 71
76 68
77 65
78 69
79 53
80 66
81 60
82 62
83 57
84 55
85 56
86 47
87 44
88 43
89 35
90 43
91 38
92 40
93 41
94 36
95 35
96 37
97 31
98 27
99 30
100 31
101 33
102 36
103 35
104 33
105 32
106 42
107 30
108 27
109 22
110 32
111 22
112 25
113 28
114 21
115 23
116 26
117 31
118 27
119 20
120 33
121 27
122 16
123 12
124 21
125 15
126 18
127 23
128 23
129 11
130 17
131 15
132 15
133 23
134 13
135 18
136 20
137 18
138 13
139 19
140 18
141 17
142 22
143 16
144 10
145 10
146 9
147 12
148 17
149 7
150 11
151 15
152 13
153 15
154 15
155 10
156 6
157 12
158 10
159 12
160 11
161 10
162 12
163 10
164 11
165 9
166 8
167 4
168 11
169 5
170 16
171 6
172 2
173 2
174 8
175 4
176 6
177 4
178 4
179 2
180 4
181 4
182 9
183 4
184 8
185 10
186 3
187 6
188 4
189 7
190 2
191 6
192 6
193 4
194 1
195 3
196 4
197 2
198 5
199 4
200 4
201 6
202 2
203 3
204 5
205 7
206 6
207 4
208 4
209 9
210 3
211 4
212 4
213 8
214 2
215 6
216 3
217 3
218 4
219 2
220 4
221 1
222 1
223 5
224 3
225 4
226 4
227 3
228 3
229 2
230 6
231 2
232 2
233 5
234 5
235 2
236 4
237 1
239 5
240 1
242 2
243 3
244 4
245 2
247 1
248 2
249 3
250 2
252 2
253 1
254 1
255 1
256 1
257 5
258 2
260 2
261 2
262 2
263 3
265 2
266 4
267 3
268 1
269 1
271 2
273 2
274 3
276 1
277 1
278 1
281 1
285 3
287 2
289 2
291 2
292 1
294 1
298 2
299 1
301 1
304 1
305 1
306 2
307 1
308 1
310 1
311 2
312 1
313 4
321 1
328 1
329 1
332 1
335 1
336 2
338 1
340 1
342 1
344 1
351 1
355 1
361 1
364 1
366 1
373 1
374 1
375 2
376 2
377 1
393 1
402 1
403 1
404 2
405 1
424 1
433 1
444 1
448 1
454 1
462 1
463 1
465 1
475 1
481 1
489 1
551 1
553 1
613 1
637 1
672 1
