5 300000 40
0 1250000
1 17129
2 6367
3 3563
4 2313
5 1648
6 1283
7 1039
8 819
9 720
10 602
11 531
12 448
13 374
14 409
15 334
16 272
17 274
18 266
19 224
20 194
21 171
22 194
23 172
24 174
25 141
26 136
27 135
28 111
29 131
30 108
31 106
32 100
33 91
34 101
35 92
36 81
37 83
38 65
39 85
40 82
41 68
42 73
43 62
44 68
45 60
46 55
47 65
48 53
49 59
50 51
51 55
52 56
53 50
54 47
55 68
56 47
57 46
58 29
59 34
60 40
61 32
62 39
63 35
64 35
65 38
66 36
67 39
68 30
69 36
70 30
71 28
72 34
73 31
74 23
75 29
76 28
77 29
78 25
79 18
80 33
81 29
82 28
83 26
84 34
85 28
86 14
87 27
88 18
89 15
90 17
91 24
92 20
93 30
94 24
95 22
96 22
97 22
98 13
99 23
100 14
101 13
102 22
103 17
104 12
105 18
106 18
107 21
108 20
109 7
110 12
111 15
112 17
113 21
114 12
115 13
116 19
117 18
118 13
119 18
120 14
121 14
122 17
123 11
124 18
125 14
126 18
127 10
128 8
129 7
130 9
131 12
132 6
133 11
134 11
135 18
136 19
137 9
138 15
139 12
140 13
141 14
142 22
143 16
144 5
145 12
146 9
147 8
148 9
149 15
150 4
151 7
152 8
153 7
154 8
155 5
156 6
157 4
158 12
159 4
160 7
161 4
162 4
163 8
164 8
165 7
166 14
167 12
168 13
169 2
170 11
171 3
172 7
173 9
174 5
175 11
176 3
177 6
178 11
179 9
180 9
181 9
182 10
183 9
184 5
185 6
186 10
187 4
188 6
189 9
190 3
191 4
192 8
193 6
194 6
195 4
196 6
197 5
198 6
199 7
200 7
201 8
202 10
203 8
204 3
205 8
206 2
207 5
208 7
209 10
210 6
212 6
213 4
214 9
215 4
216 5
217 6
218 6
219 6
220 3
221 6
222 3
223 4
224 4
225 3
226 7
227 4
228 6
229 1
230 8
231 6
232 4
233 4
234 4
235 3
236 3
237 5
238 8
239 7
240 6
241 7
242 3
243 5
244 6
245 2
246 6
247 4
249 3
250 4
251 5
252 5
253 5
254 5
255 6
256 5
257 2
258 2
260 6
261 2
262 4
263 4
264 10
265 5
266 7
267 8
268 2
269 6
270 3
271 3
272 3
273 3
274 5
275 8
276 3
277 2
278 2
279 4
280 6
281 4
282 4
283 4
284 5
285 3
286 4
287 3
288 5
289 2
290 3
291 4
292 6
293 1
294 3
295 4
296 1
297 4
299 3
300 2
301 3
302 2
303 2
304 4
305 8
306 5
307 3
308 4
309 2
310 3
311 5
312 1
313 7
314 2
315 1
316 4
317 2
318 2
319 4
320 2
321 5
322 2
323 4
324 1
325 1
326 2
327 3
328 3
329 2
330 3
331 4
333 3
334 3
335 5
336 1
337 2
338 4
339 2
340 2
341 3
342 4
343 3
344 2
345 1
346 3
347 1
348 3
349 4
350 2
351 4
352 2
353 7
354 4
355 1
356 3
357 1
359 4
361 2
362 2
363 4
364 2
365 2
366 3
367 1
368 3
369 2
370 2
371 1
372 2
373 1
374 1
375 2
376 3
377 2
378 3
379 2
380 2
381 3
383 4
384 1
385 1
386 4
387 4
388 5
389 4
391 1
392 2
393 3
394 5
395 2
396 6
397 2
398 5
399 4
401 2
402 1
403 1
404 2
405 1
406 1
407 3
408 2
409 2
410 1
411 4
413 2
414 4
415 2
416 1
417 2
419 2
420 2
421 1
422 1
423 2
424 3
425 2
426 2
427 1
428 2
430 2
431 1
432 3
433 2
434 1
435 2
436 3
438 3
439 2
440 4
442 2
443 2
444 1
446 1
447 3
448 2
449 2
450 1
451 2
452 3
454 2
455 1
457 1
460 3
461 2
463 1
465 1
466 1
467 3
469 1
470 1
471 4
472 1
473 2
474 3
475 1
476 5
477 3
478 4
480 1
483 1
484 3
485 1
486 1
487 4
488 3
489 1
491 2
492 3
493 1
494 3
495 1
496 2
497 1
498 1
499 3
500 1
501 1
502 2
503 1
504 5
506 1
507 1
510 2
511 2
512 2
514 1
515 1
517 2
522 1
523 2
524 4
525 3
526 2
527 1
528 4
529 2
530 2
532 2
533 1
534 1
535 2
537 1
538 1
540 6
541 2
542 2
543 1
544 1
545 1
546 3
548 3
549 1
551 1
552 1
553 1
554 2
555 2
557 1
558 1
560 3
563 2
564 2
565 3
566 2
568 1
570 3
572 3
573 1
574 1
575 1
578 3
581 1
582 1
583 1
584 3
585 3
587 1
588 1
589 1
590 2
591 2
593 1
594 1
596 2
597 1
598 2
601 1
603 1
605 3
607 1
608 1
609 1
611 1
612 1
614 2
615 1
616 1
619 1
622 2
623 1
625 1
628 1
634 1
635 1
636 2
639 1
640 2
641 1
642 1
646 1
647 1
650 2
651 1
653 1
654 1
655 1
656 3
657 2
658 3
659 2
660 1
661 3
662 1
664 2
665 1
670 1
671 2
672 1
675 1
676 1
677 1
678 1
679 1
680 1
681 1
684 2
690 1
691 1
692 1
693 1
696 3
698 2
699 2
700 2
701 1
702 2
703 1
704 1
705 2
708 1
711 1
715 1
716 1
718 4
719 1
720 1
721 1
722 1
727 2
728 1
731 1
733 1
734 1
735 1
738 1
739 1
740 2
741 2
745 1
748 1
754 2
755 1
756 1
757 2
758 2
760 1
761 1
763 1
767 2
768 1
770 1
772 1
775 3
776 1
778 1
780 1
782 1
785 1
787 2
790 3
791 2
792 1
793 1
794 1
796 3
799 1
804 1
805 2
809 1
810 1
811 1
812 2
817 1
819 1
820 2
821 1
826 1
827 1
828 1
830 1
832 1
838 2
840 2
841 3
842 1
845 2
855 1
857 1
858 2
859 1
861 1
862 1
868 1
873 2
874 1
878 1
881 2
883 1
884 2
890 1
891 1
898 1
900 1
901 1
903 2
905 2
907 1
910 1
914 1
917 1
920 1
922 1
928 2
931 1
932 1
935 1
936 1
940 1
943 1
944 1
950 1
951 1
960 1
962 1
964 2
966 1
967 1
969 2
972 1
974 1
979 1
986 1
988 2
991 1
993 1
994 3
1008 1
1017 2
1019 1
1021 1
1023 1
1024 1
1026 1
1029 1
1032 1
1033 1
1036 1
1039 1
1041 1
1042 1
1046 1
1048 1
1049 1
1051 1
1056 1
1064 1
1066 1
1068 1
1075 2
1077 1
1079 1
1085 1
1087 1
1088 1
1089 1
1092 1
1093 1
1094 1
1097 1
1101 1
1104 1
1110 1
1111 1
1112 1
1114 1
1115 1
1121 1
1124 1
1137 1
1138 1
1141 2
1155 1
1156 1
1157 1
1161 1
1166 1
1173 1
1179 1
1180 2
1181 1
1188 1
1192 1
1194 1
1197 1
1201 1
1214 1
1219 1
1220 1
1222 1
1235 1
1236 1
1240 1
1244 1
1249 1
1255 1
1258 1
1263 1
1271 1
1273 1
1276 1
1277 3
1282 2
1292 1
1297 1
1298 1
1312 1
1318 1
1320 1
1330 1
1332 2
1333 1
1346 1
1348 1
1349 1
1351 1
1354 1
1373 1
1387 1
1390 1
1391 1
1396 1
1406 1
1417 1
1418 1
1419 1
1439 1
1440 1
1448 1
1456 1
1462 1
1463 1
1478 1
1493 1
1494 2
1497 1
1504 1
1506 1
1508 1
1516 2
1518 1
1526 1
1530 1
1531 1
1532 1
1534 1
1556 1
1561 1
1570 2
1572 1
1588 1
1616 1
1634 1
1639 1
1641 1
1653 1
1659 1
1662 1
1668 1
1685 1
1690 1
1696 1
1709 1
1711 1
1723 1
1724 1
1735 1
1738 1
1743 1
1771 1
1772 1
1774 1
1779 1
1791 1
1801 1
1802 1
1805 2
1807 1
1814 1
1822 1
1827 1
1832 1
1840 1
1849 1
1865 1
1876 1
1885 1
1895 1
1903 1
1918 1
1923 1
1942 1
1943 1
1973 1
1976 1
1980 1
1986 1
2000 2
2003 1
2012 1
2051 1
2065 1
2073 1
2076 1
2077 1
2089 1
2090 1
2104 1
2113 1
2126 1
2132 1
2147 1
2190 1
2192 1
2194 1
2217 1
2221 1
2230 1
2246 1
2252 1
2260 1
2284 1
2299 1
2310 1
2324 1
2365 1
2386 1
2388 1
2410 1
2414 1
2508 1
2526 1
2530 1
2533 1
2560 1
2570 1
2589 1
2606 1
2623 1
2640 1
2641 1
2684 1
2697 1
2712 1
2723 1
2745 1
2799 1
2826 1
2866 1
2947 1
2958 1
3020 1
3080 1
3090 1
3124 1
3135 1
3157 1
3179 1
3180 1
3228 1
3395 1
3510 1
3629 1
3676 1
3760 1
4025 1
4634 1
4648 1
4819 1
5523 1
5897 1
6203 1
6844 1
