5 300000 40
0 950000
1 157002
2 57849
3 31329
4 19885
5 13734
6 10361
7 7745
8 6307
9 5069
10 4113
11 3478
12 2979
13 2575
14 2246
15 1881
16 1705
17 1522
18 1392
19 1144
20 1099
21 1004
22 861
23 782
24 716
25 638
26 614
27 523
28 478
29 433
30 413
31 389
32 388
33 374
34 325
35 289
36 271
37 245
38 210
39 224
40 191
41 165
42 168
43 177
44 148
45 151
46 131
47 120
48 120
49 104
50 114
51 82
52 88
53 90
54 78
55 81
56 55
57 73
58 68
59 60
60 51
61 49
62 47
63 44
64 39
65 46
66 35
67 33
68 40
69 37
70 34
71 28
72 23
73 36
74 19
75 26
76 18
77 12
78 24
79 18
80 12
81 12
82 18
83 14
84 16
85 17
86 11
87 7
88 13
89 14
90 8
91 10
92 9
93 10
94 10
95 7
96 6
97 10
98 7
99 7
100 4
101 3
102 11
103 7
104 3
105 6
106 6
107 9
108 9
109 3
110 6
111 2
112 2
113 5
115 2
116 5
117 6
118 4
119 3
121 2
123 2
124 2
126 6
127 1
128 1
130 1
131 1
132 1
133 2
134 1
135 1
136 3
137 1
138 2
139 2
140 2
143 1
144 1
145 1
146 1
151 2
152 2
155 1
156 1
167 1
168 1
173 1
175 1
180 1
181 1
194 1
202 3
225 1
