5 300000 40
0 1200000
1 36784
2 13809
3 7769
4 4990
5 3544
6 2797
7 2131
8 1775
9 1551
10 1286
11 1073
12 929
13 883
14 746
15 688
16 576
17 589
18 537
19 504
20 424
21 446
22 386
23 360
24 343
25 303
26 297
27 281
28 256
29 282
30 227
31 221
32 217
33 203
34 197
35 172
36 152
37 179
38 159
39 166
40 174
41 142
42 135
43 124
44 131
45 120
46 124
47 130
48 103
49 123
50 97
51 116
52 118
53 91
54 93
55 97
56 98
57 85
58 89
59 79
60 72
61 72
62 96
63 80
64 79
65 67
66 69
67 60
68 64
69 54
70 63
71 67
72 52
73 66
74 54
75 64
76 49
77 60
78 54
79 52
80 51
81 57
82 51
83 47
84 55
85 41
86 46
87 33
88 51
89 42
90 40
91 40
92 33
93 39
94 32
95 41
96 31
97 38
98 36
99 46
100 24
101 37
102 31
103 27
104 28
105 30
106 25
107 32
108 25
109 32
110 31
111 29
112 36
113 39
114 26
115 30
116 31
117 22
118 35
119 19
120 28
121 17
122 25
123 27
124 20
125 23
126 21
127 18
128 19
129 22
130 25
131 27
132 16
133 26
134 29
135 20
136 21
137 19
138 14
139 16
140 14
141 21
142 23
143 17
144 18
145 11
146 13
147 12
148 12
149 17
150 14
151 13
152 12
153 9
154 14
155 17
156 19
157 21
158 12
159 20
160 10
161 15
162 12
163 17
164 15
165 16
166 14
167 9
168 13
169 14
170 18
171 9
172 10
173 20
174 13
175 14
176 10
177 16
178 18
179 12
180 7
181 12
182 12
183 12
184 11
185 10
186 13
187 9
188 12
189 8
190 14
191 8
192 14
193 13
194 10
195 10
196 8
197 11
198 12
199 11
200 8
201 14
202 14
203 9
204 15
205 7
206 17
207 11
208 8
209 9
210 9
211 13
212 14
213 12
214 8
215 10
216 4
217 7
218 8
219 7
220 10
221 4
222 7
223 4
224 6
225 10
226 12
227 11
228 6
229 7
230 5
231 6
232 8
233 6
234 5
235 3
236 8
237 12
238 10
239 4
240 3
241 4
242 9
243 4
244 3
245 7
246 8
247 7
248 1
249 6
250 6
251 6
252 7
253 6
254 11
255 8
256 6
257 5
258 5
259 6
260 11
261 7
262 3
263 9
264 5
265 5
266 8
267 6
268 4
269 9
270 5
271 4
272 6
273 3
274 2
275 4
276 4
277 10
278 3
279 3
280 5
281 6
282 11
283 8
284 6
285 7
286 4
287 4
288 3
289 6
290 2
291 3
292 3
293 4
294 3
295 2
296 4
297 5
298 5
299 3
300 5
301 5
302 6
303 3
304 3
305 5
306 2
307 4
308 5
309 3
310 6
311 1
312 2
313 3
314 2
315 5
316 7
317 4
318 3
319 3
320 5
321 6
322 2
323 3
324 2
325 6
326 4
327 8
328 5
329 4
330 4
331 3
332 2
333 5
334 3
335 3
336 2
337 1
338 3
339 2
340 3
341 2
342 4
343 2
344 8
345 3
346 2
347 1
349 3
350 6
351 3
352 1
353 3
354 4
355 3
356 2
358 6
359 4
360 3
361 7
362 3
363 4
364 3
365 5
366 4
367 2
368 3
369 3
370 4
371 2
372 1
373 5
375 1
376 2
377 2
378 6
379 3
380 4
381 1
382 2
383 4
384 4
385 1
386 5
387 6
388 2
389 1
390 4
391 1
392 1
394 5
395 1
396 2
397 4
398 6
399 4
400 1
402 2
403 1
404 4
405 1
406 1
407 3
408 4
410 4
413 5
415 2
417 4
418 2
419 2
420 3
421 1
422 1
423 1
424 1
425 1
426 3
427 1
429 1
431 1
432 2
434 2
435 3
436 4
439 2
440 1
441 3
442 1
444 2
445 2
446 2
447 2
450 2
451 2
452 1
453 1
455 1
456 3
457 1
458 2
459 2
460 1
461 1
462 1
463 2
464 1
466 3
467 1
468 2
469 3
470 1
471 2
472 1
474 1
475 3
476 1
477 1
478 1
479 4
480 1
481 2
482 1
483 3
484 2
485 1
486 1
488 5
489 3
490 1
492 2
493 1
494 1
495 1
496 1
497 1
498 1
500 1
505 2
508 1
509 3
510 2
511 1
512 1
513 1
516 2
518 2
519 3
520 2
521 2
524 1
525 2
526 1
528 2
529 1
530 2
531 1
532 1
533 1
534 3
536 3
538 1
539 1
540 1
544 1
545 2
547 1
548 1
552 2
553 1
554 2
555 3
556 1
558 2
559 1
560 2
561 2
562 1
563 2
565 2
566 3
567 1
569 1
570 1
571 1
572 1
574 1
576 3
578 2
579 1
582 2
585 3
586 1
589 1
590 1
591 3
593 1
594 2
596 4
597 3
598 2
600 1
603 1
604 3
609 2
612 1
618 1
620 1
622 2
625 2
626 1
628 1
629 2
637 1
639 1
640 1
643 1
645 2
647 1
649 1
655 1
657 1
658 2
663 1
666 1
670 1
671 1
675 1
676 1
678 1
680 1
682 2
683 1
686 1
687 1
696 1
699 1
700 1
702 2
705 1
708 1
710 1
713 2
721 1
724 1
725 1
726 1
728 1
732 1
735 1
739 1
742 1
743 1
744 1
745 2
755 2
756 2
757 1
761 1
768 2
776 1
780 1
781 2
782 1
785 1
789 1
790 1
791 1
796 1
809 1
810 1
811 1
815 1
818 1
824 1
825 1
827 1
829 1
834 1
835 1
845 1
849 1
853 1
863 1
865 1
869 1
871 1
873 1
879 1
885 1
886 1
891 1
893 1
904 1
919 1
924 1
927 1
929 1
932 1
938 2
940 1
947 1
954 1
956 1
966 1
995 1
1002 1
1008 1
1018 1
1041 1
1042 1
1047 1
1079 1
1086 1
1095 1
1107 1
1111 1
1137 1
1148 1
1153 1
1154 1
1165 1
1184 1
1185 1
1192 1
1212 1
1239 1
1268 1
1271 1
1318 1
1326 1
1330 1
1351 1
1462 1
1517 1
1527 1
1544 1
1908 1
