5 300000 40
0 900000
1 185928
2 67942
3 36204
4 22852
5 15588
6 11535
7 8559
8 6895
9 5522
10 4469
11 3734
12 3073
13 2608
14 2296
15 1951
16 1715
17 1516
18 1341
19 1114
20 977
21 878
22 768
23 743
24 708
25 581
26 509
27 487
28 428
29 372
30 365
31 345
32 336
33 255
34 272
35 227
36 217
37 188
38 167
39 153
40 159
41 146
42 121
43 109
44 86
45 103
46 114
47 81
48 65
49 79
50 76
51 63
52 50
53 54
54 60
55 49
56 31
57 35
58 31
59 27
60 34
61 34
62 18
63 25
64 27
65 25
66 21
67 15
68 25
69 17
70 18
71 18
72 11
73 14
74 10
75 13
76 9
77 11
78 7
79 12
80 7
81 9
82 9
83 9
84 7
85 5
86 7
87 5
88 10
89 3
90 3
91 3
92 5
93 4
94 5
95 5
96 7
97 3
98 3
99 3
100 1
101 3
102 5
103 2
104 3
105 3
106 3
107 3
108 1
110 2
112 3
113 1
114 2
117 1
119 1
120 1
122 1
124 1
125 1
126 1
127 1
128 1
133 1
135 1
139 1
157 1
164 1
175 1
189 1
