5 300000 40
0 1000000
1 129862
2 48085
3 26410
4 16952
5 11743
6 8978
7 6843
8 5467
9 4518
10 3740
11 3154
12 2677
13 2386
14 2051
15 1781
16 1621
17 1483
18 1351
19 1178
20 1064
21 999
22 834
23 847
24 773
25 647
26 590
27 572
28 497
29 479
30 444
31 403
32 386
33 399
34 382
35 347
36 312
37 306
38 269
39 248
40 210
41 222
42 234
43 190
44 180
45 192
46 162
47 171
48 123
49 136
50 137
51 132
52 101
53 117
54 118
55 102
56 92
57 95
58 99
59 83
60 83
61 79
62 77
63 59
64 67
65 60
66 58
67 58
68 62
69 55
70 53
71 51
72 44
73 51
74 45
75 34
76 54
77 26
78 28
79 32
80 26
81 27
82 29
83 33
84 34
85 18
86 32
87 18
88 23
89 22
90 18
91 18
92 15
93 18
94 12
95 21
96 9
97 17
98 22
99 14
100 17
101 19
102 11
103 12
104 13
105 12
106 11
107 15
108 13
109 7
110 7
111 7
112 13
113 11
114 8
115 10
116 4
117 8
118 5
119 2
120 11
121 9
122 6
123 8
124 9
125 7
126 6
127 3
128 6
129 5
130 4
131 8
132 3
133 1
134 2
135 1
136 4
137 3
138 1
139 4
140 3
141 1
142 2
143 3
144 3
145 3
146 5
147 3
148 4
150 3
151 2
152 2
153 5
155 2
156 1
157 2
158 2
160 1
161 4
162 4
164 1
165 1
166 2
167 2
168 1
170 1
171 1
172 1
173 1
174 1
175 1
176 1
177 1
178 2
181 3
187 2
192 2
193 1
194 1
199 1
209 1
211 1
215 1
217 1
219 1
225 1
226 1
227 1
228 1
230 1
244 1
264 1
270 1
279 1
294 1
321 1
370 1
