100 3000 50
0 257123
1 22
2 11
3 20
4 15
5 19
6 11
7 10
8 9
9 8
10 9
11 15
12 13
13 12
14 10
15 14
16 18
17 12
18 12
19 11
20 12
21 16
22 9
23 19
24 10
25 13
26 14
27 10
28 16
29 11
30 18
31 14
32 14
33 8
34 13
35 18
36 12
37 9
38 9
39 7
40 11
41 12
42 18
43 11
44 13
45 14
46 9
47 11
48 9
49 15
50 12
51 13
52 6
53 8
54 9
55 11
56 15
57 9
58 7
59 8
60 14
61 7
62 10
63 7
64 10
65 13
66 15
67 7
68 18
69 8
70 7
71 10
72 11
73 15
74 8
75 11
76 13
77 7
78 11
79 4
80 11
81 12
82 12
83 14
84 14
85 13
86 11
87 12
88 10
89 9
90 10
91 14
92 12
93 13
94 5
95 8
96 12
97 8
98 11
99 10
100 8
101 7
102 11
103 7
104 12
105 13
106 10
107 14
108 9
109 15
110 5
111 11
112 6
113 11
114 9
115 11
116 12
117 10
118 8
119 7
120 11
121 8
122 11
123 11
124 20
125 8
126 7
127 13
128 6
129 6
130 4
131 8
132 8
133 4
134 10
135 7
136 13
137 7
138 4
139 9
140 8
141 13
142 10
143 12
144 4
145 8
146 8
147 10
148 10
149 5
150 9
151 4
152 11
153 6
154 9
155 7
156 6
157 10
158 10
159 11
160 5
161 8
162 5
163 5
164 12
165 7
166 7
167 6
168 3
169 5
170 3
171 9
172 7
173 6
174 4
175 8
176 9
177 5
178 7
179 10
180 3
181 6
182 9
183 10
184 4
185 4
186 4
187 9
188 7
189 3
190 8
191 3
192 7
193 3
194 6
195 7
196 5
197 2
198 7
199 8
201 4
202 4
203 3
204 3
205 7
206 6
207 4
208 4
209 8
210 7
211 7
212 5
213 7
214 3
215 1
216 4
217 5
218 6
219 4
220 4
221 2
222 3
223 3
224 2
225 4
226 5
227 1
228 4
229 2
230 5
231 4
232 2
233 2
234 2
235 2
236 3
237 4
238 2
239 3
240 4
241 6
242 4
243 5
244 7
245 2
246 2
247 6
248 5
249 1
250 3
251 1
252 2
253 2
254 2
255 4
256 3
257 4
258 3
259 2
260 5
262 2
263 4
264 4
265 5
266 1
267 1
268 3
269 5
270 5
271 4
272 2
273 1
274 6
275 1
276 3
277 2
278 4
279 1
280 4
281 4
283 3
284 3
285 2
286 2
287 3
288 1
289 3
290 5
292 3
293 2
294 3
295 3
296 1
298 5
299 2
300 4
301 3
302 5
305 1
306 1
307 2
308 1
309 4
310 1
311 4
312 3
313 1
314 3
316 1
317 4
318 3
319 1
320 2
321 1
323 1
325 2
326 1
328 4
329 2
331 1
332 1
333 1
334 1
335 2
336 5
337 1
338 1
339 3
340 2
341 1
342 1
345 3
346 1
347 1
348 1
349 1
351 1
352 1
354 1
355 3
356 2
357 1
358 1
359 1
360 1
361 1
362 1
365 1
367 1
368 2
370 1
374 1
375 1
377 1
378 1
381 1
383 1
384 3
385 1
386 1
392 1
394 1
399 1
400 1
405 2
411 1
416 1
420 1
421 1
425 1
429 1
430 1
433 1
443 1
446 1
452 1
454 1
459 1
462 2
465 1
466 2
470 1
475 1
489 1
492 1
502 1
521 1
532 1
540 1
563 1
