100 3000 50
0 257912
1 16
2 3
3 2
4 5
5 4
6 10
7 4
8 3
9 6
10 5
11 3
12 4
13 5
14 4
15 5
16 4
17 8
18 7
19 4
20 4
21 4
22 3
23 2
24 6
25 6
26 4
27 5
28 6
29 4
30 4
31 4
32 5
33 6
34 5
35 3
36 3
37 6
38 4
39 9
40 3
41 7
42 1
43 9
44 7
45 4
46 2
47 5
48 1
49 8
50 6
51 5
52 5
53 4
54 6
55 8
56 3
57 7
58 10
59 5
60 4
61 5
62 2
63 5
64 5
65 8
66 1
67 5
68 11
69 4
70 5
71 5
72 5
73 4
74 3
75 7
76 6
77 12
78 2
79 8
80 6
81 5
82 7
83 5
84 8
85 6
86 10
87 4
88 3
89 7
90 7
91 9
92 6
93 8
94 1
95 3
96 4
97 5
98 5
99 3
100 8
101 6
102 4
103 4
104 7
105 4
106 3
107 2
108 5
109 2
110 7
111 3
112 3
113 10
114 6
115 5
116 2
117 4
118 4
119 3
120 7
121 6
122 3
123 5
124 3
125 2
126 2
127 7
128 6
129 3
130 8
131 8
132 4
133 7
134 5
135 5
136 8
137 4
138 8
139 5
140 4
141 2
142 2
143 2
144 2
145 3
146 4
147 5
148 6
149 4
150 4
151 3
152 2
153 6
154 5
155 4
156 5
157 4
158 2
159 11
160 4
161 7
162 3
163 7
164 5
165 4
167 6
168 5
169 3
170 4
171 3
172 7
173 6
174 2
175 6
176 3
177 6
178 4
179 3
180 6
181 3
182 4
183 3
184 4
185 9
186 4
187 8
188 4
189 5
190 3
191 6
192 5
193 5
194 5
195 5
196 1
197 5
198 5
199 3
200 7
201 6
202 4
203 4
204 3
205 4
206 3
207 7
208 9
209 2
210 3
211 5
212 7
213 2
214 3
215 3
216 2
217 4
218 5
219 5
220 7
221 4
222 4
223 6
224 2
225 6
226 1
227 3
228 3
229 3
230 8
231 4
232 5
233 2
234 3
235 3
236 5
237 3
239 3
240 3
241 5
242 3
243 4
244 3
245 5
246 1
248 7
249 5
250 5
251 3
252 4
253 2
254 3
255 5
257 2
258 3
259 4
260 2
261 4
262 3
264 5
265 3
266 3
267 4
268 2
269 1
270 1
271 2
272 2
273 3
274 2
275 5
276 3
278 3
279 1
280 1
281 5
282 2
283 7
284 2
285 2
286 4
287 4
288 3
289 1
290 5
292 1
295 2
296 3
297 7
298 2
299 1
300 2
302 1
303 1
304 2
305 5
306 4
308 3
309 1
310 4
311 2
312 1
313 2
314 3
315 1
316 2
317 6
318 2
319 2
320 3
322 4
323 2
324 2
326 5
327 4
328 3
329 1
330 2
331 2
332 3
333 2
334 4
335 2
336 1
337 1
339 3
340 2
341 4
342 4
343 1
344 1
347 2
348 4
349 2
350 1
351 2
353 5
354 4
355 2
356 2
357 1
359 3
361 2
364 1
365 2
366 2
367 3
368 1
369 4
370 4
371 1
372 3
373 1
374 2
375 2
376 2
378 2
379 2
380 1
381 1
382 1
383 5
384 3
385 1
386 1
388 5
389 1
390 3
391 1
392 4
393 3
395 5
396 5
398 1
399 3
401 1
402 1
403 1
404 2
406 1
410 3
411 2
412 2
413 1
416 2
417 1
419 3
420 2
422 2
423 1
424 1
427 1
433 1
438 1
439 1
441 2
442 1
443 1
446 1
447 2
448 1
449 1
450 1
451 2
452 2
457 2
458 1
460 2
464 1
466 1
470 1
473 1
474 1
476 1
482 1
483 1
485 2
489 1
490 1
491 1
492 1
494 3
500 1
502 1
503 1
506 1
507 1
508 1
510 2
523 3
529 1
536 1
539 1
540 1
544 1
545 1
551 1
553 1
559 1
560 1
564 1
571 1
579 1
580 1
581 1
594 1
603 1
609 1
611 1
627 1
658 1
687 1
693 1
712 1
716 1
726 1
728 1
767 1
918 1
