100 3000 50
0 257512
1 13
2 15
3 5
4 9
5 3
6 5
7 13
8 4
9 7
10 10
11 15
12 7
13 5
14 12
15 4
16 13
17 9
18 9
19 5
20 11
21 8
22 9
23 9
24 13
25 5
26 10
27 5
28 8
29 4
30 9
31 6
32 6
33 13
34 7
35 8
36 4
37 2
38 7
39 5
40 11
41 11
42 4
43 4
44 7
45 12
46 4
47 11
48 12
49 9
50 11
51 10
52 11
53 6
54 3
55 7
56 9
57 5
58 10
59 8
60 7
61 6
62 10
63 5
64 9
65 7
66 6
67 9
68 5
69 8
70 5
71 7
72 7
73 11
74 4
75 12
76 7
77 8
78 8
79 12
80 9
81 8
82 6
83 8
84 10
85 8
86 7
87 11
88 6
89 3
90 8
91 5
92 10
93 9
94 13
95 6
96 15
97 7
98 4
99 7
100 9
101 12
102 10
103 11
104 10
105 18
106 6
107 10
108 10
109 5
110 7
111 14
112 6
113 7
114 6
115 7
116 2
117 7
118 5
119 4
120 8
121 3
122 11
123 8
124 10
125 11
126 7
127 9
128 5
129 8
130 8
131 9
132 6
133 7
134 10
135 8
136 7
137 8
138 15
139 6
140 3
141 7
142 9
143 9
144 8
145 6
146 7
147 5
148 10
149 5
150 3
151 3
152 7
153 8
154 3
155 5
156 5
157 5
158 3
159 6
160 5
161 11
162 7
163 4
164 9
165 4
166 6
167 6
168 6
169 9
170 4
171 4
172 3
173 11
174 8
175 6
176 4
177 5
178 7
179 4
180 4
181 4
182 6
183 5
184 10
185 5
186 8
187 7
188 4
189 5
190 7
191 9
192 4
193 3
194 7
195 5
196 7
197 3
198 4
199 3
200 3
201 3
202 4
203 7
204 7
205 4
206 3
207 6
208 5
209 1
210 6
212 6
213 4
214 4
215 3
216 7
217 1
218 4
219 2
220 8
221 10
222 3
224 2
225 5
226 8
227 5
228 4
229 1
230 7
231 1
232 3
233 9
234 2
235 5
236 4
237 3
238 4
239 6
240 3
241 3
242 3
243 1
244 4
245 4
246 1
247 3
248 1
249 4
250 6
251 4
252 5
253 4
254 2
255 3
256 3
257 2
258 2
259 3
261 3
262 2
264 4
265 3
266 5
267 1
268 2
269 3
270 3
271 3
272 1
273 3
274 7
275 2
276 4
277 2
278 2
280 1
281 3
282 4
283 3
284 3
285 1
286 4
287 2
288 3
289 2
290 2
291 2
292 2
293 2
294 4
295 4
296 3
297 2
298 3
299 1
301 1
303 1
304 3
305 2
306 1
307 7
308 3
309 7
310 1
311 4
312 2
314 8
315 3
316 5
317 2
318 2
319 3
320 1
322 1
323 1
324 4
325 3
326 1
327 3
329 1
330 1
331 1
332 1
333 2
334 1
335 5
337 2
338 2
339 2
340 2
341 1
342 2
343 3
344 2
345 2
346 2
347 3
348 2
349 1
350 1
351 1
353 3
354 2
355 3
356 1
357 1
358 2
359 1
360 4
361 3
362 2
364 1
365 3
366 2
369 2
370 1
371 1
372 2
375 3
376 2
377 1
378 2
383 2
384 1
385 2
386 2
389 3
390 2
392 1
395 3
396 2
397 1
398 1
399 1
401 1
402 2
405 1
408 1
416 2
419 2
422 1
426 1
427 1
431 1
432 1
433 2
434 2
448 1
453 1
457 1
468 1
470 1
475 1
477 1
481 1
484 1
486 1
489 1
492 1
493 1
505 1
506 1
514 1
522 2
526 1
532 1
549 1
562 1
563 1
567 1
571 1
576 1
590 1
596 1
601 1
726 1
