100 3000 50
0 250486
1 986
2 525
3 343
4 279
5 222
6 222
7 180
8 166
9 168
10 150
11 140
12 150
13 119
14 130
15 138
16 130
17 111
18 95
19 107
20 114
21 86
22 115
23 95
24 90
25 122
26 89
27 80
28 73
29 104
30 95
31 76
32 84
33 95
34 83
35 77
36 75
37 74
38 80
39 72
40 74
41 71
42 58
43 85
44 64
45 63
46 56
47 53
48 57
49 62
50 52
51 57
52 46
53 47
54 59
55 61
56 80
57 46
58 45
59 46
60 43
61 41
62 44
63 35
64 46
65 45
66 31
67 41
68 36
69 44
70 38
71 39
72 19
73 47
74 37
75 30
76 30
77 23
78 27
79 37
80 24
81 32
82 29
83 24
84 21
85 18
86 18
87 21
88 21
89 24
90 20
91 19
92 21
93 19
94 21
95 12
96 20
97 18
98 27
99 15
100 17
101 13
102 19
103 16
104 18
105 10
106 16
107 12
108 11
109 17
110 10
111 15
112 9
113 10
114 10
115 14
116 12
117 5
118 9
119 8
120 12
121 4
122 12
123 8
124 10
125 13
126 10
127 7
128 7
129 10
130 6
131 6
132 10
133 9
134 7
135 13
136 7
137 4
138 6
139 4
140 4
141 5
142 4
143 6
144 6
145 3
146 4
147 4
148 3
149 6
150 3
151 12
152 1
153 1
154 3
155 1
156 1
157 4
158 4
159 2
160 3
162 2
163 2
164 3
165 1
166 4
167 4
168 2
169 2
170 1
171 1
172 1
173 3
174 2
175 1
176 1
177 4
179 1
182 3
183 1
184 1
185 2
187 3
189 3
191 2
193 2
194 1
197 1
198 4
199 2
200 1
203 1
204 1
205 1
206 1
215 1
226 1
227 1
229 2
256 1
277 1
288 1
