100 3000 50
0 257742
1 4
2 6
3 12
4 6
5 5
6 8
7 7
8 7
9 5
10 5
11 5
12 4
13 2
14 7
15 5
16 9
17 12
18 8
19 10
20 6
21 5
22 5
23 6
24 7
25 7
26 4
27 5
28 4
29 6
30 6
31 4
32 5
33 10
34 3
35 6
36 7
37 5
38 5
39 5
40 2
41 3
42 5
43 6
44 9
45 4
46 4
47 10
48 9
49 9
50 6
51 8
52 7
53 7
54 8
55 5
56 7
57 6
58 8
59 2
60 6
61 5
62 4
63 6
64 5
65 5
66 9
67 9
68 5
69 6
70 11
71 5
72 8
73 4
74 11
75 7
76 7
77 7
78 3
79 7
80 6
81 8
82 6
83 4
84 8
85 11
86 9
87 11
88 6
89 8
90 5
91 4
92 8
93 7
94 5
95 6
96 4
97 2
98 5
99 6
100 5
101 8
102 12
103 7
104 8
105 4
106 6
107 6
108 8
109 11
110 8
111 5
112 8
113 5
114 11
115 6
116 7
117 2
118 3
119 5
120 10
121 10
122 4
123 3
124 8
125 11
126 5
127 8
128 3
129 1
130 10
131 7
132 9
133 4
134 10
135 5
136 7
137 2
138 6
139 5
140 8
141 5
142 3
143 3
144 7
145 5
146 7
147 6
148 5
149 7
150 6
151 8
152 9
153 8
154 8
155 1
156 4
157 2
158 8
159 6
160 4
161 10
162 6
163 4
164 4
165 3
166 3
167 3
168 3
169 5
170 4
171 3
172 4
173 1
174 5
175 6
176 6
177 3
178 4
179 4
180 6
181 3
182 8
183 6
184 3
185 2
186 8
187 3
188 4
189 2
190 2
191 6
192 8
193 5
194 6
195 6
196 4
197 3
198 4
199 1
200 8
201 4
202 5
203 7
204 4
205 4
206 5
207 1
208 2
209 4
210 4
211 5
212 6
213 2
214 4
215 6
216 6
217 4
218 2
219 4
220 6
221 5
222 6
223 7
224 5
225 8
226 7
227 6
228 5
229 4
230 2
231 3
232 3
233 2
234 5
235 3
236 2
237 3
238 3
239 1
240 1
241 3
242 1
243 2
244 5
245 9
246 2
247 5
248 2
249 2
250 3
251 3
252 4
253 6
254 4
255 5
256 4
257 1
258 2
259 3
260 4
261 3
262 2
263 1
264 3
265 2
266 6
267 1
268 4
269 3
270 2
271 1
272 2
273 2
274 2
275 4
276 4
277 2
278 3
279 1
280 3
281 2
282 2
283 5
284 4
285 2
286 3
287 5
288 2
289 4
290 3
291 2
292 1
293 1
294 1
295 3
296 2
298 2
299 1
300 4
301 2
302 2
303 2
304 4
305 2
307 2
308 1
309 4
310 5
311 2
312 3
314 1
315 4
317 3
318 4
319 3
320 1
321 2
322 2
324 3
325 3
326 3
327 1
328 2
329 1
330 5
331 3
332 3
333 1
334 3
335 7
336 1
337 2
338 2
339 2
340 2
343 1
344 2
345 2
347 3
348 1
349 3
350 2
351 3
352 2
353 3
354 1
355 3
356 2
357 2
359 2
360 3
362 4
363 3
365 1
366 2
367 3
368 1
369 3
370 3
373 3
374 2
375 3
376 1
377 2
378 4
379 3
380 2
381 1
382 2
383 1
384 3
385 2
386 2
389 1
391 3
393 1
395 1
396 1
399 3
400 2
401 1
402 2
403 2
405 1
407 1
408 1
412 2
413 4
417 1
418 1
419 1
421 1
424 2
426 2
427 3
429 1
430 3
433 1
436 1
438 3
439 1
444 1
446 1
447 1
448 1
452 1
454 1
457 1
465 1
469 2
472 1
473 2
480 1
481 1
482 1
486 1
490 1
494 1
495 1
500 1
513 1
518 1
521 1
523 1
524 1
525 1
539 1
544 1
545 1
549 1
552 1
555 1
572 1
573 1
581 1
584 1
604 1
606 1
614 1
639 1
661 1
665 1
686 1
687 1
827 1
