100 3000 50
0 253846
1 277
2 150
3 151
4 115
5 98
6 74
7 93
8 84
9 80
10 74
11 64
12 63
13 56
14 61
15 67
16 55
17 67
18 67
19 63
20 61
21 67
22 62
23 63
24 49
25 58
26 53
27 57
28 56
29 54
30 48
31 66
32 55
33 49
34 42
35 52
36 50
37 37
38 58
39 38
40 47
41 49
42 53
43 51
44 45
45 44
46 48
47 52
48 38
49 51
50 40
51 34
52 36
53 39
54 40
55 41
56 42
57 31
58 30
59 37
60 43
61 43
62 39
63 30
64 37
65 26
66 36
67 41
68 27
69 33
70 26
71 32
72 31
73 27
74 31
75 21
76 32
77 28
78 32
79 20
80 29
81 27
82 24
83 31
84 22
85 29
86 20
87 19
88 16
89 21
90 29
91 19
92 28
93 20
94 23
95 25
96 14
97 27
98 18
99 16
100 15
101 11
102 26
103 21
104 17
105 16
106 22
107 6
108 20
109 15
110 19
111 13
112 20
113 13
114 11
115 19
116 16
117 11
118 16
119 9
120 20
121 16
122 16
123 7
124 15
125 14
126 7
127 9
128 6
129 8
130 14
131 11
132 14
133 14
134 12
135 5
136 4
137 8
138 3
139 10
140 6
141 11
142 12
143 7
144 12
145 4
146 5
147 7
148 7
149 9
150 5
151 10
152 4
153 5
154 5
155 7
156 3
157 11
158 6
159 6
160 14
161 5
162 2
163 5
164 3
165 6
166 7
167 6
168 5
169 8
170 7
171 4
172 4
173 3
174 4
175 8
176 5
177 3
178 3
179 5
180 5
181 3
182 6
183 4
184 2
185 3
186 2
187 6
188 4
189 5
190 1
191 3
192 6
193 1
194 2
195 1
196 3
197 3
198 2
199 3
200 6
201 2
202 4
203 2
204 1
205 1
206 1
207 2
209 1
210 1
211 1
212 1
214 3
215 4
218 2
219 2
221 1
223 1
224 1
225 1
229 1
232 1
233 2
234 1
235 1
238 2
241 4
243 1
245 1
246 1
248 1
251 1
259 2
260 1
261 1
262 1
263 1
266 1
269 2
278 1
279 1
280 1
305 1
306 1
308 1
336 1
