100 3000 50
0 257403
1 12
2 10
3 15
4 13
5 9
6 9
7 7
8 10
9 7
10 9
11 8
12 13
13 11
14 8
15 12
16 16
17 8
18 8
19 16
20 9
21 7
22 8
23 6
24 10
25 11
26 7
27 14
28 6
29 8
30 8
31 6
32 11
33 7
34 10
35 12
36 6
37 9
38 8
39 8
40 8
41 5
42 7
43 12
44 7
45 11
46 12
47 8
48 8
49 7
50 9
51 6
52 12
53 7
54 5
55 5
56 13
57 12
58 12
59 8
60 10
61 4
62 4
63 7
64 15
65 4
66 13
67 8
68 2
69 14
70 8
71 3
72 11
73 7
74 12
75 15
76 8
77 13
78 4
79 9
80 14
81 6
82 9
83 11
84 10
85 7
86 8
87 8
88 7
89 7
90 7
91 8
92 9
93 11
94 8
95 7
96 13
97 10
98 9
99 7
100 6
101 5
102 12
103 10
104 6
105 6
106 10
107 4
108 8
109 11
110 8
111 8
112 9
113 13
114 8
115 7
116 11
117 9
118 10
119 9
120 6
121 6
122 8
123 6
124 14
125 6
126 4
127 9
128 10
129 6
130 16
131 9
132 10
133 8
134 10
135 6
136 7
137 14
138 10
139 6
140 8
141 5
142 5
143 7
144 7
145 3
146 8
147 9
148 5
149 7
150 12
151 6
152 7
153 11
154 6
155 3
156 7
157 5
158 7
159 8
160 6
161 5
162 11
163 8
164 8
165 6
166 4
167 4
168 3
169 8
170 5
171 7
172 5
173 9
174 5
175 5
176 8
177 10
178 6
179 5
180 7
181 3
182 6
183 4
184 7
185 6
186 7
187 4
188 5
189 5
190 4
191 6
192 6
193 4
194 3
195 6
196 4
197 6
198 4
199 6
200 4
201 1
202 1
203 1
204 7
205 5
206 3
207 7
208 3
209 2
210 6
211 5
212 6
213 5
214 3
215 4
216 4
217 6
218 1
219 6
220 5
221 5
222 5
223 5
224 2
225 10
226 4
227 4
228 3
229 6
230 2
231 5
232 3
233 2
234 8
235 2
236 4
237 4
238 1
239 2
240 3
241 3
242 5
243 3
244 3
245 4
246 2
247 4
248 3
249 1
250 5
251 3
253 5
254 5
255 4
256 5
257 4
258 3
259 3
260 2
261 4
262 1
263 5
264 2
265 3
266 1
267 1
268 6
270 2
271 2
272 3
273 2
274 3
275 5
276 1
277 3
278 3
279 3
281 3
282 2
283 4
284 1
285 3
286 2
287 1
288 4
289 2
290 4
291 3
292 5
293 2
295 4
296 1
297 6
298 4
299 3
301 1
302 1
303 1
304 2
306 1
307 1
308 2
309 2
310 3
311 2
312 3
313 2
314 4
315 2
316 1
317 2
318 1
319 3
320 4
321 3
322 4
324 5
325 1
326 1
327 3
328 2
329 2
330 2
331 3
332 3
333 1
334 1
335 2
336 3
337 2
338 6
339 5
340 2
342 2
343 2
344 2
346 1
348 1
349 3
350 3
351 1
353 2
354 4
355 1
356 1
357 1
358 1
359 3
362 3
364 3
367 1
372 1
374 1
375 1
376 1
377 3
379 2
380 2
383 1
384 1
385 1
388 1
390 2
391 4
392 2
393 1
395 3
396 1
397 1
401 1
404 1
405 1
407 1
413 1
417 1
419 2
420 1
424 1
425 1
431 3
439 2
443 1
448 1
455 1
459 1
460 1
462 1
463 1
464 1
482 1
489 1
502 1
506 1
513 1
514 1
516 1
524 1
529 1
537 1
546 1
552 1
555 1
564 1
569 1
613 1
638 1
