100 3000 50
0 258059
1 6
2 6
3 3
4 4
5 2
6 5
7 4
8 5
10 2
11 4
12 4
13 3
14 3
15 5
16 5
17 3
18 4
19 1
20 2
21 1
22 4
23 2
24 5
25 3
26 6
27 6
28 1
29 1
30 3
31 2
32 9
33 2
34 1
35 11
36 3
37 7
38 8
39 3
40 7
42 4
43 1
44 4
45 2
46 4
47 6
48 8
49 8
50 2
51 4
52 3
53 4
55 3
56 6
57 5
58 3
59 1
60 1
61 7
62 2
63 3
64 2
65 8
66 5
67 3
68 7
69 3
70 6
71 7
72 5
73 2
74 3
75 3
76 3
77 7
78 6
79 9
80 11
81 4
82 8
83 4
84 5
85 7
86 3
87 3
88 4
89 3
90 5
91 6
92 6
93 9
94 3
95 4
96 5
97 2
98 5
99 6
100 1
101 3
102 3
103 4
104 5
105 5
106 2
107 5
108 7
109 6
110 6
111 5
112 5
113 1
114 3
115 4
116 4
117 9
118 5
119 5
120 6
121 1
122 2
123 6
124 4
125 4
126 4
127 2
128 3
129 4
130 5
131 4
132 2
133 3
134 2
135 4
136 7
137 5
138 2
139 3
140 3
141 3
142 2
143 4
144 6
145 5
146 4
147 1
148 2
149 4
150 4
151 3
152 6
153 3
154 4
155 4
156 5
157 3
158 2
159 2
160 5
161 4
162 2
163 2
164 2
165 2
166 7
167 5
168 6
169 7
170 3
171 5
172 2
173 2
174 5
175 4
176 6
177 4
178 8
179 5
180 3
181 5
182 3
183 3
185 5
186 6
187 3
188 3
189 3
190 5
191 2
192 6
193 8
194 3
195 6
196 1
197 2
198 2
199 7
200 1
201 2
202 3
203 5
204 6
205 1
206 4
207 2
208 8
209 5
210 7
211 5
212 3
213 4
214 5
215 4
216 5
217 2
218 2
219 5
220 4
221 4
222 1
223 1
224 5
225 6
226 5
227 3
228 4
229 2
230 3
231 1
232 2
233 8
234 6
235 4
236 4
237 1
238 5
239 3
240 1
241 3
242 1
243 3
244 3
245 4
246 2
247 2
248 6
249 2
250 4
251 4
252 5
253 3
254 5
255 3
256 2
257 6
258 5
259 2
261 3
262 4
263 2
264 2
265 5
266 4
267 1
268 5
269 1
271 4
272 1
273 2
274 1
275 3
277 4
279 2
280 6
281 5
282 1
283 3
285 1
286 4
287 6
288 2
290 5
291 5
292 3
293 1
294 3
296 2
297 4
298 3
299 3
300 3
301 3
302 2
303 4
304 3
305 2
306 2
307 2
308 2
309 1
310 4
311 4
312 2
313 4
315 1
316 2
317 1
318 2
319 4
320 2
321 5
323 1
324 1
325 5
327 1
328 1
329 2
330 2
331 1
332 3
333 2
334 2
335 4
336 2
337 2
338 3
339 4
341 4
342 7
343 2
344 1
345 2
346 2
347 1
348 2
349 2
350 2
351 1
352 1
353 5
354 2
355 1
356 2
357 1
358 3
359 3
360 3
361 1
362 2
364 1
365 3
366 2
367 2
368 1
370 2
371 1
372 1
373 3
374 1
375 3
376 2
377 2
378 3
379 3
380 1
381 2
382 1
383 4
384 3
385 4
386 2
387 3
388 3
389 3
390 3
391 1
392 2
393 4
394 1
395 1
397 2
398 1
399 2
400 1
402 1
405 2
406 2
407 1
409 1
410 2
411 2
412 2
413 1
414 2
416 1
417 1
418 2
419 3
420 1
422 1
423 1
424 2
428 1
430 1
432 2
433 2
434 1
435 3
440 2
441 1
444 2
445 1
446 3
451 1
455 1
457 2
459 1
461 1
465 1
466 1
469 1
472 1
473 1
474 1
475 1
478 1
482 1
483 1
485 1
486 1
487 1
495 2
496 1
498 1
502 1
503 1
505 2
507 1
511 2
513 1
517 1
519 1
521 2
522 1
523 2
525 1
530 1
531 1
532 2
536 2
539 1
541 4
543 1
544 1
545 1
546 1
550 1
567 1
569 1
570 1
574 1
576 1
579 1
580 1
581 1
585 1
594 1
595 1
600 1
609 1
618 1
639 1
647 2
655 1
665 1
694 1
729 1
731 1
740 1
747 1
757 1
758 1
860 1
920 1
