100 3000 50
0 256549
1 47
2 23
3 22
4 18
5 18
6 14
7 24
8 15
9 23
10 15
11 16
12 26
13 30
14 15
15 20
16 17
17 20
18 24
19 18
20 20
21 20
22 24
23 29
24 15
25 19
26 17
27 17
28 14
29 14
30 18
31 19
32 13
33 18
34 21
35 17
36 23
37 16
38 21
39 14
40 16
41 19
42 16
43 21
44 19
45 17
46 13
47 16
48 15
49 17
50 15
51 18
52 20
53 17
54 17
55 20
56 10
57 22
58 16
59 19
60 22
61 17
62 19
63 13
64 18
65 14
66 11
67 14
68 21
69 15
70 19
71 13
72 16
73 14
74 12
75 16
76 17
77 9
78 11
79 15
80 12
81 17
82 19
83 14
84 19
85 18
86 18
87 14
88 19
89 20
90 13
91 6
92 17
93 14
94 17
95 20
96 9
97 13
98 14
99 12
100 21
101 11
102 9
103 7
104 14
105 9
106 13
107 17
108 20
109 14
110 15
111 9
112 11
113 16
114 12
115 11
116 9
117 20
118 7
119 8
120 7
121 12
122 13
123 10
124 14
125 11
126 11
127 8
128 11
129 11
130 8
131 8
132 8
133 13
134 9
135 13
136 18
137 10
138 13
139 11
140 7
141 7
142 8
143 6
144 9
145 12
146 14
147 13
148 6
149 8
150 10
151 7
152 6
153 6
154 11
155 13
156 6
157 10
158 7
159 7
160 9
161 15
162 4
163 9
164 11
165 6
166 3
167 10
168 9
169 8
170 4
171 5
172 8
173 10
174 10
175 4
176 3
177 7
178 6
179 5
180 6
181 5
182 5
183 8
184 9
185 7
186 6
187 7
188 3
189 3
190 3
191 3
192 6
193 3
194 3
195 6
196 11
197 1
198 2
199 2
200 4
201 2
202 6
203 7
204 6
205 5
206 4
207 2
208 5
209 4
210 5
211 1
212 4
213 6
214 4
215 4
216 2
217 3
218 5
219 7
220 4
221 5
222 2
223 7
224 3
225 2
226 9
227 2
228 3
229 4
230 6
231 7
232 2
233 2
235 4
236 4
237 3
238 3
239 5
240 4
241 6
242 3
243 4
244 6
245 1
246 2
247 5
248 2
249 3
250 3
251 3
252 5
254 5
255 1
256 2
257 2
258 4
259 2
260 2
261 1
262 1
263 3
264 4
265 4
266 1
267 3
268 2
269 2
271 1
272 4
273 3
274 2
275 3
276 2
277 2
279 2
280 1
281 1
282 1
284 3
285 2
286 1
287 2
288 5
289 3
290 1
291 3
293 1
294 1
296 2
297 1
299 1
300 1
301 2
303 1
304 1
306 1
307 1
308 1
309 3
310 1
311 1
313 1
314 1
315 1
316 4
318 1
319 2
321 2
322 1
323 2
324 2
325 1
327 1
329 1
331 1
334 1
335 2
338 1
341 2
342 2
345 1
346 2
347 2
353 1
354 1
356 2
362 1
365 1
370 2
374 1
378 1
379 1
385 2
394 1
395 1
397 1
400 1
408 1
414 1
420 1
432 1
435 1
445 1
