100 3000 50
0 255118
1 119
2 75
3 74
4 67
5 49
6 50
7 46
8 49
9 53
10 42
11 37
12 42
13 41
14 32
15 37
16 43
17 34
18 35
19 47
20 34
21 46
22 45
23 45
24 40
25 36
26 36
27 35
28 47
29 40
30 34
31 33
32 48
33 36
34 42
35 37
36 36
37 44
38 39
39 38
40 34
41 33
42 42
43 33
44 37
45 29
46 44
47 27
48 24
49 36
50 28
51 29
52 39
53 30
54 24
55 32
56 23
57 22
58 20
59 24
60 33
61 27
62 34
63 29
64 23
65 29
66 30
67 40
68 23
69 26
70 22
71 26
72 25
73 26
74 24
75 17
76 27
77 28
78 27
79 19
80 30
81 10
82 20
83 25
84 24
85 16
86 18
87 24
88 26
89 21
90 25
91 25
92 20
93 10
94 17
95 22
96 17
97 14
98 23
99 12
100 16
101 23
102 20
103 20
104 22
105 15
106 17
107 18
108 11
109 23
110 18
111 21
112 13
113 14
114 21
115 23
116 9
117 15
118 20
119 17
120 10
121 7
122 20
123 14
124 12
125 13
126 12
127 15
128 11
129 11
130 8
131 9
132 9
133 13
134 12
135 5
136 8
137 6
138 15
139 13
140 9
141 8
142 6
143 5
144 9
145 13
146 12
147 10
148 9
149 7
150 7
151 7
152 9
153 8
154 13
155 5
156 9
157 7
158 4
159 5
160 4
161 9
162 6
163 9
164 6
165 5
166 8
167 5
168 4
169 1
170 6
171 4
172 8
173 7
174 7
175 8
176 5
177 2
178 10
179 3
180 3
181 3
182 8
183 8
184 7
185 6
186 6
187 6
189 3
190 6
191 2
192 6
193 3
194 3
195 5
196 5
197 2
198 2
199 3
200 6
201 4
202 3
203 7
204 5
205 2
206 2
207 4
208 6
209 4
210 3
211 7
212 3
213 3
214 4
215 4
216 1
217 3
218 3
219 2
220 4
221 4
222 1
223 3
225 1
226 1
227 4
229 3
230 1
231 3
233 4
234 1
235 2
236 1
237 1
239 1
240 1
242 2
243 1
244 1
245 2
249 1
252 2
253 1
254 1
259 1
260 1
261 2
262 1
263 1
265 1
268 2
269 1
271 2
272 1
273 1
275 1
276 1
277 1
278 1
279 1
280 3
281 1
283 1
285 2
286 1
287 1
291 1
292 1
293 1
298 1
304 1
308 1
310 1
312 1
313 1
315 1
325 1
329 1
384 1
