100 3000 50
0 257680
1 9
2 6
3 10
4 13
5 4
6 4
7 8
8 7
9 3
10 4
11 8
12 4
13 5
14 8
15 7
16 4
17 6
18 6
19 7
20 4
21 6
22 7
23 5
24 7
25 11
26 8
27 8
28 8
29 12
30 5
31 10
32 5
33 11
34 2
35 5
36 2
37 2
38 7
39 8
40 6
41 6
42 7
43 8
44 7
45 9
46 4
47 4
48 5
49 6
50 5
51 7
52 8
53 7
54 7
55 3
56 9
57 4
58 5
59 8
60 13
61 6
62 7
63 8
64 7
65 7
66 5
67 9
68 8
69 9
70 8
71 4
72 10
73 8
74 11
75 2
76 5
77 8
78 9
79 9
80 12
81 4
82 8
83 4
84 8
85 2
86 3
87 10
88 5
89 8
90 6
91 8
92 7
93 2
94 11
95 7
96 7
97 6
98 8
99 5
100 10
101 8
102 13
103 4
104 7
105 5
106 3
107 6
108 9
109 11
110 7
111 15
112 5
113 5
114 3
115 2
116 8
117 6
118 12
119 7
120 7
121 5
122 8
123 5
124 11
125 9
126 7
127 7
128 9
129 3
130 7
131 7
132 5
133 5
134 4
135 11
136 4
137 5
138 5
139 3
140 4
141 8
142 7
143 14
144 8
145 9
146 3
147 2
148 5
149 7
150 2
151 7
152 4
153 6
154 3
155 5
156 5
157 6
158 7
159 5
160 3
161 6
162 4
163 4
164 6
165 4
166 5
167 2
168 5
169 7
170 9
171 6
172 7
173 4
174 3
175 6
176 9
177 5
178 1
179 5
180 7
181 3
182 3
183 6
184 4
185 3
186 4
187 6
188 3
189 4
190 6
191 6
192 8
193 5
194 5
195 8
196 3
197 4
198 4
199 7
200 3
201 2
202 3
203 2
204 7
205 5
206 5
207 2
208 3
209 6
210 6
211 4
212 9
213 4
214 5
215 9
216 4
217 8
218 7
219 4
220 4
221 6
222 4
223 3
224 6
225 2
226 6
227 8
228 4
229 2
230 4
231 4
232 3
233 6
234 5
235 7
236 3
237 3
238 6
239 6
240 5
241 4
242 4
243 2
244 5
245 5
247 2
248 3
249 1
250 1
251 3
252 1
253 5
254 4
255 4
257 3
258 2
259 3
260 1
261 1
262 2
263 2
264 4
265 4
266 1
268 1
270 5
271 1
272 5
273 2
274 4
275 3
276 1
277 2
278 2
279 1
280 2
281 2
282 1
283 1
284 5
285 3
286 4
287 3
288 5
289 1
290 3
291 3
292 3
293 1
294 1
295 4
296 1
297 2
298 5
299 2
300 5
301 3
302 2
303 3
304 2
305 2
307 3
308 1
309 3
311 1
312 2
313 1
314 3
315 5
316 1
317 4
318 2
319 3
320 1
321 3
322 2
323 4
324 5
325 5
326 2
327 5
328 2
329 1
330 2
331 2
333 4
334 2
335 2
340 1
341 1
343 5
344 1
345 3
346 2
347 1
348 1
349 1
350 3
351 1
353 3
355 2
356 4
357 1
358 3
359 3
360 4
361 1
362 1
363 1
364 4
366 1
367 3
368 1
369 3
370 2
371 4
372 3
373 1
374 3
375 2
376 1
377 1
378 4
379 1
380 1
382 3
385 3
386 1
387 2
388 1
389 1
390 1
391 1
392 1
393 3
394 2
396 1
397 1
399 1
401 1
402 3
404 3
405 1
410 2
412 1
415 2
416 1
417 2
419 1
421 1
423 2
426 1
431 1
432 1
436 1
437 1
438 1
441 2
443 1
444 1
447 1
450 1
452 1
453 1
457 1
460 1
461 1
465 2
466 1
467 1
472 1
481 1
488 1
493 1
498 1
500 2
502 1
505 1
512 1
514 1
520 1
528 1
529 1
536 1
541 1
558 1
559 1
569 1
577 1
589 1
608 1
618 1
624 1
631 1
652 2
667 1
762 1
