100 3000 50
0 257266
1 22
2 13
3 14
4 14
5 13
6 12
7 13
8 9
9 15
10 11
11 10
12 6
13 14
14 14
15 5
16 6
17 13
18 13
19 7
20 14
21 14
22 10
23 13
24 11
25 13
26 11
27 10
28 11
29 9
30 8
31 8
32 12
33 14
34 10
35 14
36 12
37 5
38 5
39 8
40 16
41 6
42 11
43 11
44 8
45 10
46 9
47 9
48 7
49 16
50 11
51 6
52 11
53 10
54 8
55 10
56 8
57 10
58 12
59 7
60 10
61 9
62 9
63 7
64 3
65 19
66 8
67 9
68 7
69 6
70 11
71 9
72 6
73 7
74 16
75 3
76 12
77 13
78 11
79 10
80 7
81 8
82 11
83 14
84 8
85 13
86 13
87 17
88 8
89 8
90 9
91 12
92 8
93 8
94 7
95 8
96 10
97 6
98 8
99 8
100 13
101 8
102 10
103 10
104 12
105 16
106 8
107 9
108 6
109 12
110 9
111 8
112 9
113 15
114 7
115 13
116 7
117 11
118 10
119 14
120 12
121 5
122 13
123 10
124 6
125 7
126 7
127 5
128 18
129 5
130 9
131 9
132 6
133 9
134 9
135 8
136 7
137 5
138 9
139 4
140 5
141 8
142 5
143 4
144 9
145 11
146 4
147 11
148 5
149 11
150 4
151 7
152 8
153 10
154 5
155 11
156 8
157 4
158 7
159 4
160 7
161 7
162 8
163 6
164 3
165 3
166 4
167 5
168 6
169 2
170 5
171 6
172 8
173 9
174 4
175 8
176 11
177 12
178 9
179 9
180 4
181 5
182 9
183 7
184 9
185 5
186 5
187 5
188 5
189 7
190 8
191 5
192 6
193 3
194 6
195 4
196 5
197 9
198 3
199 6
200 8
201 4
202 3
203 3
204 5
205 1
206 4
207 7
208 1
209 6
210 4
211 7
212 4
213 2
214 2
215 1
216 3
217 4
218 5
219 2
220 4
222 10
223 2
224 4
225 6
226 5
227 6
228 3
229 2
230 4
231 1
232 2
233 4
234 5
235 6
236 6
237 3
238 3
239 3
240 5
241 2
242 4
243 3
244 2
245 2
246 5
247 3
248 2
249 2
250 3
251 3
252 2
253 8
254 3
255 5
256 3
257 2
258 2
259 4
260 3
261 4
262 2
263 2
264 1
265 4
266 2
267 3
268 5
269 2
270 2
271 4
272 4
273 1
274 5
275 3
276 1
277 5
278 3
279 2
280 5
281 3
282 2
283 4
284 4
285 3
287 3
288 1
289 5
290 3
291 2
292 2
293 2
294 2
295 1
296 3
297 3
298 2
300 3
301 3
302 1
303 2
304 2
305 2
306 1
307 5
308 3
309 1
310 1
311 3
312 2
313 3
314 2
316 1
318 2
319 3
321 4
322 3
323 4
324 3
325 1
326 1
327 5
328 3
329 1
331 1
332 2
333 2
334 1
335 2
336 1
337 2
340 4
341 2
342 2
343 1
345 3
346 2
349 2
350 2
351 4
353 1
356 3
358 2
359 1
361 3
362 1
363 2
364 1
366 1
367 1
369 3
371 1
372 2
374 1
375 3
378 1
380 1
381 2
383 1
385 2
386 1
387 1
388 3
395 1
405 1
408 1
412 2
413 2
414 1
416 1
417 1
418 1
422 1
424 1
433 1
437 2
440 1
441 1
444 1
459 1
461 1
467 1
476 2
484 1
495 1
502 2
505 1
508 2
510 1
523 1
529 1
543 1
551 1
561 1
