100 3000 50
0 256235
1 57
2 47
3 26
4 31
5 28
6 22
7 16
8 20
9 21
10 22
11 23
12 24
13 32
14 21
15 23
16 28
17 26
18 25
19 14
20 32
21 19
22 23
23 18
24 20
25 21
26 24
27 22
28 20
29 26
30 22
31 18
32 27
33 31
34 26
35 17
36 21
37 36
38 18
39 16
40 22
41 19
42 11
43 20
44 24
45 19
46 24
47 18
48 22
49 11
50 28
51 15
52 20
53 19
54 30
55 22
56 18
57 24
58 16
59 18
60 19
61 21
62 21
63 10
64 20
65 17
66 22
67 19
68 22
69 16
70 23
71 17
72 18
73 15
74 16
75 19
76 19
77 22
78 15
79 20
80 20
81 19
82 22
83 15
84 20
85 25
86 8
87 9
88 16
89 20
90 17
91 10
92 14
93 23
94 17
95 21
96 15
97 21
98 15
99 9
100 18
101 20
102 19
103 11
104 14
105 12
106 10
107 19
108 13
109 8
110 11
111 18
112 7
113 14
114 18
115 8
116 12
117 17
118 7
119 11
120 10
121 9
122 17
123 9
124 9
125 13
126 9
127 17
128 14
129 7
130 10
131 14
132 6
133 14
134 8
135 6
136 10
137 16
138 13
139 7
140 10
141 13
142 9
143 11
144 14
145 8
146 12
147 6
148 6
149 9
150 11
151 9
152 9
153 13
154 8
155 10
156 10
157 11
158 6
159 13
160 7
161 2
162 12
163 9
164 10
165 8
166 3
167 9
168 12
169 5
170 8
171 5
172 9
173 6
174 5
175 7
176 8
177 6
178 5
179 8
180 3
181 4
182 5
183 5
184 5
185 6
186 6
187 3
188 5
189 1
190 5
191 3
192 7
193 3
194 5
195 8
196 3
197 6
198 3
199 5
200 5
201 6
202 3
203 7
204 6
205 6
206 4
207 6
208 4
209 5
210 2
211 4
212 7
213 3
214 5
215 3
216 6
217 2
218 5
219 5
220 6
222 2
223 2
225 6
226 6
227 5
228 3
230 6
231 10
232 2
233 4
234 1
235 3
236 5
237 4
238 3
239 3
240 5
241 1
242 3
243 3
244 3
245 1
246 1
247 1
248 1
249 5
251 1
252 3
253 4
254 1
255 3
256 3
257 2
258 2
259 1
260 1
261 2
262 1
263 2
265 4
266 1
267 3
268 2
269 3
270 3
272 3
273 2
274 1
276 2
277 3
278 1
279 1
280 2
282 2
284 1
286 4
287 2
289 1
290 2
292 2
293 3
294 2
299 1
300 1
301 1
304 1
306 2
308 2
309 2
313 1
317 1
318 2
319 2
320 1
323 1
327 2
328 2
334 2
339 1
342 1
343 1
346 1
348 2
351 1
355 1
357 1
361 1
364 1
367 1
368 1
369 1
375 1
379 1
386 1
387 1
388 1
390 1
396 1
405 1
