100 3000 50
0 228362
1 7393
2 4450
3 2835
4 2124
5 1617
6 1189
7 984
8 820
9 761
10 629
11 580
12 485
13 458
14 420
15 394
16 340
17 365
18 341
19 259
20 267
21 235
22 229
23 226
24 233
25 173
26 214
27 186
28 175
29 164
30 137
31 143
32 134
33 127
34 117
35 112
36 113
37 83
38 82
39 100
40 84
41 79
42 69
43 66
44 74
45 60
46 73
47 49
48 51
49 56
50 51
51 41
52 55
53 55
54 34
55 28
56 35
57 31
58 30
59 20
60 28
61 14
62 32
63 22
64 18
65 25
66 18
67 18
68 17
69 8
70 16
71 6
72 13
73 9
74 7
75 8
76 12
77 6
78 6
79 10
80 10
81 13
82 6
83 5
84 12
85 7
86 7
87 8
88 4
89 5
90 3
91 6
92 6
93 1
94 5
95 5
96 4
97 4
98 9
99 2
102 1
104 2
106 1
108 3
109 3
110 2
113 2
114 1
115 2
117 2
126 1
146 1
173 1
