100 3000 50
0 256792
1 29
2 24
3 21
4 16
5 18
6 29
7 15
8 16
9 17
10 20
11 13
12 18
13 19
14 13
15 12
16 13
17 13
18 17
19 15
20 13
21 11
22 15
23 14
24 18
25 18
26 13
27 10
28 13
29 14
30 15
31 16
32 21
33 14
34 17
35 19
36 10
37 17
38 14
39 21
40 16
41 12
42 11
43 16
44 16
45 14
46 14
47 12
48 18
49 24
50 15
51 15
52 16
53 15
54 15
55 14
56 13
57 12
58 10
59 21
60 21
61 13
62 10
63 13
64 16
65 14
66 10
67 11
68 12
69 13
70 14
71 10
72 17
73 15
74 20
75 11
76 13
77 11
78 17
79 18
80 6
81 8
82 12
83 12
84 19
85 7
86 17
87 14
88 18
89 18
90 20
91 9
92 12
93 14
94 16
95 14
96 8
97 7
98 15
99 15
100 13
101 12
102 9
103 13
104 10
105 14
106 12
107 11
108 11
109 14
110 10
111 12
112 8
113 13
114 10
115 11
116 18
117 5
118 11
119 13
120 10
121 13
122 10
123 8
124 11
125 10
126 14
127 15
128 12
129 9
130 11
131 5
132 8
133 5
134 8
135 7
136 13
137 4
138 9
139 11
140 9
141 10
142 10
143 12
144 5
145 7
146 6
147 5
148 11
149 11
150 11
151 12
152 7
153 10
154 8
155 7
156 6
157 10
158 10
159 9
160 7
161 12
162 6
163 11
164 9
165 8
166 3
167 12
168 4
169 7
170 8
171 4
172 9
173 8
174 7
175 7
176 11
177 7
178 3
179 7
180 3
181 2
182 4
183 9
184 9
185 9
186 7
187 7
188 4
189 5
190 10
191 6
192 3
193 8
194 3
195 3
196 6
197 7
198 3
199 1
200 4
201 5
202 1
203 7
204 2
205 5
206 5
207 5
208 5
209 4
210 4
211 5
212 2
213 2
214 6
215 5
216 5
217 8
218 5
219 6
220 3
221 2
223 5
224 5
225 3
226 5
227 3
228 3
229 2
230 3
231 3
232 5
233 2
234 4
235 3
236 3
237 4
238 4
239 3
240 3
241 2
242 6
243 4
244 5
245 5
246 2
247 3
248 4
249 5
250 2
251 3
252 3
253 1
254 3
255 6
256 2
257 4
258 6
259 1
260 4
261 3
262 2
263 4
264 2
265 3
266 1
267 3
268 4
269 2
270 1
271 1
272 1
273 2
274 2
275 1
276 5
277 3
278 2
279 3
280 2
282 1
283 2
285 1
286 4
287 5
288 2
289 1
290 3
291 1
293 2
296 1
298 2
299 1
300 5
301 1
302 1
304 2
305 1
306 1
307 1
308 2
309 2
311 1
312 2
313 1
315 2
316 4
317 2
318 2
319 2
321 2
322 2
324 2
325 3
328 2
329 2
330 2
332 1
333 3
334 1
335 2
336 1
337 1
339 1
340 2
341 1
342 1
344 1
345 1
346 1
347 1
348 2
352 2
354 2
356 1
361 1
364 2
367 1
368 1
369 1
370 1
372 1
375 1
387 1
392 1
397 1
401 1
404 1
405 1
408 1
409 1
421 1
423 1
424 1
426 1
429 1
444 1
445 1
449 2
455 1
463 1
479 1
