100 3000 50
0 255751
1 89
2 60
3 37
4 40
5 54
6 38
7 34
8 40
9 33
10 33
11 34
12 35
13 34
14 23
15 26
16 24
17 11
18 30
19 35
20 21
21 30
22 39
23 34
24 36
25 31
26 36
27 20
28 30
29 38
30 27
31 26
32 30
33 33
34 21
35 26
36 23
37 30
38 26
39 22
40 15
41 31
42 35
43 27
44 25
45 26
46 24
47 20
48 26
49 31
50 22
51 24
52 19
53 22
54 20
55 34
56 23
57 27
58 19
59 18
60 26
61 21
62 24
63 23
64 19
65 30
66 24
67 27
68 17
69 31
70 19
71 19
72 17
73 25
74 27
75 25
76 16
77 27
78 20
79 21
80 22
81 26
82 22
83 17
84 18
85 17
86 21
87 21
88 10
89 16
90 12
91 14
92 15
93 15
94 19
95 19
96 12
97 17
98 18
99 18
100 18
101 18
102 24
103 17
104 9
105 19
106 18
107 15
108 18
109 18
110 8
111 13
112 15
113 15
114 10
115 8
116 13
117 16
118 15
119 14
120 17
121 19
122 5
123 11
124 13
125 14
126 10
127 15
128 13
129 17
130 12
131 8
132 14
133 13
134 13
135 13
136 7
137 14
138 11
139 11
140 7
141 12
142 10
143 9
144 10
145 9
146 11
147 7
148 11
149 8
150 14
151 8
152 17
153 9
154 7
155 4
156 6
157 6
158 8
159 8
160 5
161 9
162 8
163 4
164 3
165 10
166 8
167 8
168 7
169 5
170 8
171 5
172 6
173 6
174 5
175 3
176 7
177 4
178 7
179 10
180 7
181 3
182 3
183 6
184 3
185 2
186 6
187 6
188 5
189 5
190 8
191 2
192 5
193 6
194 6
195 6
196 6
197 5
198 6
199 6
200 6
201 3
202 3
203 7
204 10
205 3
206 1
207 7
208 6
209 5
210 1
211 3
212 5
213 6
214 6
215 2
216 4
217 3
219 8
220 2
221 2
222 5
223 1
224 2
225 3
226 3
227 2
229 4
230 1
231 3
232 4
233 3
234 6
235 7
236 3
237 2
238 2
239 1
240 1
241 3
242 3
243 2
244 1
246 1
248 1
249 3
250 2
251 3
252 1
253 3
254 4
255 3
256 1
258 2
259 1
261 2
262 2
263 1
264 2
266 1
269 1
270 4
272 1
273 1
274 1
282 1
283 2
288 1
289 1
291 1
292 1
294 1
298 2
299 1
301 2
303 3
305 2
308 2
309 1
312 2
315 1
316 1
317 1
318 1
319 1
320 1
325 1
330 1
331 1
336 1
342 1
344 1
350 1
353 1
360 1
361 1
368 1
391 1
