100 3000 50
0 256996
1 19
2 12
3 13
4 12
5 14
6 11
7 19
8 13
9 16
10 14
11 11
12 9
13 12
14 16
15 14
16 16
17 8
18 12
19 13
20 14
21 10
22 15
23 13
24 12
25 11
26 21
27 17
28 10
29 12
30 16
31 14
32 25
33 9
34 15
35 16
36 10
37 15
38 14
39 14
40 16
41 16
42 12
43 23
44 16
45 7
46 12
47 12
48 13
49 14
50 9
51 12
52 14
53 15
54 10
55 12
56 12
57 12
58 8
59 11
60 12
61 19
62 15
63 14
64 13
65 6
66 11
67 13
68 12
69 12
70 11
71 12
72 5
73 12
74 6
75 14
76 12
77 14
78 14
79 12
80 10
81 12
82 17
83 9
84 15
85 17
86 15
87 15
88 6
89 9
90 16
91 11
92 11
93 15
94 8
95 12
96 10
97 10
98 10
99 10
100 10
101 14
102 13
103 10
104 13
105 9
106 13
107 12
108 6
109 9
110 10
111 12
112 13
113 11
114 11
115 11
116 12
117 16
118 16
119 9
120 10
121 9
122 11
123 6
124 10
125 4
126 9
127 5
128 12
129 12
130 7
131 13
132 13
133 13
134 11
135 10
136 8
137 11
138 5
139 2
140 7
141 5
142 8
143 9
144 6
145 9
146 13
147 7
148 6
149 5
150 11
151 9
152 5
153 6
154 6
155 5
156 12
157 4
158 7
159 7
160 9
161 3
162 7
163 9
164 8
165 9
166 3
167 6
168 9
169 8
170 10
171 12
172 7
173 4
174 7
175 5
176 9
177 3
178 12
179 9
180 6
181 9
182 13
183 9
184 6
185 5
186 4
187 8
188 6
189 2
190 7
191 4
192 2
193 5
194 5
195 3
196 8
197 6
198 4
199 8
200 3
201 8
202 2
203 2
204 3
205 5
206 6
207 3
208 2
209 6
210 2
211 2
212 1
213 7
214 5
215 5
216 7
217 5
218 2
219 4
220 7
221 1
222 3
223 3
224 7
225 2
226 3
227 2
228 4
230 4
231 8
232 3
233 5
234 7
235 2
236 5
237 4
238 5
239 4
240 4
241 7
242 1
243 2
244 5
245 2
246 4
247 3
248 5
249 4
250 1
251 4
252 4
253 2
254 7
255 2
256 2
257 2
258 1
259 5
261 5
262 2
263 4
264 8
265 2
266 4
267 2
268 5
269 5
270 2
271 3
272 3
273 3
274 3
275 3
276 1
277 3
278 5
279 2
280 1
281 3
282 1
283 1
285 2
286 1
287 2
288 2
289 2
290 1
291 2
292 3
295 2
296 1
297 1
298 2
299 1
300 2
301 3
302 2
303 5
304 1
305 1
306 1
307 2
309 1
310 3
311 2
312 1
313 3
314 2
315 1
316 1
317 1
319 1
320 2
321 2
322 4
323 2
324 2
325 1
326 4
327 2
329 1
330 3
331 1
333 1
334 2
336 1
338 3
341 1
344 1
345 4
350 1
352 1
353 1
354 2
355 1
356 1
360 1
361 1
362 2
364 1
367 1
369 2
370 2
375 1
376 2
380 1
381 1
382 3
383 1
385 1
388 1
394 2
396 1
398 1
401 1
403 1
412 1
420 2
424 1
429 1
432 1
445 1
446 1
452 1
460 2
463 1
465 1
472 1
481 1
483 1
485 1
498 1
