100 3000 50
0 257971
1 6
2 5
3 4
4 5
5 6
6 4
7 4
8 3
9 3
10 2
11 5
12 6
13 6
14 7
15 2
16 6
17 4
19 3
20 6
21 6
22 4
23 5
24 3
25 5
26 7
27 8
28 4
29 5
30 4
31 1
32 7
33 4
34 1
35 4
36 9
37 1
38 1
39 4
40 3
41 8
42 5
43 7
44 3
45 3
46 4
47 3
48 5
49 6
50 5
51 3
52 6
53 2
54 6
55 7
56 3
57 8
58 3
59 4
60 4
61 4
62 5
63 9
64 6
65 2
66 7
67 2
68 6
69 2
70 8
71 4
72 3
73 8
74 6
75 9
76 4
77 5
78 8
79 8
80 7
81 4
82 3
83 2
84 8
85 7
86 2
87 3
88 4
89 6
90 5
91 7
92 5
93 5
94 10
95 5
96 1
97 4
98 3
99 3
100 2
101 2
102 3
103 3
104 10
105 6
106 6
107 3
108 7
109 6
110 9
111 6
112 9
113 3
114 6
115 4
116 4
117 3
118 4
119 5
120 3
121 4
122 8
123 5
124 4
125 10
126 2
127 4
128 5
129 4
130 6
131 8
132 8
133 4
134 2
135 8
136 5
137 2
138 1
139 4
140 2
141 7
142 4
143 6
144 2
145 2
146 5
147 6
148 5
149 4
150 4
151 4
152 3
153 4
154 3
155 3
156 1
157 7
158 1
159 2
160 3
161 9
162 5
163 4
164 3
165 2
166 1
167 2
168 7
169 8
170 3
171 1
172 4
173 2
174 6
175 4
176 3
177 5
178 3
179 2
180 2
181 7
182 4
183 10
184 5
185 10
186 6
187 6
188 2
189 4
190 6
191 2
192 3
193 3
194 4
195 1
196 5
197 2
198 4
199 3
200 2
201 9
202 2
203 6
204 4
205 5
206 5
207 6
208 1
209 3
210 6
211 11
212 2
213 5
214 9
215 4
216 3
217 4
218 3
219 3
220 2
221 3
222 2
224 5
225 6
226 1
227 3
228 6
229 2
230 3
231 2
232 4
233 3
234 4
235 4
237 10
238 2
239 8
240 4
241 3
242 4
243 4
244 6
245 3
246 3
247 6
248 1
249 2
250 8
251 1
252 3
253 2
254 2
255 4
256 3
257 2
259 3
260 3
261 3
263 5
264 1
265 4
266 3
267 1
268 3
269 1
271 4
272 2
273 4
274 3
275 4
276 3
277 3
278 1
279 1
280 2
281 4
282 2
283 1
284 6
286 2
288 3
289 2
290 3
291 3
292 5
293 3
294 3
295 4
296 3
298 1
299 3
300 1
301 3
302 4
303 4
304 1
305 3
306 3
307 3
308 2
309 1
310 4
311 3
312 4
313 3
314 2
315 3
316 2
317 2
318 5
319 3
320 4
321 2
322 1
323 1
324 2
325 4
326 1
327 3
328 2
329 1
330 2
331 1
332 1
333 1
334 2
335 3
336 2
337 3
338 1
339 1
340 2
341 5
342 3
343 2
344 2
345 1
347 2
348 3
349 2
350 2
351 1
352 2
353 3
354 1
355 2
356 2
357 2
358 3
359 3
360 2
361 2
362 1
363 2
364 3
365 1
366 3
367 3
368 2
369 3
370 2
373 2
374 2
375 2
376 3
377 1
378 2
379 1
381 2
382 2
384 2
385 3
387 1
388 1
389 3
390 2
391 3
392 2
394 1
395 3
398 5
399 2
400 3
401 2
402 1
403 1
404 1
405 2
406 1
407 4
410 1
411 3
412 1
413 1
414 1
415 3
417 1
419 1
421 2
422 1
424 1
425 1
426 1
427 3
428 1
429 2
431 2
432 1
433 1
436 2
443 1
444 1
446 1
453 2
454 1
458 1
459 1
461 1
462 1
463 2
465 1
466 2
468 2
469 1
471 1
472 2
474 1
476 1
478 1
483 1
485 1
487 1
488 1
489 3
492 1
493 2
495 1
497 1
501 1
504 1
508 1
511 1
512 1
513 1
515 1
518 1
522 1
531 1
532 1
538 2
543 1
545 1
547 3
549 1
553 1
555 1
559 2
562 1
578 1
580 1
586 1
603 1
608 1
615 1
623 1
632 1
634 1
637 1
682 1
689 1
706 1
707 1
711 1
722 1
725 1
825 1
885 1
