100 3000 50
0 257594
1 13
2 6
3 10
4 15
5 7
6 5
7 7
8 7
9 10
10 10
11 8
12 5
13 4
14 3
15 6
16 9
17 8
18 9
19 10
20 4
21 9
22 5
23 6
24 2
25 11
26 11
27 12
28 6
29 5
30 11
31 6
32 6
33 10
34 11
35 11
36 5
37 5
38 7
39 9
40 7
41 2
42 8
43 8
44 9
45 5
46 7
47 7
48 12
49 3
50 5
51 6
52 3
53 9
54 4
55 4
56 5
57 7
58 3
59 7
60 10
61 9
62 8
63 7
64 9
65 8
66 6
67 7
68 11
69 6
70 6
71 8
72 13
73 4
74 7
75 8
76 4
77 7
78 9
79 6
80 13
81 10
82 1
83 11
84 5
85 12
86 2
87 9
88 10
89 6
90 6
91 7
92 17
93 7
94 9
95 2
96 11
97 12
98 8
99 3
100 7
101 1
102 12
103 6
104 4
105 7
106 15
107 7
108 6
109 14
110 5
111 6
112 6
113 5
114 5
115 6
116 9
117 10
118 7
119 6
120 11
121 5
122 7
123 7
124 8
125 9
126 5
127 6
128 10
129 10
130 4
131 9
132 9
133 7
134 8
135 10
136 4
137 9
138 6
139 8
140 8
141 7
142 6
143 5
144 10
145 8
146 2
147 2
148 8
149 3
150 4
151 8
152 11
153 5
154 3
155 5
156 6
157 6
158 5
159 6
160 5
161 8
162 9
163 4
164 4
165 8
166 6
167 4
168 3
169 3
170 9
171 5
172 3
173 5
174 5
175 5
176 2
177 5
178 4
179 5
180 9
181 4
182 4
183 6
184 5
185 4
186 7
187 6
188 3
189 4
190 14
192 2
193 6
194 5
195 5
196 1
197 1
198 3
199 4
200 5
201 7
202 3
203 3
204 10
205 6
206 5
207 9
208 4
209 5
210 3
211 4
212 5
213 3
214 5
215 2
216 4
217 4
218 5
219 1
220 7
221 7
222 4
223 5
224 7
225 3
226 6
227 5
228 5
229 7
230 4
231 2
232 7
233 2
234 7
236 6
237 2
238 3
239 2
240 2
241 5
242 3
243 2
244 4
245 5
246 4
247 8
248 1
249 2
250 3
251 2
252 1
253 3
254 6
255 3
256 6
257 4
258 6
259 2
260 4
261 4
262 3
263 2
264 1
265 3
266 4
269 3
270 3
271 3
272 4
273 4
276 3
277 1
278 2
279 3
280 3
281 3
282 4
283 3
284 6
285 3
286 2
287 4
289 3
290 1
291 1
292 1
293 1
294 1
295 3
296 2
297 2
298 4
299 4
300 1
301 3
302 8
303 1
304 2
305 3
306 3
307 2
309 1
310 3
312 3
313 6
314 1
315 2
316 1
317 1
318 2
319 2
321 1
322 2
323 4
324 4
325 3
326 3
327 2
328 3
329 2
330 2
331 2
332 1
334 1
335 2
336 1
337 3
338 1
339 1
340 5
341 3
342 1
343 1
344 1
345 2
346 2
347 4
348 3
349 2
350 2
352 2
353 1
354 1
355 4
358 2
359 4
360 5
361 2
362 1
363 4
364 2
365 4
366 1
368 2
369 5
371 1
372 2
375 2
377 1
378 1
379 1
380 1
384 1
386 2
387 3
388 2
389 3
392 1
393 3
395 2
397 1
398 2
400 1
402 1
403 1
410 2
414 2
418 1
420 1
422 3
424 2
425 1
426 1
427 1
429 1
431 3
435 2
437 1
439 1
440 1
447 1
456 2
458 1
463 1
466 2
471 1
475 1
477 1
481 1
482 1
487 1
499 1
500 1
503 1
504 1
505 1
506 1
507 1
538 1
543 1
559 1
563 1
564 1
578 1
580 1
581 1
588 1
602 1
618 1
641 1
663 1
726 1
