100 3000 50
0 258148
1 3
2 7
3 1
4 5
5 5
6 2
7 4
8 2
9 4
10 5
11 3
12 4
13 3
14 6
15 5
16 2
17 2
18 1
19 2
20 1
21 3
22 4
23 1
24 2
25 1
26 5
27 2
28 1
29 6
30 3
31 1
32 2
33 6
34 5
35 2
36 4
37 4
38 8
39 2
40 3
41 4
42 5
43 5
44 2
45 7
46 5
47 4
48 3
49 3
50 4
51 3
52 5
53 3
54 3
55 1
56 7
57 2
58 2
59 8
60 6
61 4
62 1
63 3
64 4
65 1
66 4
67 3
68 5
69 4
70 4
71 5
72 7
73 3
74 1
75 4
76 4
77 4
78 4
79 7
80 4
81 5
82 3
83 3
84 3
85 3
86 2
87 5
88 3
89 4
90 4
91 5
92 3
93 4
94 5
95 5
96 4
97 5
98 3
99 4
100 4
101 2
102 3
103 5
104 5
105 2
106 1
107 2
108 3
109 3
110 4
111 1
112 4
113 4
114 1
115 7
116 4
117 6
118 3
119 3
120 6
121 3
122 1
123 6
124 6
125 3
126 3
127 2
128 3
129 4
130 2
131 2
132 5
133 5
134 3
135 5
136 5
137 5
138 5
139 2
140 6
141 2
142 5
143 3
144 3
145 4
146 7
148 5
149 2
150 6
151 1
152 2
153 5
154 3
155 3
156 3
157 5
158 2
159 2
160 4
161 4
162 1
163 4
164 1
165 1
166 5
167 2
168 4
169 4
170 12
171 2
172 10
173 5
174 1
175 2
176 10
177 2
178 1
179 1
180 3
181 6
182 1
183 1
184 6
185 4
186 7
187 4
188 6
189 2
190 3
191 2
192 4
193 2
194 3
195 6
196 5
197 4
198 3
199 3
200 4
201 5
202 1
203 6
204 2
205 5
206 3
207 3
208 3
209 3
210 1
211 4
212 3
213 2
214 2
215 1
216 2
217 2
218 6
219 3
220 4
221 8
222 2
223 5
224 3
225 5
226 4
227 2
228 1
229 4
230 2
231 5
232 4
233 1
234 3
235 2
236 4
237 3
238 1
239 5
240 2
241 4
242 2
243 3
244 1
245 3
246 1
247 4
248 1
249 2
250 2
251 1
252 3
253 2
254 1
255 1
256 2
257 3
258 3
259 4
260 5
261 3
262 3
263 4
264 1
265 3
266 1
267 8
268 3
269 1
270 4
271 5
272 1
273 3
274 4
275 3
276 2
277 2
278 4
279 2
280 3
281 4
282 2
283 6
285 5
286 3
287 5
288 4
290 5
291 1
292 4
293 1
294 8
296 3
297 1
298 2
299 2
300 3
301 2
302 2
303 3
304 2
305 2
307 1
308 1
309 2
310 5
311 3
312 1
313 4
314 2
315 2
316 1
317 1
318 1
319 1
321 1
322 3
323 3
324 5
325 4
326 1
327 1
328 4
329 3
330 2
331 5
332 2
333 6
334 1
335 3
336 2
337 3
340 1
341 1
342 2
343 3
344 5
345 1
346 2
347 1
348 3
349 1
350 3
351 1
352 3
353 2
354 3
355 3
356 1
357 3
358 2
359 1
361 4
362 1
363 2
364 1
365 3
366 2
367 2
368 1
369 3
370 1
371 2
372 2
373 3
374 1
375 1
376 1
377 1
378 3
379 2
380 2
381 1
382 3
383 1
384 1
385 1
387 1
388 2
389 2
390 1
391 2
392 4
393 2
395 2
396 2
398 1
400 1
401 3
403 5
404 1
405 3
406 3
407 2
408 3
409 1
410 3
411 2
412 1
413 2
414 1
415 1
416 2
418 6
419 2
420 1
421 2
422 2
424 3
426 2
427 1
429 2
430 1
432 1
433 1
434 2
436 1
437 1
438 2
443 1
444 3
445 2
446 1
450 1
453 1
455 1
457 1
462 1
463 1
465 1
466 1
469 2
471 1
474 1
475 1
477 2
478 1
480 2
482 3
484 1
486 1
492 1
493 1
498 1
499 2
500 2
502 2
505 1
507 1
508 1
510 2
511 1
512 1
513 1
514 1
516 1
521 1
523 1
527 1
538 1
540 1
542 1
543 1
546 1
547 2
550 1
551 2
555 1
556 1
560 3
562 3
563 1
567 1
568 1
571 1
572 1
573 1
574 1
575 1
577 1
578 1
593 1
596 1
598 1
601 1
603 1
612 1
630 1
643 1
649 1
660 2
661 1
674 1
685 2
688 1
699 1
710 1
737 1
752 1
767 1
774 1
784 1
786 1
793 1
910 1
961 1
