100 3000 50
0 258012
1 7
2 3
3 6
4 8
5 8
6 7
7 1
8 4
9 3
10 3
11 2
12 5
13 6
14 5
15 4
16 3
17 4
19 2
20 4
21 5
22 7
23 4
24 6
25 3
26 6
27 2
28 5
29 4
30 8
31 4
33 1
34 5
35 3
36 4
38 3
39 10
40 6
41 8
42 4
43 7
44 2
45 2
46 2
47 3
48 2
49 3
50 4
51 2
52 4
53 3
54 8
55 6
56 5
57 5
58 3
59 5
60 5
61 2
62 8
63 7
64 4
65 6
66 5
67 5
68 8
69 1
70 7
71 4
72 6
73 5
74 3
75 6
77 6
78 3
79 7
80 2
81 4
82 5
83 5
84 5
85 4
86 6
87 4
88 5
89 6
90 5
91 8
92 6
93 6
94 7
95 3
96 4
97 10
98 6
99 3
100 3
101 3
102 4
103 2
104 9
105 5
106 7
107 4
108 5
109 4
110 6
111 5
112 3
113 4
114 4
115 4
116 4
117 6
118 4
119 4
120 3
121 1
122 3
123 3
124 7
125 3
126 4
127 5
128 2
129 6
130 6
131 5
132 2
133 6
134 2
135 3
136 4
137 5
138 11
139 6
140 4
141 3
142 3
143 1
144 1
145 4
146 1
147 3
148 3
149 4
150 5
151 4
152 2
153 4
154 1
155 6
156 1
157 5
158 3
159 4
160 5
161 4
162 4
163 3
164 8
165 5
166 4
167 6
168 5
169 3
170 2
171 8
172 4
173 4
174 5
175 6
177 6
178 5
179 7
180 6
181 6
182 3
183 3
184 5
185 3
186 5
187 1
188 8
189 5
190 1
191 3
192 3
193 7
194 11
195 5
196 2
197 3
198 6
199 3
200 6
201 3
202 5
203 5
204 4
205 2
206 4
207 3
208 2
209 5
210 3
211 5
212 3
213 2
214 3
215 2
216 1
217 1
218 5
219 2
220 2
221 5
222 6
223 1
224 2
225 5
226 4
227 4
228 1
229 5
230 6
231 1
232 6
233 6
234 2
235 4
236 7
238 5
239 4
240 1
241 6
242 1
243 5
244 3
245 3
246 5
247 5
248 4
249 4
250 1
251 3
252 4
253 2
254 2
255 2
256 3
257 3
258 5
259 7
260 1
262 2
263 4
264 4
265 2
266 5
267 2
268 2
269 3
270 2
271 2
272 3
273 1
274 4
275 3
276 4
277 4
278 5
279 2
280 2
281 1
282 3
283 1
284 2
285 2
286 2
287 3
288 1
290 4
291 1
292 7
293 3
294 3
295 1
296 4
297 2
298 1
299 3
300 4
301 3
302 5
303 1
304 5
305 4
306 2
307 3
308 2
309 2
310 1
311 1
312 4
313 1
314 1
315 4
316 2
318 3
319 1
320 1
321 1
322 2
323 5
324 2
325 1
326 3
327 2
328 2
329 3
330 4
331 1
332 2
333 6
334 2
335 1
336 4
337 2
338 3
339 1
341 3
343 3
344 1
346 3
348 3
349 1
350 1
351 5
352 1
353 1
355 2
356 2
357 2
358 2
359 1
360 1
361 1
363 1
364 2
365 4
366 4
367 3
368 2
369 2
370 1
371 5
372 3
373 4
375 4
377 2
378 1
379 1
380 2
381 1
383 1
384 4
386 5
387 5
388 3
389 3
390 3
391 1
392 1
393 1
394 2
395 3
396 3
397 1
398 1
400 3
401 2
402 2
405 2
406 3
407 1
409 2
410 1
412 1
416 1
418 1
420 1
421 3
423 2
424 2
425 1
426 1
427 1
430 1
431 2
432 1
433 3
434 2
435 2
436 1
438 1
439 2
441 2
442 1
444 1
447 1
449 2
454 2
457 2
458 1
460 1
467 2
471 1
476 2
477 1
478 1
479 1
482 1
483 2
486 3
487 2
493 1
494 1
495 1
496 2
504 1
505 1
511 1
513 1
514 1
518 1
519 1
520 1
522 1
524 1
526 1
527 1
530 2
534 1
537 1
541 1
544 1
545 1
550 2
551 1
552 1
554 1
558 3
562 2
583 1
590 1
602 1
611 1
612 1
615 1
617 1
630 1
633 1
644 1
649 1
705 1
716 1
721 1
727 1
729 1
736 1
765 1
835 1
935 1
