5 400000 10
0 1400000
1 99638
2 37842
3 20895
4 13497
5 9739
6 7588
7 5897
8 4718
9 4171
10 3489
11 2899
12 2608
13 2297
14 2016
15 1841
16 1686
17 1455
18 1377
19 1226
20 1099
21 1023
22 986
23 849
24 786
25 826
26 717
27 694
28 637
29 630
30 585
31 516
32 528
33 473
34 455
35 455
36 422
37 405
38 395
39 351
40 351
41 330
42 323
43 318
44 282
45 278
46 272
47 237
48 242
49 250
50 224
51 225
52 201
53 197
54 193
55 167
56 169
57 176
58 163
59 144
60 147
61 161
62 152
63 140
64 136
65 142
66 131
67 127
68 111
69 130
70 128
71 142
72 106
73 120
74 110
75 103
76 87
77 105
78 95
79 90
80 89
81 71
82 90
83 91
84 93
85 57
86 69
87 88
88 66
89 77
90 59
91 77
92 58
93 66
94 57
95 65
96 60
97 53
98 55
99 46
100 62
101 49
102 54
103 54
104 51
105 49
106 56
107 43
108 37
109 34
110 39
111 25
112 46
113 29
114 32
115 28
116 31
117 40
118 35
119 41
120 32
121 33
122 27
123 34
124 29
125 28
126 25
127 22
128 34
129 27
130 26
131 14
132 27
133 24
134 23
135 22
136 22
137 17
138 14
139 20
140 18
141 24
142 18
143 23
144 12
145 20
146 19
147 16
148 9
149 16
150 20
151 19
152 16
153 11
154 14
155 15
156 20
157 15
158 10
159 18
160 10
161 11
162 17
163 6
164 12
165 9
166 5
167 7
168 7
169 10
170 6
171 9
172 8
173 8
174 14
175 7
176 13
177 14
178 6
179 8
180 17
181 10
182 9
183 8
184 7
185 8
186 9
187 10
188 7
189 8
190 4
191 11
192 7
193 11
194 3
195 1
196 8
197 7
198 6
199 6
200 2
201 6
202 4
203 8
204 2
205 11
206 4
207 4
208 7
209 1
210 5
211 2
212 6
213 3
214 4
215 8
216 5
217 4
218 4
219 3
220 4
221 3
222 3
223 8
224 1
225 3
226 4
227 4
228 3
229 4
230 2
231 4
232 4
233 2
234 7
235 6
236 3
237 2
238 5
239 2
240 2
241 2
242 3
244 4
245 4
246 1
247 4
248 3
249 2
250 1
251 2
252 4
253 3
254 3
256 2
257 3
258 2
259 4
260 3
261 1
262 1
263 1
264 2
265 2
266 2
267 1
268 3
269 3
271 1
272 1
274 2
275 1
276 2
279 4
281 2
286 1
287 1
290 1
292 1
293 2
295 1
296 1
299 1
300 1
303 1
304 1
306 1
308 1
310 2
312 2
314 1
315 1
317 1
318 1
321 2
323 3
334 1
335 1
340 2
341 1
343 1
345 1
348 1
349 1
352 1
358 1
359 1
370 2
376 1
380 1
386 1
414 1
418 2
459 1
473 1
509 1
