5 400000 10
0 1600000
1 17246
2 6620
3 3565
4 2349
5 1657
6 1347
7 1060
8 837
9 713
10 660
11 538
12 488
13 430
14 384
15 367
16 327
17 298
18 265
19 238
20 211
21 190
22 182
23 166
24 181
25 150
26 165
27 125
28 140
29 98
30 120
31 116
32 119
33 111
34 80
35 112
36 96
37 90
38 78
39 77
40 84
41 86
42 75
43 83
44 62
45 77
46 67
47 74
48 56
49 66
50 68
51 56
52 60
53 53
54 50
55 43
56 55
57 47
58 49
59 52
60 47
61 52
62 41
63 48
64 36
65 37
66 34
67 44
68 43
69 41
70 48
71 36
72 40
73 37
74 43
75 46
76 29
77 30
78 21
79 26
80 22
81 27
82 25
83 35
84 35
85 21
86 29
87 30
88 20
89 23
90 22
91 20
92 28
93 23
94 31
95 24
96 20
97 19
98 17
99 27
100 27
101 25
102 21
103 21
104 33
105 13
106 30
107 23
108 20
109 24
110 22
111 18
112 17
113 21
114 24
115 21
116 21
117 11
118 17
119 18
120 23
121 15
122 22
123 15
124 14
125 24
126 18
127 12
128 18
129 12
130 20
131 17
132 9
133 16
134 23
135 17
136 11
137 13
138 21
139 15
140 19
141 15
142 17
143 14
144 15
145 19
146 6
147 14
148 18
149 16
150 12
151 17
152 11
153 15
154 14
155 15
156 14
157 8
158 7
159 12
160 12
161 15
162 10
163 6
164 11
165 8
166 11
167 11
168 15
169 17
170 13
171 9
172 12
173 18
174 11
175 8
176 11
177 13
178 12
179 10
180 16
181 13
182 13
183 8
184 6
185 8
186 9
187 14
188 10
189 10
190 11
191 12
192 9
193 8
194 10
195 7
196 8
197 9
198 11
199 10
200 5
201 7
202 15
203 15
204 13
205 9
206 6
207 8
208 8
209 19
210 8
211 11
212 14
213 9
214 4
215 2
216 4
217 10
218 6
219 16
220 8
221 9
222 4
223 7
224 10
225 4
226 7
227 4
228 6
229 12
230 7
231 8
232 7
233 10
234 4
235 6
236 5
237 5
238 11
239 8
240 6
241 10
242 11
243 6
244 6
245 7
246 6
247 7
248 5
249 10
250 7
251 6
252 2
253 7
254 9
255 6
256 8
257 7
258 5
259 6
260 5
261 5
262 10
263 2
264 6
265 15
266 7
267 9
268 3
269 7
270 2
271 6
272 9
273 11
274 7
275 5
276 6
277 4
278 10
279 4
280 4
281 7
282 4
283 9
284 3
285 7
286 6
287 3
289 9
290 4
291 6
292 8
293 7
294 6
295 6
296 6
297 3
298 7
299 11
300 7
301 4
302 8
303 4
304 3
305 7
306 6
307 4
308 9
309 12
310 5
311 2
312 3
313 4
314 3
315 1
316 4
317 3
318 5
319 3
320 6
321 8
322 6
323 10
324 7
325 5
326 2
327 4
328 5
329 8
330 8
331 4
332 8
333 2
334 2
335 3
336 6
337 2
338 2
339 2
340 4
341 4
342 3
343 5
344 7
345 1
346 4
347 3
348 6
349 6
350 3
351 5
352 5
353 6
354 8
355 2
356 8
357 3
358 5
359 5
360 4
361 6
362 4
363 5
364 6
365 7
366 3
367 4
368 4
369 4
370 5
371 5
372 2
373 3
374 9
375 7
377 4
378 8
379 4
380 2
381 2
382 6
383 2
384 5
385 5
386 7
387 9
388 2
389 2
390 2
391 4
392 6
393 2
394 6
395 3
396 4
397 4
398 5
399 3
400 5
401 1
402 8
403 5
404 1
405 1
406 1
407 4
408 7
409 4
410 2
411 6
412 5
413 4
414 2
416 5
417 7
418 7
419 2
420 2
421 4
422 5
423 2
424 5
425 3
426 1
427 1
428 4
429 3
430 2
431 5
432 8
433 8
434 5
435 2
436 1
437 10
438 4
439 3
440 2
441 2
442 3
444 3
445 5
446 5
447 1
448 2
449 8
450 2
451 4
452 3
453 6
454 3
455 3
457 7
458 2
459 2
460 1
461 3
462 4
463 2
464 3
465 2
466 4
467 4
468 3
469 1
470 5
471 5
472 2
473 5
474 4
475 4
476 5
477 5
478 4
479 1
480 2
481 3
482 5
483 2
484 1
485 3
486 4
487 2
488 3
489 6
490 1
491 2
492 1
493 3
494 3
495 2
496 3
497 3
498 2
499 2
500 1
501 3
502 3
503 4
504 2
505 5
506 1
507 3
508 4
509 6
510 5
511 3
512 3
513 1
514 2
515 2
516 2
517 3
519 2
520 1
521 2
522 5
523 5
524 2
525 1
526 1
527 2
528 4
529 4
531 3
532 1
533 1
534 4
535 2
536 7
537 2
538 2
539 3
540 4
541 3
542 2
543 4
544 2
545 4
546 4
547 2
548 4
549 2
550 1
551 3
552 2
553 3
554 2
556 2
557 2
559 3
560 1
561 4
563 1
564 2
565 4
567 1
568 5
569 2
570 2
571 5
572 4
574 1
575 3
577 3
578 1
579 1
580 1
582 2
583 3
585 2
586 2
588 3
589 1
590 2
592 3
593 2
594 4
595 2
596 4
598 4
599 3
600 2
601 1
602 1
603 1
604 3
605 2
606 2
607 3
608 2
609 3
610 4
611 4
612 2
613 1
614 1
615 3
616 1
617 2
618 5
619 2
620 1
621 2
622 2
623 2
624 2
626 5
627 3
628 3
629 4
630 2
631 1
632 2
633 1
634 3
635 3
636 2
638 3
640 3
641 3
642 2
643 4
644 3
646 3
647 2
648 1
649 2
651 3
652 2
653 2
654 1
655 3
656 2
657 1
658 3
659 3
660 3
661 2
662 2
663 4
664 1
665 2
666 7
667 1
668 3
669 3
671 2
672 3
673 3
674 2
675 3
676 2
677 1
678 1
679 3
681 2
682 1
685 3
687 3
689 1
690 3
691 3
692 2
693 2
694 2
695 3
696 3
697 1
698 2
699 1
700 2
701 3
702 1
704 1
705 1
706 3
708 1
709 2
710 3
711 6
712 1
713 2
714 1
715 2
719 3
720 2
722 1
723 1
725 2
726 4
727 2
729 2
730 1
731 3
732 2
734 2
736 4
737 4
738 1
739 2
740 2
741 1
742 2
745 3
746 1
747 2
748 1
749 2
750 3
751 2
752 2
753 1
754 1
755 2
756 1
757 1
759 2
760 1
762 1
764 1
765 3
767 3
768 2
769 2
770 1
771 1
772 1
774 1
775 2
776 1
777 1
778 3
779 3
780 3
781 2
782 1
784 2
785 1
787 2
788 1
789 3
792 2
793 1
795 1
796 4
797 2
798 1
799 3
801 2
802 2
803 1
804 1
807 1
808 1
809 1
812 2
813 1
814 4
815 2
816 2
817 1
818 1
821 4
823 2
824 2
825 2
826 1
827 1
828 1
830 1
831 2
833 3
834 2
835 2
837 4
838 2
840 1
841 1
844 2
845 2
846 1
847 1
848 1
849 2
852 2
853 1
854 2
857 1
858 1
859 3
860 1
861 1
864 1
867 2
868 3
869 2
871 1
872 1
873 2
874 2
875 2
876 3
878 1
882 1
883 3
885 1
889 1
890 1
891 4
892 1
893 1
894 1
896 1
897 1
898 3
899 1
900 3
904 2
906 2
907 2
909 2
910 1
911 3
913 1
916 1
917 2
920 1
921 2
922 1
923 1
924 1
925 3
926 1
927 1
929 3
931 1
933 1
934 1
935 1
936 3
937 3
938 1
939 1
941 2
943 1
946 1
948 2
950 1
951 1
952 1
954 1
955 1
956 2
957 1
958 1
960 2
961 3
962 2
963 1
966 1
968 1
970 1
971 1
973 1
974 1
975 1
976 2
978 1
979 1
982 1
983 1
984 2
986 1
987 2
988 1
989 2
992 1
993 2
994 1
995 3
998 1
1001 2
1003 1
1004 2
1005 1
1007 1
1008 1
1009 1
1011 1
1012 2
1020 2
1024 1
1026 1
1029 1
1030 1
1031 1
1032 1
1033 1
1034 1
1035 1
1036 3
1038 1
1041 1
1042 1
1043 1
1044 1
1048 1
1050 1
1051 2
1052 1
1054 1
1056 1
1057 1
1061 1
1066 2
1069 2
1072 1
1077 1
1078 1
1080 1
1084 1
1085 2
1086 3
1087 1
1090 1
1091 2
1092 1
1094 1
1095 2
1096 1
1097 2
1099 1
1102 2
1104 1
1107 1
1108 3
1110 1
1113 1
1119 1
1120 1
1123 1
1124 1
1126 2
1129 1
1130 1
1131 2
1132 2
1133 1
1134 1
1137 2
1140 1
1141 1
1142 2
1145 1
1146 1
1147 2
1148 1
1151 1
1152 1
1153 1
1159 1
1160 1
1164 1
1165 1
1166 1
1167 1
1174 1
1176 1
1177 1
1178 1
1180 1
1182 1
1185 1
1188 1
1190 3
1193 1
1200 1
1203 1
1208 3
1209 1
1210 1
1218 1
1221 1
1222 2
1224 1
1226 2
1227 2
1228 1
1230 1
1232 1
1246 1
1249 2
1255 2
1260 2
1262 1
1265 1
1266 1
1269 2
1270 1
1275 2
1279 1
1281 1
1285 2
1289 1
1290 1
1293 2
1295 1
1298 1
1299 1
1302 1
1303 1
1311 1
1312 1
1316 1
1317 1
1319 1
1321 1
1325 1
1329 1
1330 1
1332 1
1334 2
1335 2
1341 1
1346 1
1357 1
1360 1
1362 2
1364 1
1371 1
1372 2
1373 1
1374 1
1376 2
1382 1
1389 1
1391 1
1392 1
1396 1
1397 1
1399 1
1401 1
1403 1
1404 1
1416 1
1420 2
1421 1
1422 1
1429 1
1436 1
1441 1
1455 1
1456 1
1465 1
1479 1
1488 1
1492 1
1498 1
1503 1
1504 1
1507 1
1510 1
1530 1
1542 1
1544 1
1546 2
1549 1
1554 1
1559 1
1567 2
1570 1
1577 2
1578 2
1579 1
1580 1
1586 1
1587 1
1598 1
1605 1
1607 1
1618 1
1650 1
1674 1
1677 1
1697 1
1709 1
1713 1
1730 1
1739 1
1765 1
1770 1
1791 1
1821 1
1830 1
1886 1
1908 1
1928 1
1940 1
1998 1
2010 1
2028 1
2061 1
2077 1
2094 1
2115 1
2162 1
2208 1
2273 1
2392 1
2521 1
2638 1
