5 400000 10
0 1000000
1 319344
2 117200
3 61070
4 37508
5 25241
6 17776
7 13292
8 10162
9 7843
10 6359
11 5110
12 4153
13 3513
14 2866
15 2391
16 1953
17 1735
18 1438
19 1245
20 1060
21 895
22 771
23 660
24 559
25 507
26 432
27 395
28 359
29 306
30 276
31 271
32 225
33 186
34 171
35 134
36 107
37 130
38 112
39 83
40 73
41 64
42 82
43 62
44 47
45 43
46 42
47 37
48 29
49 28
50 17
51 26
52 27
53 15
54 18
55 14
56 13
57 12
58 15
59 20
60 9
61 8
62 12
63 5
64 7
65 6
66 5
67 5
68 4
69 3
70 2
71 1
72 1
73 1
74 2
75 3
76 4
78 1
80 1
81 1
82 1
83 2
84 1
85 1
87 1
88 1
96 1
110 1
111 1
