5 400000 10
0 1500000
1 56364
2 21370
3 11811
4 7750
5 5602
6 4348
7 3399
8 2844
9 2408
10 2051
11 1777
12 1498
13 1373
14 1229
15 1113
16 1005
17 917
18 858
19 789
20 722
21 633
22 667
23 546
24 550
25 525
26 452
27 481
28 416
29 438
30 396
31 319
32 351
33 318
34 316
35 297
36 313
37 289
38 245
39 260
40 265
41 233
42 237
43 225
44 217
45 184
46 178
47 198
48 195
49 180
50 189
51 177
52 158
53 176
54 156
55 158
56 147
57 134
58 126
59 125
60 110
61 119
62 122
63 129
64 132
65 111
66 114
67 105
68 98
69 115
70 95
71 87
72 91
73 100
74 86
75 96
76 94
77 89
78 80
79 82
80 67
81 81
82 67
83 92
84 81
85 83
86 87
87 71
88 64
89 74
90 59
91 72
92 70
93 62
94 68
95 68
96 56
97 68
98 65
99 61
100 58
101 47
102 51
103 58
104 50
105 47
106 46
107 46
108 47
109 62
110 49
111 47
112 48
113 51
114 46
115 53
116 51
117 33
118 46
119 45
120 30
121 55
122 44
123 36
124 33
125 33
126 39
127 37
128 32
129 37
130 32
131 29
132 35
133 30
134 34
135 31
136 52
137 40
138 28
139 27
140 30
141 27
142 24
143 28
144 15
145 27
146 34
147 23
148 25
149 15
150 29
151 18
152 31
153 23
154 29
155 29
156 31
157 23
158 32
159 13
160 15
161 22
162 21
163 29
164 26
165 20
166 19
167 18
168 21
169 23
170 25
171 19
172 21
173 17
174 21
175 16
176 14
177 14
178 20
179 23
180 13
181 19
182 17
183 22
184 18
185 10
186 20
187 19
188 15
189 22
190 18
191 21
192 18
193 21
194 13
195 14
196 19
197 14
198 20
199 14
200 20
201 18
202 9
203 19
204 8
205 20
206 18
207 12
208 11
209 12
210 15
211 12
212 6
213 17
214 16
215 10
216 10
217 20
218 14
219 14
220 11
221 13
222 13
223 10
224 10
225 11
226 16
227 11
228 12
229 7
230 6
231 9
232 8
233 11
234 10
235 13
236 13
237 9
238 11
239 6
240 6
241 14
242 8
243 14
244 4
245 5
246 8
247 12
248 15
249 12
250 7
251 7
252 11
253 9
254 8
255 13
256 7
257 7
258 7
259 12
260 8
261 13
262 11
263 6
264 7
265 11
266 17
267 5
268 15
269 6
270 6
271 10
272 4
273 6
274 7
275 8
276 6
277 4
278 6
279 7
280 12
281 9
282 4
283 9
284 5
285 6
286 7
287 5
288 6
289 10
290 4
291 4
292 4
293 5
294 6
295 5
296 5
297 5
298 6
299 6
300 3
301 4
302 3
303 5
304 9
305 7
306 10
307 4
308 4
309 7
310 2
311 2
312 1
313 4
314 5
315 5
316 4
317 6
318 4
319 2
320 2
321 8
322 6
323 5
324 5
325 1
326 7
327 4
328 1
331 3
332 3
333 5
334 1
335 2
336 4
337 4
338 3
339 4
340 3
341 2
342 4
343 2
344 3
345 5
346 2
347 4
348 1
349 2
350 2
351 2
352 4
353 3
354 3
355 5
356 4
357 3
358 4
359 2
360 2
361 3
362 1
363 2
364 3
365 3
366 6
367 3
368 6
369 4
370 1
371 2
372 1
373 1
374 1
376 3
379 4
380 4
381 1
382 1
383 3
384 2
385 1
386 3
387 2
388 4
389 1
390 4
391 1
393 2
394 2
395 3
396 2
397 3
399 3
400 4
401 2
402 2
404 3
405 3
407 2
408 4
409 2
410 2
411 1
412 2
413 3
415 2
416 1
417 3
418 1
419 3
420 2
421 1
423 2
424 3
425 1
429 2
430 4
431 2
432 2
434 2
438 3
440 3
441 3
442 1
445 1
446 1
447 3
448 1
451 3
454 1
455 4
456 3
457 1
458 1
460 2
461 1
462 1
463 3
464 2
466 1
468 1
469 1
471 1
472 1
474 1
477 1
478 1
479 2
481 1
482 2
483 4
484 1
485 1
486 1
487 2
488 1
490 2
492 1
493 2
497 3
500 2
503 1
504 2
508 3
509 2
512 2
513 1
515 2
522 1
528 1
530 3
531 1
533 1
535 1
536 2
538 1
541 1
545 1
546 1
548 1
551 3
554 1
559 1
562 3
565 1
567 2
568 1
569 1
570 1
572 1
573 2
575 1
576 1
577 1
578 2
579 1
583 1
586 2
587 1
591 1
595 1
601 1
608 1
619 1
620 1
629 1
637 1
639 1
644 1
646 1
650 1
655 1
656 1
660 1
662 1
665 1
677 1
691 1
693 1
698 1
701 1
713 1
717 1
737 1
748 1
773 1
790 1
796 1
800 1
833 1
856 1
857 1
867 1
958 1
