5 200000 10
0 899993
1 1806
2 666
3 325
4 248
5 177
6 113
7 93
8 88
9 74
10 56
11 58
12 52
13 34
14 33
15 35
16 28
17 25
18 26
19 24
20 19
21 24
22 23
23 20
24 20
25 8
26 22
27 16
28 13
29 14
30 13
31 16
32 5
33 4
34 13
35 10
36 6
37 9
38 11
39 7
40 7
41 7
42 9
43 9
44 11
45 7
46 7
47 5
48 12
49 7
50 5
51 4
52 4
53 6
54 4
55 5
56 7
57 5
58 2
59 4
60 6
61 6
62 6
63 5
64 5
65 6
66 4
67 6
68 1
69 3
70 1
71 3
72 4
73 1
74 2
75 3
76 3
77 4
78 5
79 1
80 3
81 2
82 3
84 4
85 4
86 2
87 1
88 3
90 3
91 1
92 5
93 4
94 1
95 5
96 2
97 1
98 1
101 2
102 3
103 4
104 3
105 4
106 3
107 3
108 3
110 1
111 2
112 2
113 2
114 5
115 4
116 2
117 2
118 3
119 3
120 2
121 2
122 3
124 3
125 1
126 5
127 4
128 4
129 2
130 1
131 1
132 3
133 1
134 4
136 1
137 2
138 1
139 1
140 3
141 3
144 6
145 3
146 1
147 3
148 2
149 4
150 4
151 3
152 2
153 2
154 2
156 3
157 3
158 1
159 1
161 1
163 3
164 1
165 1
166 1
168 1
169 1
170 2
171 2
172 2
173 1
174 1
175 1
176 2
177 2
179 3
180 1
181 3
184 5
185 1
186 5
187 2
189 1
190 2
191 1
192 2
194 2
195 3
198 1
200 2
201 1
203 1
204 1
205 1
206 1
207 1
209 2
210 1
213 4
218 2
220 1
222 1
223 1
224 1
226 1
227 2
229 1
230 1
231 2
233 3
234 3
235 1
236 2
238 3
240 1
241 1
242 1
243 3
244 3
246 1
247 3
250 1
252 2
254 1
255 1
257 2
258 3
261 1
263 2
264 2
265 1
266 1
267 3
268 1
269 3
270 2
271 1
272 1
274 1
275 2
276 2
278 1
279 2
280 1
283 1
284 2
285 3
288 1
290 1
291 1
292 2
294 1
295 3
297 1
298 3
299 1
300 1
301 1
302 1
303 1
304 1
305 2
306 2
307 2
308 1
309 1
311 1
312 1
313 1
314 1
315 3
316 2
318 3
319 1
320 1
321 1
323 1
324 2
327 3
328 1
329 1
331 1
332 1
334 1
337 2
338 1
339 2
342 2
343 2
344 2
345 1
348 2
351 2
352 1
354 1
355 1
356 2
357 2
358 1
359 1
361 2
363 2
366 1
367 2
368 2
369 2
373 2
374 5
375 2
377 2
378 2
379 1
381 1
383 1
384 3
386 1
388 4
389 1
390 2
392 1
393 3
395 2
396 1
398 1
399 1
400 1
401 1
402 1
403 3
405 2
406 2
407 2
408 2
410 1
411 2
413 2
414 2
415 1
416 2
420 2
421 1
423 1
425 1
427 3
428 1
430 2
433 4
434 2
435 2
436 1
441 2
442 2
443 4
444 2
445 1
446 1
448 2
449 1
452 1
453 1
454 2
455 1
456 1
459 1
460 1
461 1
462 2
463 2
464 2
467 3
470 2
472 1
474 1
475 1
476 1
477 1
479 1
481 1
483 2
487 2
489 1
491 1
493 1
494 1
496 2
499 2
500 1
501 1
502 1
506 1
507 1
509 1
510 3
512 1
514 3
516 2
517 2
519 1
520 3
521 3
522 4
523 3
524 1
525 3
527 1
528 1
530 3
531 1
533 2
534 2
535 1
537 1
538 2
544 1
546 1
547 1
548 1
549 2
550 4
551 1
552 3
553 2
554 1
557 1
558 1
559 2
560 1
562 1
564 1
565 2
567 2
568 1
569 1
570 1
571 1
572 1
573 1
574 1
575 2
577 1
578 1
579 2
581 1
583 3
587 2
590 1
593 1
594 1
595 1
596 2
598 3
599 1
601 1
604 1
605 1
607 1
608 2
609 1
610 1
611 1
612 1
613 1
614 1
616 1
617 1
618 1
620 1
621 2
622 1
623 2
624 1
625 2
626 2
627 1
628 1
629 1
630 1
636 1
637 2
638 1
639 1
641 1
642 1
644 2
646 1
648 1
649 1
651 1
652 3
653 2
657 3
658 1
661 1
662 1
663 1
664 2
666 3
668 2
670 2
671 1
672 2
673 2
674 1
676 1
677 1
678 1
680 2
681 3
683 1
684 3
686 1
687 1
689 1
692 1
695 1
698 1
700 1
702 1
703 2
704 2
707 2
709 1
711 1
713 2
715 1
716 3
717 2
723 2
725 3
726 1
729 2
731 2
733 1
735 1
736 2
737 1
739 2
742 2
750 3
751 1
753 1
754 1
756 4
758 2
760 1
761 1
763 1
766 2
768 1
769 1
770 1
771 1
776 1
778 2
779 1
783 2
785 2
787 1
788 2
791 2
793 1
794 2
795 1
798 1
799 1
800 1
802 2
803 1
804 2
805 1
806 1
808 2
809 1
810 1
811 1
812 1
813 1
815 1
817 2
818 2
819 2
821 2
822 2
827 1
828 1
829 2
830 1
831 1
834 1
835 1
836 1
837 2
839 1
841 1
842 1
845 1
849 2
852 1
853 2
856 1
858 1
861 1
862 1
863 1
864 1
866 2
869 1
871 1
878 2
879 1
880 1
882 1
884 1
887 2
888 1
892 2
893 2
894 1
895 1
897 1
900 1
901 1
902 1
904 1
905 2
908 1
909 2
913 1
914 3
915 1
917 1
918 1
920 2
922 1
923 1
924 2
926 3
929 1
930 2
933 1
938 1
941 2
943 1
944 2
947 1
948 1
949 2
950 1
954 2
955 1
958 2
962 1
969 1
970 1
971 1
972 1
977 2
978 1
980 2
981 3
986 2
987 1
990 1
991 2
993 1
1001 1
1003 1
1004 2
1005 1
1008 1
1009 1
1011 1
1012 2
1017 1
1025 1
1026 1
1029 1
1031 1
1035 1
1043 1
1051 1
1053 1
1057 1
1061 1
1062 1
1065 2
1066 1
1070 1
1073 1
1081 1
1084 1
1086 1
1089 1
1094 2
1096 1
1097 1
1098 1
1101 1
1102 1
1103 1
1107 2
1108 2
1109 2
1112 2
1113 2
1114 2
1116 1
1117 1
1118 2
1120 1
1121 1
1128 1
1130 2
1132 1
1135 1
1140 1
1143 1
1145 1
1147 1
1159 1
1160 2
1167 3
1171 1
1173 1
1175 2
1176 2
1184 3
1186 1
1188 1
1190 1
1191 1
1192 1
1193 2
1196 1
1197 1
1202 1
1204 1
1205 1
1208 1
1209 2
1215 1
1216 1
1218 2
1222 1
1224 1
1226 1
1229 1
1230 1
1231 1
1233 1
1239 1
1243 1
1245 1
1247 1
1248 1
1252 1
1255 1
1256 1
1257 1
1260 2
1266 1
1275 2
1278 1
1279 1
1280 2
1283 2
1286 1
1289 3
1291 1
1292 1
1294 2
1297 1
1301 1
1308 1
1309 1
1314 3
1316 2
1323 1
1324 1
1329 1
1331 1
1342 1
1344 2
1347 1
1348 1
1357 1
1359 1
1360 1
1362 1
1364 1
1365 1
1373 1
1380 1
1383 1
1386 1
1389 2
1392 1
1393 1
1405 1
1406 1
1411 1
1418 1
1421 1
1424 1
1430 1
1431 1
1436 1
1437 1
1439 1
1442 2
1452 2
1454 1
1456 1
1459 1
1461 1
1463 1
1469 1
1473 1
1475 1
1478 1
1482 1
1487 1
1491 1
1493 1
1498 1
1501 1
1505 2
1506 1
1508 1
1518 1
1521 1
1523 1
1526 1
1534 1
1539 1
1547 1
1557 1
1559 2
1568 1
1572 1
1576 1
1580 1
1595 1
1597 1
1600 1
1602 1
1606 1
1612 1
1615 1
1623 1
1636 1
1652 1
1657 1
1658 1
1661 1
1668 1
1670 1
1671 2
1676 1
1681 1
1682 1
1684 1
1691 1
1693 1
1704 1
1709 1
1714 1
1723 1
1725 1
1726 1
1747 1
1765 1
1784 1
1786 1
1796 1
1799 1
1812 1
1815 1
1822 1
1831 1
1832 1
1834 1
1843 1
1857 1
1861 1
1870 1
1875 1
1881 1
1882 1
1886 2
1890 1
1895 2
1906 1
1919 1
1931 2
1934 1
1936 1
1942 1
1954 1
1957 1
1974 1
1984 1
1989 1
1992 1
1993 1
2009 1
2011 1
2013 1
2015 1
2020 1
2023 1
2075 1
2091 1
2096 1
2097 1
2101 2
2102 1
2111 1
2112 1
2149 1
2167 1
2182 1
2189 1
2193 1
2203 1
2220 1
2225 1
2232 1
2246 1
2254 1
2257 1
2270 1
2272 1
2280 1
2284 1
2288 1
2305 1
2330 1
2352 1
2361 1
2365 2
2369 1
2370 1
2376 1
2379 1
2390 1
2422 1
2437 1
2447 1
2454 1
2455 1
2495 1
2607 1
2689 1
2703 1
2711 1
2757 1
2878 1
2905 1
2956 1
3059 1
3193 1
3370 1
