5 400000 10
0 1647429
1 122
2 58
3 36
4 33
5 20
6 17
7 20
8 14
9 15
10 9
11 10
12 8
13 11
14 5
15 9
16 5
17 3
18 7
19 2
20 1
21 2
22 7
23 3
24 1
25 5
26 3
27 1
28 2
29 4
30 1
31 2
32 1
33 2
34 1
35 1
36 1
37 3
38 3
39 2
40 2
41 3
43 3
44 1
45 1
46 3
47 1
48 1
50 1
51 1
53 1
54 3
55 2
56 3
57 2
58 2
59 1
60 1
62 3
64 3
65 1
67 1
68 2
70 3
71 1
72 1
73 1
75 1
76 1
77 1
81 1
83 1
84 3
87 2
90 2
91 1
92 1
94 2
95 1
96 2
97 3
98 1
99 1
102 1
103 2
104 1
105 3
106 1
107 1
109 1
110 1
113 1
114 1
119 1
125 1
126 1
130 1
131 1
136 1
137 1
139 1
140 1
144 1
152 1
154 1
160 1
163 1
165 1
173 1
176 3
180 1
182 2
184 1
189 1
190 3
191 2
204 1
205 1
208 1
217 1
220 1
225 1
226 1
229 1
230 1
231 1
234 1
235 1
236 1
239 1
240 1
250 1
254 1
258 1
264 1
271 1
273 1
278 1
291 2
303 1
316 1
317 1
319 1
324 1
326 1
332 1
333 1
339 1
349 1
353 1
370 1
374 1
376 1
377 1
381 2
383 1
399 1
409 1
416 1
428 1
434 1
444 1
453 1
463 1
483 1
486 1
490 1
496 1
497 1
499 1
514 1
520 1
529 1
532 1
541 1
542 1
544 1
552 1
558 2
566 1
575 1
577 1
584 1
598 2
603 1
621 1
622 1
625 1
640 1
644 1
645 1
646 2
669 1
675 1
677 1
678 1
696 1
738 1
739 1
745 1
756 1
770 1
782 1
784 1
793 1
794 1
811 1
813 1
816 1
819 1
820 1
849 1
853 1
865 1
875 1
889 1
894 1
917 1
928 1
932 1
938 1
940 1
941 2
955 1
956 1
961 1
971 1
979 2
1000 1
1014 1
1030 1
1059 1
1068 1
1073 1
1087 1
1088 1
1100 1
1107 1
1124 1
1132 1
1133 1
1145 1
1148 1
1158 1
1164 1
1170 2
1175 1
1177 1
1179 1
1180 1
1184 1
1189 1
1196 1
1213 1
1217 1
1221 1
1232 1
1233 1
1234 1
1243 1
1253 2
1271 1
1272 1
1295 1
1313 2
1322 1
1333 1
1336 1
1353 1
1359 1
1368 1
1380 1
1392 2
1401 1
1420 1
1434 1
1436 1
1447 1
1459 1
1466 1
1491 1
1492 1
1495 1
1499 1
1504 1
1515 1
1522 1
1546 1
1553 1
1577 2
1583 1
1593 1
1604 1
1617 1
1627 1
1631 1
1637 1
1653 1
1661 1
1665 2
1681 1
1691 1
1699 1
1709 1
1721 1
1728 1
1729 1
1730 1
1735 1
1736 1
1737 1
1740 1
1749 1
1760 1
1782 1
1791 1
1792 1
1800 1
1802 2
1807 1
1809 1
1812 1
1822 1
1825 1
1837 1
1844 1
1847 1
1853 1
1881 1
1890 1
1893 1
1894 2
1906 1
1910 1
1931 1
1935 1
1937 1
1940 1
1944 1
1958 1
1961 1
1968 1
1970 1
1980 1
1984 1
1991 1
2002 1
2014 1
2026 1
2035 1
2048 1
2062 1
2063 3
2070 1
2076 1
2085 1
2093 1
2109 1
2114 1
2117 2
2118 1
2124 1
2132 1
2133 1
2137 1
2144 1
2150 1
2167 1
2176 1
2180 1
2194 1
2209 1
2210 2
2230 1
2231 1
2252 2
2258 1
2259 1
2260 1
2261 1
2267 1
2270 1
2272 1
2291 1
2295 1
2302 1
2303 1
2308 1
2315 1
2339 1
2341 1
2359 1
2373 1
2384 1
2388 1
2398 1
2402 1
2416 1
2421 1
2429 1
2441 1
2444 2
2466 1
2468 1
2485 1
2496 2
2508 1
2534 1
2548 1
2551 1
2561 1
2564 1
2579 1
2580 1
2590 1
2614 1
2616 1
2640 1
2644 1
2646 1
2649 1
2659 1
2673 1
2705 1
2737 1
2748 1
2755 1
2756 1
2776 1
2780 1
2790 1
2798 1
2799 1
2815 1
2863 1
2875 1
2885 1
2887 1
2899 1
2927 1
2950 1
2982 1
3002 1
3005 1
3016 1
3035 1
3042 1
3046 1
3059 1
3098 1
3104 1
3109 1
3120 1
3121 1
3155 1
3163 1
3192 1
3195 1
3210 1
3216 1
3238 1
3249 1
3253 1
3256 1
3309 1
3315 1
3319 1
3338 1
3354 2
3355 1
3357 2
3369 1
3391 1
3393 1
3412 1
3414 1
3418 1
3429 1
3450 1
3490 1
3505 1
3522 1
3541 1
3544 1
3559 1
3565 1
3576 1
3584 1
3587 1
3612 1
3614 1
3624 1
3628 1
3642 1
3670 1
3687 1
3702 1
3734 1
3745 1
3749 1
3756 1
3767 1
3774 1
3783 2
3791 1
3797 1
3801 1
3806 1
3812 1
3834 1
3855 1
3873 1
3883 1
3884 1
3887 1
3893 1
3905 1
3919 1
3924 1
3926 1
3936 1
3948 1
3959 1
3989 1
3991 1
4054 1
4086 1
4088 1
4092 1
4138 1
4151 1
4162 1
4163 1
4181 1
4186 1
4221 1
4239 1
4260 1
4262 2
4267 1
4272 1
4274 1
4311 1
4313 1
4331 1
4334 1
4336 1
4380 1
4395 1
4399 1
4422 1
4438 1
4450 1
4456 1
4457 1
4474 2
4517 1
4524 1
4525 1
4532 1
4562 1
4605 1
4611 1
4615 1
4632 1
4649 1
4669 1
4690 1
4742 1
4747 1
4749 1
4752 1
4764 1
4785 1
4795 1
4797 1
4823 1
4866 1
4867 1
4921 1
4927 1
4931 1
4951 1
4956 1
4988 1
5027 1
5044 1
5052 1
5100 1
5110 1
5135 1
5142 1
5160 2
5186 1
5199 1
5232 1
5265 1
5285 1
5347 1
5373 1
5383 1
5391 1
5414 1
5432 1
5435 1
5444 1
5457 1
5461 1
5481 1
5534 1
5548 1
5578 1
5677 1
5728 1
5730 1
5738 1
5753 1
5815 1
5846 2
5852 1
5854 1
5876 1
5912 1
5917 1
5971 1
5974 1
5975 1
5976 1
6020 1
6053 1
6071 1
6152 1
6237 1
6344 1
6351 1
6378 1
6400 1
6429 1
6447 1
6467 1
6485 2
6534 1
6571 1
6580 1
6606 2
6648 1
6724 1
6761 1
6803 1
6849 1
6870 1
6877 1
6883 1
6902 1
6991 1
6994 1
7012 1
7125 1
7200 1
7388 1
7407 1
7592 1
7604 1
7608 1
7620 1
7747 1
7754 1
7843 1
8048 1
8087 1
8098 1
8291 1
8305 1
8319 1
8524 2
8689 1
8712 1
8828 1
8834 1
8946 1
8952 1
9025 1
9043 1
9241 1
9396 1
9473 1
9554 1
9682 1
9817 1
9946 1
9962 1
10141 1
10293 1
10534 1
10654 1
10805 1
10849 1
10909 1
10990 1
11768 1
11913 1
12111 1
13775 1
16258 1
