5 400000 10
0 1200000
1 199899
2 74953
3 40765
4 25700
5 18080
6 13577
7 10299
8 8439
9 6908
10 5693
11 4643
12 4030
13 3564
14 3067
15 2664
16 2316
17 2036
18 1781
19 1668
20 1423
21 1333
22 1165
23 1109
24 982
25 871
26 850
27 753
28 674
29 581
30 556
31 595
32 488
33 467
34 400
35 362
36 367
37 384
38 323
39 296
40 277
41 255
42 231
43 224
44 243
45 187
46 207
47 162
48 167
49 149
50 133
51 141
52 140
53 118
54 93
55 101
56 101
57 95
58 82
59 86
60 73
61 64
62 80
63 81
64 63
65 60
66 52
67 44
68 39
69 56
70 37
71 44
72 32
73 27
74 28
75 31
76 31
77 38
78 40
79 27
80 26
81 16
82 28
83 15
84 21
85 14
86 14
87 12
88 11
89 10
90 7
91 17
92 9
93 14
94 12
95 10
96 10
97 9
98 7
99 11
100 5
101 9
102 7
103 9
104 6
105 7
106 3
107 4
108 6
109 4
110 4
111 7
112 3
113 2
114 2
115 5
116 3
117 5
118 3
120 1
121 1
122 3
123 2
124 7
125 4
126 2
127 2
129 1
131 1
132 4
134 1
135 1
136 1
138 4
139 1
140 1
145 1
148 1
152 1
155 1
156 1
168 1
171 1
190 1
213 1
