5 400000 10
0 1300000
1 147434
2 55895
3 30613
4 19503
5 14033
6 10615
7 8172
8 6592
9 5791
10 4674
11 3896
12 3445
13 3091
14 2729
15 2434
16 2066
17 1853
18 1648
19 1620
20 1442
21 1260
22 1144
23 1039
24 1027
25 910
26 803
27 805
28 752
29 704
30 589
31 581
32 507
33 574
34 502
35 454
36 439
37 377
38 388
39 362
40 335
41 339
42 298
43 304
44 284
45 269
46 227
47 274
48 198
49 214
50 205
51 187
52 205
53 155
54 203
55 133
56 162
57 146
58 150
59 148
60 108
61 134
62 122
63 110
64 123
65 110
66 113
67 99
68 97
69 94
70 93
71 84
72 82
73 73
74 78
75 91
76 67
77 73
78 56
79 62
80 58
81 57
82 58
83 44
84 48
85 44
86 40
87 43
88 49
89 33
90 38
91 36
92 41
93 37
94 29
95 29
96 24
97 38
98 30
99 35
100 28
101 25
102 23
103 22
104 19
105 22
106 15
107 17
108 19
109 28
110 15
111 23
112 11
113 9
114 14
115 12
116 23
117 12
118 12
119 7
120 5
121 14
122 11
123 11
124 15
125 12
126 13
127 12
128 4
129 13
130 13
131 8
132 13
133 7
134 11
135 5
136 14
137 8
138 4
139 9
140 5
141 6
142 3
143 8
144 3
145 4
146 7
147 1
148 4
149 4
150 8
151 4
152 6
153 4
154 3
155 2
156 3
157 3
158 3
159 5
160 6
161 1
162 6
163 1
164 3
165 1
166 4
167 1
168 2
169 1
170 4
171 1
172 2
173 1
174 2
177 2
178 3
179 2
180 1
181 2
182 4
183 4
184 2
186 2
187 2
188 2
189 2
190 1
191 1
192 3
195 1
198 1
200 3
203 2
205 1
207 2
211 1
214 1
225 1
229 1
234 1
248 2
250 1
272 1
275 1
289 1
