5 200000 10
0 600000
1 150190
2 53269
3 28209
4 17378
5 11796
6 8449
7 6392
8 5061
9 3825
10 3211
11 2525
12 2044
13 1784
14 1492
15 1285
16 1126
17 959
18 733
19 702
20 605
21 543
22 451
23 394
24 369
25 271
26 298
27 233
28 216
29 207
30 168
31 144
32 153
33 130
34 132
35 109
36 84
37 87
38 59
39 72
40 46
41 53
42 47
43 41
44 41
45 40
46 25
47 33
48 27
49 19
50 22
51 21
52 16
53 20
54 14
55 10
56 13
57 10
58 11
59 7
60 4
61 7
62 4
63 5
64 4
65 2
66 6
68 2
69 2
70 2
71 1
72 2
73 2
75 1
76 4
77 2
79 1
82 2
87 1
90 1
93 2
97 1
98 1
100 1
112 1
114 1
116 1
126 1
