5 200000 10
0 904534
1 102
2 59
3 36
4 26
5 23
6 15
7 12
8 12
9 18
10 8
11 9
12 9
13 5
14 5
15 5
16 6
17 1
18 4
19 4
20 1
21 5
23 1
24 3
25 5
26 4
27 5
28 4
29 3
30 5
31 2
32 2
33 2
34 1
35 2
36 2
37 2
38 4
39 3
40 1
41 2
42 3
43 1
45 1
46 2
47 1
48 2
49 1
50 1
51 2
52 1
53 3
56 1
57 1
58 1
60 2
61 3
62 2
64 1
65 1
66 2
67 2
69 2
71 1
72 1
73 1
74 1
76 2
77 1
78 1
80 2
82 4
85 1
87 2
89 1
91 1
92 2
93 2
94 1
95 2
96 1
99 1
100 1
103 2
104 1
109 1
110 1
111 1
114 1
115 1
121 1
122 1
124 1
125 2
127 1
128 1
129 2
130 3
131 1
132 1
133 1
134 2
135 1
137 2
142 1
144 1
147 2
149 1
150 1
159 1
165 1
168 1
169 3
170 1
173 1
177 2
183 1
191 1
192 1
193 1
195 1
196 1
204 1
215 1
223 1
227 2
228 1
235 1
237 1
239 1
248 1
252 1
255 1
257 1
262 1
263 1
268 1
269 1
271 1
272 1
274 1
277 1
278 1
285 1
291 1
297 1
298 2
303 2
306 2
308 1
315 1
317 1
321 1
330 1
331 1
341 2
351 1
352 1
358 1
366 1
367 2
370 1
371 1
372 1
379 1
381 1
382 1
384 1
386 1
390 1
392 1
393 1
394 3
397 1
398 1
401 1
402 1
403 1
404 1
406 1
410 1
412 1
414 1
415 1
417 1
420 1
426 3
433 1
441 1
443 1
448 2
450 2
452 1
453 1
463 1
465 1
467 1
470 1
472 1
483 2
487 2
490 2
503 2
504 1
514 1
521 1
522 2
524 1
529 1
530 2
531 1
533 1
535 2
538 1
544 1
549 1
554 1
556 1
561 1
562 1
570 2
571 1
572 1
574 1
575 1
582 1
587 1
589 1
593 1
595 1
598 1
600 1
606 1
614 1
616 1
621 2
630 2
631 1
642 1
643 1
644 1
646 1
649 1
650 1
654 1
660 1
663 1
667 1
681 1
686 1
689 2
690 1
691 2
694 2
696 1
697 1
701 1
704 1
707 1
710 1
714 1
716 1
721 1
723 2
725 2
730 1
732 1
736 1
738 1
740 2
742 1
750 1
751 1
754 1
757 1
759 1
760 1
761 1
762 1
768 1
770 1
776 1
779 1
780 1
781 1
782 1
783 1
784 2
785 2
789 1
790 1
792 1
796 1
797 1
799 1
802 1
803 1
806 1
808 2
813 1
817 2
819 1
820 1
823 1
826 1
829 2
838 1
842 2
844 1
845 2
849 1
853 1
854 1
857 1
863 1
866 1
868 1
872 1
873 1
875 1
889 1
891 1
894 1
896 1
898 1
903 1
905 1
906 1
911 1
918 1
919 1
926 1
927 1
938 1
941 1
942 1
944 1
945 1
947 1
950 1
957 1
958 1
959 1
962 1
963 1
965 1
969 1
978 2
995 1
997 1
1000 1
1006 1
1007 1
1014 1
1016 1
1028 2
1033 1
1037 1
1039 1
1042 1
1050 1
1054 1
1064 1
1066 1
1071 1
1078 1
1079 2
1085 1
1088 1
1093 1
1094 1
1095 1
1102 1
1108 1
1109 1
1114 2
1121 2
1129 1
1131 1
1132 1
1134 1
1135 1
1141 1
1142 1
1150 1
1151 1
1170 1
1173 2
1174 1
1178 1
1183 1
1185 1
1192 1
1194 1
1201 1
1202 1
1206 2
1209 1
1212 1
1217 1
1218 1
1222 1
1225 1
1227 1
1231 1
1237 1
1245 1
1248 2
1256 1
1257 1
1261 1
1264 2
1265 1
1267 2
1269 1
1272 1
1279 2
1280 1
1284 1
1291 1
1294 1
1297 1
1298 1
1300 1
1302 1
1311 1
1312 1
1324 1
1326 1
1338 1
1350 1
1357 1
1360 1
1362 1
1364 1
1371 1
1376 1
1378 2
1381 1
1382 1
1388 3
1389 1
1391 1
1392 1
1397 1
1401 3
1408 1
1415 1
1417 1
1420 1
1422 1
1428 1
1433 1
1438 1
1444 1
1454 1
1456 1
1458 1
1460 1
1470 1
1474 1
1475 1
1476 1
1480 1
1481 1
1484 1
1485 1
1486 1
1487 1
1489 1
1491 1
1492 1
1494 1
1497 2
1502 1
1503 1
1506 1
1507 1
1509 1
1517 1
1519 1
1520 1
1523 1
1524 1
1526 1
1535 2
1551 1
1554 1
1559 1
1579 2
1581 1
1584 1
1585 1
1589 1
1590 1
1595 1
1600 1
1606 1
1610 1
1615 1
1616 1
1619 1
1623 1
1626 1
1631 1
1634 1
1636 1
1641 1
1650 1
1672 1
1676 3
1677 1
1678 1
1683 1
1684 1
1687 1
1694 2
1696 1
1708 1
1710 1
1715 1
1720 1
1723 1
1736 1
1737 1
1755 1
1757 1
1759 1
1763 1
1765 1
1773 1
1778 1
1786 1
1803 1
1815 1
1823 1
1826 1
1829 1
1830 1
1834 1
1838 2
1847 1
1848 1
1861 1
1866 1
1870 1
1884 1
1897 1
1899 1
1911 1
1915 1
1923 1
1932 1
1940 1
1941 1
1961 1
1963 1
1969 1
1975 1
1977 1
1982 1
1988 1
1999 1
2005 1
2006 1
2009 1
2025 1
2030 1
2044 1
2047 1
2050 1
2059 1
2061 1
2066 1
2070 1
2089 1
2102 1
2106 1
2109 2
2133 1
2136 1
2139 1
2151 1
2152 1
2159 1
2162 1
2168 1
2169 1
2170 1
2180 1
2189 1
2192 1
2200 1
2220 1
2224 1
2239 1
2244 1
2250 1
2251 1
2253 1
2259 1
2262 1
2263 2
2270 1
2273 2
2275 1
2277 1
2280 1
2289 1
2314 1
2315 2
2353 1
2354 1
2361 1
2370 1
2378 1
2380 1
2381 1
2382 1
2384 1
2391 1
2406 1
2407 1
2413 1
2414 1
2427 1
2431 1
2432 1
2443 1
2450 1
2464 1
2474 1
2476 1
2509 1
2517 1
2537 1
2538 1
2543 1
2564 1
2572 1
2584 1
2597 1
2624 1
2644 1
2649 2
2653 1
2656 1
2661 1
2665 1
2670 1
2682 1
2685 1
2687 1
2697 1
2732 1
2751 1
2778 1
2794 1
2812 1
2839 1
2848 1
2855 1
2867 1
2872 1
2878 1
2889 1
2894 1
2898 1
2961 1
2981 1
2982 1
2983 1
2995 1
3012 1
3017 1
3030 1
3042 1
3056 1
3061 1
3065 1
3082 1
3140 1
3152 1
3164 1
3168 1
3218 1
3287 1
3292 1
3310 1
3320 1
3322 1
3325 1
3375 1
3383 1
3429 1
3523 1
3531 1
3562 1
3613 1
3678 1
3681 1
3699 1
3725 1
3735 1
3759 1
3807 1
3842 1
3862 1
4102 1
4120 1
4201 1
4238 1
4249 1
4264 1
4277 1
4304 1
4323 1
4408 1
4639 1
4726 1
5015 1
5019 1
5042 1
5087 1
5137 1
5229 1
5873 1
