5 200000 10
0 800000
1 41762
2 15497
3 8696
4 5689
5 4040
6 3014
7 2431
8 1953
9 1734
10 1461
11 1327
12 1109
13 955
14 870
15 810
16 674
17 638
18 591
19 579
20 510
21 494
22 428
23 393
24 348
25 379
26 317
27 333
28 293
29 288
30 267
31 268
32 247
33 210
34 227
35 215
36 215
37 204
38 177
39 189
40 157
41 154
42 153
43 150
44 127
45 125
46 130
47 117
48 124
49 130
50 96
51 105
52 113
53 125
54 107
55 108
56 86
57 89
58 97
59 74
60 80
61 86
62 77
63 87
64 81
65 65
66 70
67 53
68 63
69 59
70 59
71 66
72 58
73 51
74 51
75 61
76 59
77 58
78 63
79 51
80 45
81 45
82 48
83 46
84 40
85 31
86 38
87 34
88 36
89 36
90 37
91 36
92 26
93 39
94 35
95 36
96 25
97 29
98 29
99 25
100 35
101 30
102 21
103 21
104 25
105 20
106 23
107 29
108 26
109 30
110 22
111 19
112 30
113 23
114 26
115 19
116 21
117 15
118 19
119 16
120 23
121 20
122 14
123 15
124 20
125 11
126 10
127 15
128 14
129 12
130 21
131 15
132 21
133 14
134 15
135 10
136 13
137 14
138 15
139 12
140 9
141 8
142 9
143 17
144 17
145 16
146 11
147 11
148 10
149 9
150 12
151 11
152 12
153 6
154 9
155 12
156 5
157 13
158 11
159 12
160 10
161 10
162 10
163 11
164 9
165 8
166 11
167 10
168 12
169 5
170 7
171 5
172 3
173 13
174 7
175 7
176 9
177 8
178 9
179 2
180 7
181 6
182 7
183 5
184 5
185 3
186 6
187 5
188 8
189 4
190 3
191 7
192 3
193 7
194 3
195 4
196 3
197 7
198 7
199 4
200 2
201 5
202 3
203 6
204 4
205 6
206 8
207 4
208 8
209 7
210 3
211 1
212 3
213 3
214 5
215 2
216 1
217 5
218 4
219 1
220 5
221 4
222 3
223 5
224 4
225 4
226 6
228 5
229 5
230 5
231 3
232 4
233 3
234 2
235 2
236 2
237 2
238 1
239 2
240 4
241 1
242 1
243 3
244 4
245 1
248 2
249 2
250 2
252 1
253 3
254 2
256 1
257 1
258 2
259 2
260 4
261 2
262 1
263 1
265 1
266 1
268 2
269 2
270 1
272 1
273 2
274 2
275 1
277 1
278 1
279 1
280 1
281 3
282 1
283 1
284 1
285 1
287 1
289 2
292 1
294 1
296 1
298 1
299 1
303 2
305 1
306 1
308 1
313 1
315 1
319 1
323 1
326 1
327 1
328 1
329 2
331 1
336 1
338 1
342 1
344 2
345 1
349 1
350 1
355 1
356 1
363 1
365 1
370 1
372 1
381 1
384 1
390 1
396 1
397 1
414 1
478 1
493 1
536 1
