100 1000 50
0 91063
1 11
2 41
3 97
4 147
5 243
6 302
7 339
8 348
9 323
10 325
11 258
12 220
13 205
14 155
15 142
16 101
17 76
18 69
19 44
20 43
21 32
22 22
23 17
24 25
25 20
26 7
27 5
28 7
29 5
30 9
31 3
32 7
33 6
34 3
35 2
36 1
37 3
38 3
39 4
40 1
41 1
42 1
45 1
46 1
47 1
49 1
50 1
51 1
52 3
53 1
54 1
56 2
57 2
59 2
60 1
63 1
64 1
66 1
67 1
68 2
69 2
71 3
75 1
79 2
82 1
86 1
87 1
89 1
91 1
97 2
98 1
101 1
104 3
106 1
108 1
109 1
113 2
114 1
115 1
116 1
117 2
118 1
119 1
120 1
123 2
127 1
129 1
132 1
135 1
141 3
142 2
143 1
144 1
147 1
154 1
155 1
156 1
157 2
160 2
162 1
164 2
165 1
167 2
169 1
170 1
171 3
172 1
174 1
175 1
176 2
177 2
180 2
182 1
184 1
185 1
186 1
187 1
188 1
190 1
191 2
193 2
195 1
196 1
197 2
202 3
203 1
204 3
205 2
206 1
208 1
209 2
213 1
217 1
218 2
219 2
220 1
222 1
224 2
225 2
226 1
228 2
229 1
230 1
233 2
234 2
235 1
238 1
239 1
240 1
241 1
242 2
245 2
247 1
249 1
252 2
254 1
256 1
257 2
258 3
259 1
260 1
261 3
262 3
263 1
264 1
265 1
266 1
267 2
268 2
270 3
271 1
272 2
273 2
275 2
276 4
278 1
280 2
281 2
282 1
283 1
284 4
285 1
286 2
287 1
288 1
289 2
290 1
291 1
292 1
293 2
294 3
298 1
300 2
301 6
302 3
303 1
304 3
305 2
306 3
307 2
308 2
309 6
310 1
311 2
312 1
315 2
317 1
318 2
319 1
320 1
321 1
322 1
323 2
324 1
325 1
326 1
327 2
328 1
329 1
330 1
331 1
332 1
337 1
345 1
346 1
348 2
351 1
358 1
