100 1000 50
0 91856
1 3
2 13
3 15
4 39
5 74
6 119
7 170
8 165
9 226
10 201
11 214
12 222
13 177
14 176
15 191
16 129
17 112
18 76
19 98
20 67
21 52
22 38
23 48
24 32
25 27
26 27
27 19
28 19
29 13
30 19
31 16
32 10
33 9
34 4
35 5
36 5
37 6
38 5
39 4
40 2
41 7
42 3
43 3
44 1
45 1
46 2
47 2
48 2
49 2
50 2
51 1
53 1
54 3
56 3
57 3
59 1
60 1
61 2
62 1
63 1
64 2
65 1
68 1
69 1
71 3
74 1
76 2
77 1
79 2
80 1
81 1
82 2
84 2
87 2
88 1
89 1
91 2
93 2
94 2
96 3
98 4
99 1
100 2
106 1
114 2
115 2
119 1
126 1
127 1
128 1
130 1
132 1
133 1
137 2
141 1
142 2
143 1
145 1
146 1
148 1
149 2
150 2
151 1
152 1
154 2
156 1
157 3
158 1
159 2
162 3
164 1
165 1
168 3
172 1
173 1
175 1
176 1
177 1
178 2
179 3
181 1
182 3
183 1
184 1
185 1
186 1
189 1
191 1
193 3
195 1
196 1
199 1
203 1
204 1
205 2
206 2
207 1
208 1
210 1
211 1
212 1
213 1
214 1
215 3
216 1
217 1
218 4
220 1
224 1
225 1
226 1
228 3
229 2
230 1
231 2
232 2
233 1
235 2
236 1
237 1
238 1
239 2
243 1
244 3
246 1
247 1
249 4
250 3
251 2
252 2
253 1
255 4
256 1
257 1
259 1
260 2
261 1
262 2
264 1
265 1
266 2
267 2
268 2
269 2
270 3
271 1
272 2
273 2
275 1
276 1
277 1
279 2
280 1
282 2
283 1
284 1
285 2
286 2
287 2
288 3
289 3
290 3
291 1
293 2
295 1
296 1
298 2
299 4
300 1
301 2
302 2
303 1
304 3
305 3
307 1
309 1
310 2
313 2
315 1
316 1
317 2
318 2
320 4
321 2
325 1
326 2
336 1
346 1
348 1
351 2
356 1
