100 1000 50
0 92034
1 1
2 2
3 16
4 27
5 62
6 82
7 110
8 129
9 168
10 198
11 213
12 186
13 182
14 168
15 164
16 139
17 133
18 102
19 105
20 61
21 71
22 45
23 55
24 46
25 27
26 24
27 25
28 28
29 10
30 17
31 11
32 7
33 11
34 11
35 4
36 11
37 3
38 5
39 5
40 4
41 6
42 2
43 1
44 6
45 1
48 1
49 3
50 3
51 6
52 3
53 3
56 2
57 3
58 2
59 3
60 2
61 4
62 1
63 1
72 1
74 2
76 1
77 1
81 2
83 1
87 1
88 1
90 3
91 1
92 1
93 1
94 1
99 2
101 1
103 1
105 1
106 1
107 1
108 1
109 2
111 2
112 1
113 2
116 1
118 3
119 1
120 1
123 1
124 1
126 1
131 1
132 1
137 1
138 1
140 1
143 2
144 1
145 1
146 1
148 2
151 2
152 3
155 2
156 1
157 1
161 2
164 1
165 1
168 1
169 1
171 2
173 3
178 5
179 1
180 1
181 3
184 2
185 1
187 1
188 3
190 2
192 2
193 1
195 1
197 1
198 2
199 1
200 3
202 1
203 1
204 3
205 1
207 1
208 2
210 1
212 1
213 2
214 2
215 2
217 1
218 1
223 1
225 2
226 3
227 2
229 1
230 1
234 1
235 2
236 1
237 2
238 2
239 2
240 1
241 1
242 1
244 2
245 1
248 2
250 2
252 1
253 1
254 1
255 1
256 4
258 2
259 1
261 4
262 2
264 2
265 2
267 1
268 1
270 2
271 3
272 4
273 1
274 3
275 4
276 1
277 2
278 1
279 3
281 2
282 4
283 4
284 4
286 1
287 2
288 1
289 2
290 3
293 3
295 2
296 1
297 1
298 2
299 2
300 2
302 2
303 1
305 1
306 2
307 1
308 3
309 4
310 1
312 2
313 1
314 1
316 1
319 1
321 1
324 1
325 3
327 1
328 1
329 1
335 1
342 1
350 1
