100 1000 50
0 92020
1 2
2 3
3 15
4 31
5 49
6 82
7 116
8 161
9 168
10 165
11 215
12 195
13 199
14 182
15 176
16 129
17 146
18 107
19 68
20 66
21 56
22 53
23 46
24 38
25 38
26 24
27 38
28 16
29 19
30 21
31 10
32 8
33 8
34 10
35 6
36 3
37 9
38 4
39 4
40 4
41 3
42 6
43 2
44 2
45 1
46 4
47 1
48 2
50 1
51 1
52 1
55 1
57 1
58 1
59 1
60 1
61 1
62 2
63 2
64 2
66 1
67 3
70 1
71 1
72 2
73 2
74 1
76 2
77 1
80 1
81 2
82 1
83 1
88 2
89 1
92 1
93 1
95 1
97 2
99 2
100 1
101 1
103 1
104 1
105 1
108 1
109 1
111 3
113 3
114 2
120 1
121 1
123 1
124 1
129 1
130 1
132 1
133 1
135 2
138 1
139 2
140 1
141 1
142 1
143 1
148 1
149 1
150 1
156 2
157 1
158 1
159 2
160 2
163 2
165 1
167 2
168 1
169 3
170 1
172 1
174 3
176 1
177 1
179 1
180 2
182 1
183 1
184 1
185 2
188 1
189 1
190 1
191 1
192 2
193 2
194 1
196 1
197 1
199 3
201 1
202 1
203 2
204 1
207 1
209 2
215 1
217 4
218 1
219 2
220 2
222 3
223 3
224 1
227 1
228 3
230 2
231 1
232 1
235 3
236 1
237 1
238 1
239 2
241 1
243 1
244 1
245 2
246 1
247 2
249 5
250 2
251 1
252 1
253 3
254 1
255 1
256 3
257 1
258 1
259 4
260 1
262 2
267 2
268 1
270 2
272 4
273 1
274 1
275 1
276 1
278 3
279 2
280 3
282 2
283 1
285 2
286 3
287 1
288 1
289 3
290 2
292 1
293 3
296 2
297 2
298 2
299 3
300 1
301 2
302 4
303 4
304 1
305 4
307 1
309 1
310 2
311 3
312 2
314 1
315 3
316 2
319 1
322 1
323 1
325 1
326 1
330 2
332 1
344 1
346 1
375 1
