100 1000 50
0 91984
1 1
2 5
3 21
4 25
5 54
6 75
7 134
8 155
9 207
10 194
11 224
12 193
13 198
14 174
15 153
16 143
17 113
18 108
19 81
20 93
21 48
22 59
23 32
24 33
25 39
26 28
27 14
28 19
29 13
30 19
31 12
32 9
33 9
34 7
35 5
36 4
37 5
38 4
39 4
40 7
41 6
42 2
43 1
44 1
45 3
47 2
48 3
49 4
51 4
52 1
54 2
55 3
56 2
57 1
59 1
60 3
61 1
62 1
63 1
64 4
65 2
66 1
67 1
71 2
72 1
73 2
74 1
75 2
78 1
80 1
81 1
84 1
85 1
87 2
89 2
91 1
93 1
94 1
96 1
98 1
102 3
103 1
104 1
105 1
106 2
110 3
111 1
114 2
115 1
116 2
119 1
124 1
126 1
133 1
136 1
137 1
138 1
140 1
143 1
144 1
149 1
151 2
152 1
153 1
155 1
158 1
159 2
160 1
161 1
162 3
163 2
164 2
165 2
166 4
167 3
168 1
171 2
174 1
176 1
179 2
182 2
183 1
186 1
187 1
189 1
190 2
191 1
192 2
193 2
196 1
199 1
202 2
203 2
204 2
208 1
209 1
210 1
211 1
213 1
216 1
217 1
218 2
219 2
220 1
221 2
222 1
224 1
226 2
227 4
228 1
229 1
230 1
232 3
233 1
234 1
236 2
237 2
239 5
240 1
241 1
242 1
244 2
245 1
246 1
247 5
248 2
249 1
250 2
252 4
253 1
255 2
257 3
258 1
259 2
260 1
261 1
262 1
264 2
266 1
267 2
269 1
270 1
271 2
272 3
273 5
274 2
277 1
278 3
279 2
282 1
283 1
284 3
285 1
286 1
287 1
288 1
291 1
292 2
294 1
296 2
297 1
298 1
299 1
303 2
304 2
305 2
306 2
308 2
309 2
310 3
311 1
313 1
314 1
315 2
316 1
317 2
318 1
319 1
320 1
321 2
322 2
325 2
326 1
327 3
328 2
330 1
333 1
342 3
347 1
349 2
359 1
361 1
