100 1000 50
0 91957
2 5
3 11
4 37
5 49
6 95
7 131
8 143
9 211
10 180
11 214
12 209
13 199
14 167
15 177
16 131
17 120
18 91
19 88
20 90
21 44
22 52
23 48
24 41
25 35
26 33
27 18
28 21
29 16
30 15
31 14
32 7
33 11
34 9
35 8
36 9
37 5
38 6
39 5
40 5
41 4
42 3
43 1
45 4
46 3
47 3
48 2
49 3
50 1
53 4
54 1
56 1
58 3
59 1
60 2
61 3
63 1
65 2
66 1
69 1
70 1
71 1
73 1
74 1
75 1
76 1
78 1
79 1
80 3
81 1
82 2
83 1
85 1
86 2
87 2
88 1
92 1
95 1
97 1
98 1
102 3
104 1
105 1
109 1
112 1
114 1
115 1
117 1
118 2
119 1
121 1
124 1
129 1
130 1
135 1
138 2
139 2
140 1
142 1
143 1
144 1
145 1
147 5
148 2
150 2
151 1
152 1
155 1
156 1
158 2
160 1
162 3
164 2
165 1
166 4
167 1
169 1
170 1
174 1
178 1
180 1
183 1
185 1
186 1
187 2
188 2
189 1
190 3
191 1
192 1
193 1
194 1
196 3
198 1
199 2
200 1
202 1
203 1
205 2
206 4
207 1
209 2
210 1
211 1
213 1
218 2
219 1
221 1
222 2
223 1
224 3
226 2
231 2
232 4
234 1
236 1
237 3
238 2
239 1
241 1
242 2
243 1
244 4
245 5
246 1
247 2
248 2
249 1
250 4
251 3
252 4
254 1
255 3
256 2
258 1
259 2
260 1
261 1
263 2
264 2
265 2
267 1
268 3
269 2
270 1
271 4
272 3
273 1
277 2
278 1
279 1
280 1
281 1
282 3
283 2
286 1
287 1
288 2
289 2
291 1
294 1
295 2
297 1
298 2
300 1
301 4
302 3
303 2
305 2
306 2
308 1
311 2
312 1
314 5
315 2
319 1
320 1
321 1
322 2
323 1
325 2
332 1
338 1
345 1
348 2
354 1
