100 1000 50
0 91451
1 3
2 23
3 37
4 84
5 131
6 200
7 222
8 290
9 325
10 265
11 249
12 244
13 216
14 152
15 170
16 126
17 119
18 76
19 59
20 47
21 43
22 35
23 18
24 27
25 18
26 12
27 12
28 7
29 11
30 9
31 4
32 5
33 6
34 4
35 6
36 2
37 5
38 1
39 4
40 3
41 4
42 1
43 1
44 5
45 1
46 2
47 1
48 1
49 2
50 1
52 1
53 2
55 1
57 2
58 1
59 5
60 1
63 2
66 1
67 2
71 1
72 1
73 1
74 1
76 1
79 1
84 1
86 2
87 1
88 1
89 1
90 2
91 3
93 1
94 1
95 1
98 2
100 1
102 1
103 1
111 1
113 1
115 1
118 2
121 1
122 2
123 1
127 2
132 1
137 1
138 2
139 1
140 2
142 2
143 1
144 1
147 1
149 2
150 2
153 1
154 2
155 1
158 1
159 1
166 1
168 1
169 1
170 1
172 2
173 3
175 3
178 4
179 4
180 1
181 2
183 1
184 2
185 1
191 2
193 2
194 2
197 2
198 2
199 1
200 2
201 1
202 2
203 1
205 1
210 1
211 1
213 2
214 1
215 1
217 1
218 1
220 1
221 1
222 1
223 3
224 2
225 2
226 2
227 1
229 1
231 1
233 1
234 2
235 3
236 1
238 1
239 1
241 2
242 2
244 1
245 1
246 2
247 3
249 2
250 1
253 1
254 1
255 1
256 1
257 3
258 2
259 5
260 1
261 3
263 1
266 1
267 3
268 4
275 1
277 2
279 1
280 1
281 3
284 2
285 2
286 4
287 1
289 2
290 3
291 1
292 2
293 1
294 1
295 7
296 2
298 1
299 2
302 1
303 1
304 2
305 2
306 3
307 4
308 3
310 1
311 1
312 1
314 2
316 4
317 2
318 1
319 1
320 1
321 1
323 1
326 1
327 2
328 1
329 2
330 1
331 1
332 1
334 1
336 1
338 1
339 2
343 1
357 1
362 1
