100 1000 50
0 85554
1 367
2 679
3 918
4 979
5 918
6 762
7 720
8 583
9 489
10 415
11 343
12 250
13 245
14 212
15 187
16 131
17 121
18 86
19 82
20 87
21 67
22 50
23 47
24 54
25 51
26 47
27 35
28 30
29 23
30 35
31 21
32 19
33 24
34 12
35 17
36 18
37 10
38 17
39 13
40 10
41 14
42 15
43 10
44 7
45 6
46 9
47 10
48 4
49 11
50 3
51 6
52 5
53 5
54 6
55 3
56 5
57 6
58 4
59 3
60 7
61 6
62 3
63 5
64 4
65 1
66 2
67 4
68 7
69 5
70 3
71 2
72 6
73 2
75 3
76 4
77 2
78 2
80 1
81 3
82 4
83 1
84 1
85 1
86 2
92 1
94 3
95 1
96 1
97 2
99 2
100 3
102 3
105 2
107 3
108 1
109 2
111 1
113 1
114 1
115 3
116 1
119 1
120 1
121 4
124 2
125 1
126 1
128 2
129 2
130 2
131 1
133 1
134 1
139 1
140 1
141 2
142 3
146 2
152 1
153 1
159 1
165 1
167 1
169 1
170 1
171 1
172 1
173 1
174 1
178 1
181 1
182 1
188 1
198 1
199 2
213 1
217 1
237 1
240 1
