100 1000 50
0 91353
1 10
2 17
3 45
4 109
5 171
6 233
7 266
8 325
9 298
10 270
11 235
12 239
13 196
14 175
15 134
16 134
17 77
18 90
19 68
20 60
21 26
22 38
23 25
24 16
25 15
26 17
27 15
28 14
29 7
30 8
31 6
32 5
33 4
34 3
35 2
36 5
37 5
38 3
39 3
40 4
42 3
43 2
44 2
45 5
46 1
48 2
50 1
51 1
52 1
53 1
54 2
55 1
58 1
59 2
60 2
61 1
62 1
63 1
68 2
70 2
73 1
74 1
76 1
77 1
80 1
81 1
83 1
84 1
87 1
89 2
91 1
95 1
96 1
100 1
101 1
102 2
105 1
106 1
109 2
110 2
112 1
114 1
115 1
121 1
127 1
129 3
132 1
133 1
134 1
136 1
142 2
143 2
144 1
145 1
146 1
152 1
153 3
156 1
157 1
159 1
161 2
162 2
165 1
166 1
167 1
168 1
169 1
173 1
174 1
175 1
176 1
178 1
180 5
181 2
183 4
184 2
186 1
188 2
189 2
190 1
192 1
194 2
196 1
197 1
198 1
201 2
202 2
203 1
205 1
207 1
208 2
209 1
213 2
214 2
215 1
218 3
219 3
220 1
222 2
223 1
225 3
226 1
227 3
229 2
230 1
232 1
233 1
234 1
235 1
236 2
237 1
239 1
241 2
242 1
244 2
245 2
246 1
248 1
249 1
250 1
251 2
252 2
253 1
254 2
255 1
256 2
257 1
259 4
260 1
261 2
263 2
264 1
265 1
266 2
267 2
268 3
269 1
271 4
272 2
273 2
274 1
275 1
278 1
279 1
280 3
281 2
282 2
283 3
285 1
286 1
287 3
288 1
289 1
292 3
293 3
296 2
297 3
298 6
300 1
301 4
302 1
303 2
304 2
305 1
306 2
307 2
310 2
311 1
313 2
315 2
316 1
319 1
321 1
325 2
327 2
328 4
329 1
332 1
333 3
339 1
344 1
346 1
357 1
367 1
