100 1000 50
0 91931
1 4
2 7
3 14
4 43
5 65
6 110
7 122
8 180
9 174
10 215
11 212
12 204
13 192
14 186
15 158
16 136
17 121
18 110
19 82
20 64
21 58
22 46
23 25
24 34
25 25
26 18
27 27
28 16
29 12
30 19
31 17
32 9
33 10
34 7
35 12
36 5
37 6
38 4
39 4
40 6
41 6
42 5
43 7
44 3
45 3
46 2
47 5
48 2
49 3
50 2
51 4
52 2
53 2
54 2
55 2
56 2
57 1
59 2
62 2
63 1
65 1
66 1
67 2
69 1
73 1
74 1
75 1
77 1
78 1
80 3
81 1
83 3
84 1
85 1
87 2
94 1
95 4
96 2
97 2
100 1
102 2
105 1
108 2
109 1
111 1
113 1
114 1
115 1
116 1
120 1
121 1
122 1
123 1
127 1
129 1
131 1
132 3
133 1
136 1
139 2
140 1
141 2
142 2
144 1
145 1
147 1
150 1
152 1
154 1
156 1
158 2
159 1
161 1
162 2
163 1
164 2
168 2
169 3
170 1
172 1
173 3
174 1
175 1
176 2
178 1
179 1
181 1
183 1
186 2
188 1
189 1
192 2
193 2
194 2
195 2
197 1
198 1
199 2
200 1
201 1
204 1
205 2
208 3
209 2
210 1
211 2
212 3
213 2
214 1
215 1
216 2
217 2
219 2
225 1
228 2
230 2
231 2
233 1
234 2
235 1
236 2
239 1
242 1
243 1
244 1
245 3
248 3
250 2
251 1
252 1
253 1
254 2
255 2
257 2
258 2
259 1
260 2
261 4
262 1
264 2
265 1
266 2
267 4
268 1
269 1
271 3
274 1
275 1
276 1
277 3
278 2
280 1
281 2
282 1
283 1
284 2
285 3
287 2
288 2
289 3
290 1
291 1
292 1
294 1
295 4
296 1
297 1
298 1
299 3
303 1
304 2
305 1
306 1
307 1
308 2
309 2
311 2
312 2
313 1
314 1
315 1
316 3
321 1
322 1
323 3
324 2
325 1
326 1
328 1
330 1
331 2
332 1
333 1
335 1
337 1
345 1
351 1
355 1
