100 1000 50
0 91215
1 7
2 34
3 53
4 120
5 198
6 220
7 295
8 330
9 314
10 294
11 300
12 240
13 197
14 169
15 157
16 126
17 79
18 82
19 55
20 39
21 28
22 39
23 22
24 21
25 19
26 9
27 8
28 7
29 8
30 3
31 10
32 6
34 6
35 2
36 3
37 5
38 2
39 2
41 2
42 1
43 1
44 2
45 2
46 3
47 3
48 5
49 1
50 1
51 1
52 2
53 1
55 1
56 1
57 1
58 1
59 1
60 2
64 2
66 1
68 3
74 1
75 1
76 1
78 1
80 1
82 1
83 1
88 1
92 3
93 1
94 1
102 1
104 1
105 1
110 1
113 2
114 1
118 2
119 1
120 1
122 2
124 1
125 1
126 2
127 1
133 1
134 1
137 2
140 1
142 1
143 1
147 1
148 2
149 1
152 2
157 2
159 1
160 2
162 1
164 1
165 1
167 2
168 2
169 3
170 1
171 1
172 1
174 1
175 1
178 2
179 3
180 1
183 2
184 1
186 1
187 2
189 2
190 3
192 2
196 1
197 3
199 4
201 1
203 1
204 1
206 4
207 5
208 1
209 1
211 1
216 2
219 1
220 1
221 3
224 2
225 1
226 1
227 2
228 1
230 1
233 3
234 1
236 1
237 1
239 1
240 1
241 3
242 3
243 1
245 2
248 2
250 1
251 1
253 2
254 3
256 1
257 3
260 1
264 3
265 2
266 3
267 2
268 1
269 1
270 3
271 3
272 4
273 1
274 4
275 3
276 2
277 1
278 2
279 2
280 3
281 2
282 1
283 1
285 1
286 1
287 1
288 3
289 2
290 2
292 1
293 3
295 1
296 3
298 3
299 1
301 1
302 3
303 1
304 1
305 2
306 3
307 3
309 1
311 1
313 3
314 2
315 3
316 2
318 1
319 1
320 3
323 1
325 1
326 1
327 1
329 1
333 1
334 1
339 1
342 1
350 1
353 1
