100 1000 50
0 92004
2 2
3 18
4 22
5 51
6 91
7 113
8 129
9 180
10 215
11 201
12 220
13 210
14 174
15 149
16 144
17 120
18 104
19 81
20 81
21 66
22 49
23 47
24 40
25 38
26 30
27 21
28 19
29 17
30 10
31 8
32 15
33 1
34 6
35 4
36 3
37 7
38 4
39 6
40 5
41 8
42 1
43 3
44 2
45 1
46 1
48 2
49 3
50 3
51 3
52 3
53 1
54 1
55 1
56 2
57 2
58 2
59 1
60 1
63 2
64 1
66 2
69 3
71 2
74 2
75 1
76 2
81 3
83 3
84 1
87 1
88 1
90 3
94 2
95 1
96 1
98 1
99 1
100 1
102 1
104 1
113 1
116 1
118 2
120 1
121 1
124 3
125 2
127 1
129 1
130 2
132 1
133 1
137 3
138 2
141 1
144 1
145 2
150 1
151 1
153 1
155 1
156 1
157 1
158 1
160 1
161 2
162 1
166 1
167 1
168 2
172 1
173 1
176 3
179 2
183 1
184 1
185 3
186 3
187 1
188 2
189 4
191 1
192 1
193 2
197 1
199 3
200 2
203 1
205 1
206 1
207 2
208 1
209 2
211 1
212 3
213 2
215 2
216 2
217 1
219 1
222 1
223 1
224 3
225 1
227 1
228 1
230 2
231 3
232 2
233 3
235 1
239 1
240 1
241 1
242 1
243 5
245 1
246 3
247 1
248 3
249 2
251 2
252 1
253 1
255 1
256 1
259 1
261 4
262 2
264 3
265 2
267 2
268 1
269 3
271 1
272 3
273 2
274 4
275 1
276 2
277 1
278 2
279 1
280 2
281 3
282 4
284 3
287 1
289 1
291 1
293 5
295 2
297 2
298 1
299 1
301 3
302 2
303 4
304 1
306 2
307 4
308 1
311 2
312 1
313 1
314 1
315 2
316 1
317 2
321 2
322 3
325 1
329 2
330 1
332 1
335 1
338 1
339 1
343 1
357 1
