100 1000 50
0 90389
1 36
2 89
3 191
4 263
5 389
6 434
7 438
8 437
9 403
10 359
11 308
12 226
13 171
14 133
15 98
16 75
17 35
18 41
19 27
20 25
21 27
22 21
23 21
24 12
25 6
26 4
27 8
28 4
29 2
30 4
31 4
32 4
33 7
34 3
35 6
36 3
37 3
38 4
39 1
40 2
41 2
42 3
44 3
45 2
46 2
47 2
48 1
49 1
50 3
51 1
52 4
53 1
54 4
55 1
57 1
58 1
59 1
60 1
61 1
62 1
63 3
65 1
66 1
67 1
68 4
69 2
70 1
79 2
82 2
85 1
90 2
91 1
93 2
95 1
97 1
98 1
99 1
100 1
104 1
105 1
106 2
107 1
109 3
110 1
111 1
112 2
114 1
115 1
116 2
118 2
119 1
121 3
122 1
123 1
131 1
132 2
133 4
134 1
137 1
138 1
142 1
143 1
152 1
154 2
155 1
159 2
161 2
162 3
163 3
164 1
166 2
168 2
169 1
170 1
172 2
173 2
175 2
178 1
179 2
181 3
182 2
184 2
186 1
187 1
188 1
190 1
191 1
193 1
194 1
195 2
196 1
198 1
199 1
201 1
202 1
203 1
206 3
207 1
209 2
210 1
211 1
212 1
213 3
215 2
216 1
217 1
219 1
223 1
224 1
225 2
228 2
230 1
234 2
235 1
236 1
238 1
240 2
241 2
242 1
243 2
245 1
246 1
247 4
248 1
250 2
251 1
254 1
255 1
256 1
257 1
258 2
259 1
260 3
262 1
263 2
264 3
265 2
266 3
267 2
268 1
271 1
272 1
273 2
274 2
275 1
276 1
278 2
279 4
280 1
282 2
283 1
284 1
285 1
286 1
287 1
288 2
289 2
290 1
291 1
292 1
293 2
294 1
296 1
298 2
299 1
300 2
301 1
302 2
303 3
304 1
306 2
308 4
309 1
310 1
311 1
312 2
313 1
314 1
315 2
316 2
318 1
319 3
320 2
321 1
322 2
323 1
324 2
326 1
329 1
330 2
332 2
333 2
336 2
337 1
346 1
354 1
