100 1000 50
0 91670
1 4
2 15
3 31
4 57
5 96
6 160
7 187
8 225
9 236
10 261
11 256
12 228
13 171
14 158
15 154
16 122
17 131
18 108
19 65
20 54
21 52
22 48
23 52
24 39
25 15
26 19
27 20
28 15
29 9
30 5
31 7
32 6
33 5
34 3
35 3
36 7
37 6
38 3
39 3
40 1
41 1
42 1
43 5
44 2
45 2
46 1
47 2
48 3
49 3
50 2
53 1
54 2
55 3
56 1
59 1
60 2
61 3
62 2
64 1
65 1
66 2
67 3
72 1
73 1
76 1
77 2
79 2
80 1
82 1
83 1
84 2
85 2
88 1
89 1
91 1
92 1
93 1
95 1
97 1
98 2
99 1
102 2
103 2
106 1
107 2
109 1
111 1
112 2
114 1
115 1
121 1
122 1
124 2
125 1
127 1
128 1
129 2
135 1
136 1
137 2
138 1
141 1
142 1
144 1
145 1
146 2
149 2
158 1
160 3
162 1
163 2
164 1
165 4
167 1
170 2
171 1
173 3
174 1
175 1
176 1
177 1
178 1
179 3
180 1
181 2
182 2
183 1
184 1
185 1
186 1
190 3
191 2
192 1
194 2
197 3
198 1
199 1
203 2
204 1
208 1
209 1
210 1
211 2
212 1
213 3
216 2
217 2
219 1
220 2
221 2
222 1
223 2
224 2
225 2
226 1
227 2
228 1
231 2
232 1
233 1
234 1
237 1
239 2
240 1
241 1
242 1
243 1
246 1
247 1
248 2
249 3
250 1
251 1
252 3
253 2
255 3
256 1
257 1
259 5
260 1
261 1
262 1
263 1
264 1
265 2
267 1
270 1
272 2
273 1
274 2
275 3
276 1
278 2
280 3
281 4
282 1
283 1
284 2
285 2
288 1
289 1
290 2
291 2
292 2
293 1
294 2
295 1
296 1
297 3
298 2
299 1
301 3
302 2
303 1
304 2
305 2
306 1
307 3
308 3
309 1
310 1
311 4
312 1
313 1
314 1
318 1
319 1
320 2
324 1
325 2
326 1
327 2
328 1
333 1
334 1
338 1
340 2
346 1
