100 1000 50
0 91908
1 2
2 5
3 21
4 30
5 65
6 93
7 154
8 171
9 201
10 195
11 228
12 190
13 215
14 186
15 142
16 144
17 124
18 115
19 78
20 78
21 53
22 46
23 37
24 38
25 31
26 23
27 23
28 15
29 18
30 13
31 14
32 12
33 9
34 4
35 5
36 4
37 5
38 4
39 6
40 3
41 4
42 3
43 4
44 2
45 2
46 3
47 1
48 2
49 1
52 2
53 2
55 1
56 1
58 2
59 2
60 1
63 4
64 2
65 3
67 1
68 1
69 1
72 2
73 1
76 1
80 1
83 1
85 1
86 2
87 1
88 1
90 1
91 1
92 1
93 3
94 1
95 1
96 1
97 1
98 2
101 2
102 1
104 1
105 1
108 2
109 2
110 1
111 2
120 2
121 1
123 1
124 1
125 2
126 1
127 3
129 1
133 1
134 1
135 1
136 1
138 1
139 2
142 1
143 2
146 2
147 2
148 1
151 1
152 2
153 2
154 2
157 2
159 2
161 1
163 1
167 1
169 1
170 3
172 1
173 1
175 1
177 1
179 1
180 1
182 2
183 1
184 1
185 1
187 1
188 1
192 1
193 2
194 2
195 1
196 4
198 1
201 1
206 1
207 1
211 2
213 2
215 1
216 1
217 3
218 1
220 1
221 2
222 2
223 2
224 1
225 1
227 2
229 3
230 2
231 2
232 1
233 2
237 2
238 3
239 3
241 2
242 1
244 2
245 3
246 1
248 1
250 2
252 3
253 2
254 3
255 2
256 3
257 2
258 2
261 3
262 1
264 1
265 2
266 1
267 1
268 1
269 1
272 2
273 2
276 1
277 1
278 3
280 3
281 1
282 1
283 3
284 2
285 1
287 1
289 1
291 3
292 1
293 2
294 2
295 1
296 1
297 1
298 2
299 4
300 1
301 4
302 1
303 1
304 2
305 2
306 1
308 3
309 1
310 4
311 2
313 3
317 2
318 1
319 1
321 1
322 2
329 1
330 1
333 1
334 1
337 1
340 2
342 1
344 1
346 1
347 1
356 1
