100 1000 50
0 91792
1 3
2 8
3 16
4 53
5 84
6 118
7 170
8 188
9 212
10 255
11 235
12 245
13 187
14 157
15 170
16 141
17 106
18 95
19 81
20 64
21 54
22 44
23 36
24 30
25 18
26 31
27 21
28 14
29 13
30 11
31 7
32 4
33 5
34 5
35 5
36 5
37 6
38 6
39 3
40 4
41 6
42 3
43 2
44 2
45 2
46 3
48 2
49 1
50 2
51 1
52 3
53 6
54 2
55 1
56 1
57 2
59 1
60 1
61 1
63 2
64 3
65 2
66 1
67 2
68 1
70 3
72 1
74 1
75 3
78 1
79 1
87 1
89 1
90 1
91 2
92 1
93 1
94 2
95 1
96 1
97 1
98 1
99 1
103 1
104 1
105 2
106 1
107 2
111 1
113 1
114 1
116 1
117 1
121 1
124 1
125 1
126 1
127 1
128 1
129 1
130 2
134 2
136 1
137 2
139 1
140 1
142 1
145 1
148 1
150 1
152 1
154 2
156 1
158 1
159 1
160 2
161 1
162 2
163 2
165 2
166 1
167 1
168 1
170 3
171 2
173 1
174 1
176 1
178 1
179 2
180 1
181 3
182 1
183 1
186 1
187 1
188 1
189 1
193 1
195 2
197 1
198 1
200 1
201 2
204 1
205 2
209 1
211 1
212 2
213 3
215 1
216 1
218 1
219 1
223 1
224 1
225 3
227 3
228 3
232 1
234 1
235 1
236 1
237 2
238 4
239 1
240 1
241 1
244 1
245 2
246 4
249 1
250 3
251 1
252 1
253 3
254 2
256 2
258 2
259 2
263 2
264 2
265 2
268 1
269 1
270 1
271 4
272 2
273 1
274 1
275 3
277 2
278 1
280 3
281 4
282 1
283 2
284 2
285 2
289 2
290 2
291 3
292 2
293 2
294 2
297 2
298 2
299 2
300 1
301 2
302 4
303 3
304 3
306 2
307 3
308 1
309 4
310 2
312 1
314 1
316 1
317 1
318 1
320 2
321 2
323 2
324 1
325 1
326 1
328 1
329 1
331 2
335 1
348 1
357 1
