100 1000 50
0 89401
1 89
2 241
3 370
4 539
5 630
6 555
7 566
8 447
9 414
10 288
11 228
12 178
13 152
14 111
15 75
16 68
17 46
18 45
19 33
20 28
21 19
22 22
23 12
24 12
25 18
26 11
27 6
28 6
29 10
30 5
31 6
32 4
33 5
34 3
35 3
36 9
37 2
38 7
39 1
40 1
41 6
42 9
43 1
44 5
45 4
46 2
47 4
48 2
49 4
50 3
51 4
52 2
53 1
54 1
55 1
56 4
57 4
58 2
59 2
60 1
61 2
62 3
63 1
65 3
66 1
67 1
68 3
69 1
70 1
72 1
73 2
75 3
76 4
77 1
78 1
79 1
80 1
82 1
84 2
85 1
86 2
87 1
88 4
89 2
90 3
91 1
93 2
95 2
96 1
97 3
99 2
100 2
102 2
104 3
105 1
106 2
108 1
110 1
112 3
113 1
114 1
115 1
116 1
117 1
118 1
119 2
120 2
121 1
122 1
123 1
124 1
125 1
126 3
130 1
131 2
132 1
133 1
134 3
135 2
136 2
138 2
139 1
143 2
144 2
145 2
148 1
149 1
150 3
154 3
156 2
157 1
161 1
162 1
163 1
165 1
169 1
171 2
173 1
175 2
176 1
177 1
178 1
179 2
180 2
181 2
182 2
183 1
185 1
187 2
188 1
189 1
190 2
191 1
192 1
194 3
195 1
196 1
198 1
200 3
202 2
203 2
205 3
207 1
208 1
209 1
210 1
212 1
213 2
214 3
215 2
216 1
217 3
218 1
219 1
220 2
221 1
223 2
224 1
225 1
230 1
231 1
233 1
234 4
236 2
237 1
239 3
240 2
242 2
244 2
246 1
248 2
250 1
253 1
254 2
255 1
257 1
258 3
259 3
263 1
265 1
266 2
267 1
268 2
269 1
270 2
271 1
274 1
275 3
277 1
279 1
282 1
283 1
285 1
287 2
288 2
289 2
290 2
291 2
293 2
295 3
297 1
298 1
299 3
300 2
303 1
304 1
306 1
308 1
309 2
310 1
314 2
315 1
317 1
318 1
320 1
323 1
327 1
328 1
331 1
332 1
334 1
337 1
342 1
345 1
346 1
369 1
