100 1000 50
0 91523
1 8
2 12
3 41
4 75
5 123
6 145
7 237
8 257
9 263
10 286
11 280
12 227
13 195
14 172
15 147
16 136
17 114
18 82
19 76
20 55
21 40
22 32
23 38
24 26
25 24
26 14
27 19
28 13
29 6
30 4
31 12
32 5
33 6
34 2
35 4
36 5
37 8
38 3
39 3
40 2
43 3
44 2
45 1
46 2
47 1
48 2
49 1
50 1
52 1
53 1
54 2
55 1
56 1
58 2
59 1
60 1
61 1
63 2
64 1
65 1
66 2
67 1
68 1
69 1
71 1
73 1
74 3
76 1
77 2
84 3
85 1
87 1
89 1
91 2
92 3
93 1
94 1
95 1
97 1
98 1
101 1
102 2
104 2
107 1
109 1
110 1
112 1
113 1
115 1
117 1
123 1
124 1
128 1
130 2
134 1
139 2
141 1
142 1
143 1
144 1
145 2
146 1
147 2
151 3
152 2
153 1
155 3
156 1
159 1
160 1
161 1
162 1
163 1
164 1
167 1
169 4
173 2
175 1
176 1
177 2
178 1
179 1
180 2
181 3
184 1
185 2
187 3
189 1
190 1
191 3
194 1
195 2
197 1
198 1
199 1
200 1
203 1
204 2
205 1
208 1
209 2
210 1
211 1
213 1
214 1
217 1
218 1
219 1
221 1
224 2
225 2
226 2
227 2
229 2
230 3
233 1
234 5
235 1
236 5
239 2
244 2
245 1
246 2
247 2
249 1
251 2
253 1
254 6
255 1
256 2
257 2
259 2
260 1
261 1
262 1
263 2
264 2
265 3
266 1
268 1
269 3
270 2
271 1
273 1
275 2
278 1
279 2
282 2
283 2
284 1
286 2
287 1
288 6
289 2
290 1
291 3
292 1
293 1
295 1
296 2
297 2
298 1
299 3
300 1
301 2
302 1
304 1
305 4
306 2
307 3
309 1
310 2
311 1
312 2
313 1
314 1
316 3
317 1
318 2
319 2
320 1
322 2
323 2
328 1
330 1
335 1
337 1
341 1
346 1
355 1
359 1
