100 1000 50
0 91596
1 6
2 14
3 44
4 79
5 125
6 163
7 209
8 222
9 249
10 240
11 248
12 233
13 204
14 178
15 148
16 131
17 111
18 94
19 79
20 65
21 45
22 39
23 22
24 33
25 23
26 13
27 14
28 17
29 15
30 10
31 8
32 3
33 6
34 3
35 6
36 2
37 6
38 1
39 1
40 4
41 2
42 2
43 4
44 2
45 3
46 2
47 3
48 1
49 1
50 2
51 4
53 3
54 1
56 2
59 1
61 1
63 1
65 3
66 3
67 1
68 1
69 1
70 3
74 1
76 1
77 1
78 1
79 1
82 1
84 2
86 2
92 2
96 1
98 1
101 2
105 2
106 1
108 2
109 2
111 1
115 2
117 1
120 1
121 1
122 2
126 1
127 1
128 2
129 1
130 2
131 2
132 1
135 2
136 1
137 1
141 1
142 1
144 3
146 1
149 1
151 1
156 1
158 2
159 1
160 1
163 3
164 2
165 2
168 2
169 1
171 1
173 3
174 1
175 1
176 1
178 1
179 2
180 3
181 1
182 1
183 1
184 2
185 2
186 1
188 2
189 3
191 1
195 1
196 2
197 1
200 1
201 1
202 4
203 1
205 2
206 1
207 1
208 2
209 3
211 2
214 1
215 2
217 3
218 1
220 1
222 1
224 2
225 1
227 1
229 1
230 1
231 2
233 2
234 1
239 2
240 2
241 2
245 2
247 2
248 2
249 7
250 1
252 1
253 5
254 2
255 1
258 1
260 2
261 1
262 1
264 1
265 2
266 1
269 1
270 2
271 1
273 4
274 1
275 3
276 3
277 3
280 1
281 4
282 1
284 2
285 2
286 1
287 1
288 3
289 4
290 1
292 1
293 1
294 2
295 2
296 5
297 1
298 2
299 3
300 2
301 1
302 1
303 1
309 1
310 1
311 2
312 2
313 1
314 1
316 1
319 1
320 2
321 1
322 1
323 2
324 3
327 3
330 1
332 1
336 1
337 1
339 1
341 1
346 1
349 1
351 1
