100 1000 50
0 91714
1 3
2 11
3 29
4 56
5 105
6 124
7 161
8 232
9 236
10 246
11 253
12 220
13 211
14 154
15 160
16 130
17 106
18 89
19 57
20 88
21 55
22 42
23 30
24 25
25 28
26 14
27 22
28 17
29 9
30 7
31 12
32 9
33 10
34 6
35 5
36 5
37 9
38 3
39 6
40 6
41 7
42 4
43 1
44 3
45 1
46 1
47 4
48 2
50 4
51 3
52 1
54 3
55 1
56 2
57 1
59 1
60 2
61 2
63 2
64 2
65 1
66 2
67 3
69 1
73 1
75 1
76 1
77 2
78 3
81 2
83 1
85 2
87 1
93 1
94 1
95 3
96 1
97 1
99 1
100 1
102 1
104 1
110 1
111 2
117 2
118 1
119 1
121 1
124 2
128 2
131 1
132 1
133 1
134 4
137 1
139 1
140 2
141 1
142 1
144 1
148 2
149 2
151 1
155 2
158 2
160 1
162 1
163 2
165 1
166 1
168 1
169 1
170 1
177 2
178 1
180 2
181 2
183 3
184 3
186 1
187 2
190 1
191 1
196 3
199 1
200 1
202 1
204 2
206 1
207 1
209 3
211 1
213 1
214 1
215 2
216 1
219 1
220 1
221 3
222 1
223 2
224 1
225 2
226 3
227 2
228 2
230 1
232 1
233 1
234 2
235 1
236 2
237 2
238 1
239 1
240 1
241 3
242 1
243 2
247 2
248 1
250 2
251 2
252 1
253 2
254 3
255 2
257 2
258 2
259 2
260 3
261 4
263 1
264 1
265 1
267 1
269 1
270 2
272 1
273 1
274 3
275 1
276 3
277 1
278 2
279 2
281 5
282 1
283 1
284 1
285 1
286 5
287 1
288 3
290 3
291 1
292 2
293 3
295 1
296 2
297 1
298 4
300 3
303 2
304 1
305 1
306 3
307 2
309 3
310 2
311 1
312 1
313 2
314 2
316 1
317 2
321 1
324 1
327 1
329 1
332 1
335 1
342 1
344 1
345 1
357 1
