100 1000 50
0 90796
1 16
2 66
3 126
4 213
5 287
6 369
7 393
8 367
9 370
10 344
11 280
12 224
13 176
14 149
15 107
16 99
17 71
18 46
19 42
20 31
21 17
22 23
23 16
24 15
25 7
26 14
27 11
28 7
29 4
30 7
31 7
32 5
33 5
34 2
35 5
37 3
38 1
40 3
41 1
43 1
46 1
47 1
48 1
49 2
50 3
51 2
52 1
55 1
56 1
57 1
58 1
59 2
60 1
63 4
68 1
69 1
70 1
72 1
74 1
75 1
76 2
77 3
81 3
82 1
83 3
84 1
85 2
90 2
92 2
93 1
95 1
97 1
98 2
99 1
100 1
106 1
107 1
113 2
116 1
118 1
119 2
120 2
121 1
125 1
126 1
129 1
132 1
139 2
140 1
141 1
144 1
147 1
149 1
150 1
151 1
153 1
154 1
155 3
156 2
157 2
158 1
159 2
160 4
161 1
162 4
164 1
165 1
166 1
167 1
171 1
173 2
174 1
175 1
176 2
179 1
180 2
184 1
185 1
188 2
189 1
190 1
192 1
193 4
196 1
197 1
199 1
200 1
201 1
202 1
203 1
204 3
210 1
212 1
214 2
216 1
217 1
218 1
219 1
220 2
221 1
224 2
225 3
226 2
227 2
231 1
232 1
233 1
235 1
237 1
238 1
239 2
240 1
241 1
242 1
243 3
244 1
246 1
247 5
248 2
249 1
250 2
251 1
252 1
253 1
254 2
255 1
256 1
257 1
260 1
261 1
263 2
264 3
265 1
266 3
268 1
269 3
270 3
271 1
272 1
273 4
274 1
275 2
277 1
278 1
280 1
281 1
283 2
284 1
285 4
286 1
287 3
288 1
290 1
291 1
292 1
293 2
295 1
297 4
298 1
300 5
301 3
302 1
303 1
305 4
306 2
307 3
308 2
309 6
311 1
312 1
313 1
315 2
318 2
319 2
321 3
322 2
323 2
324 2
327 1
330 1
334 1
341 2
350 1
353 1
357 1
359 1
