100 1000 50
0 91826
1 1
2 6
3 22
4 41
5 92
6 123
7 152
8 204
9 209
10 201
11 230
12 219
13 219
14 157
15 162
16 129
17 119
18 94
19 78
20 74
21 59
22 41
23 38
24 28
25 26
26 23
27 16
28 18
29 12
30 15
31 10
32 8
33 8
34 10
35 6
36 9
37 5
38 3
39 2
40 5
41 4
42 3
43 3
44 2
45 2
46 4
47 3
48 1
49 3
50 2
51 2
52 1
53 2
54 1
55 1
56 1
57 4
60 2
61 1
62 2
63 1
64 1
65 1
66 1
68 3
70 1
72 3
73 1
74 1
76 2
78 1
80 1
81 1
82 2
84 2
89 1
90 1
91 2
93 1
95 1
97 1
99 2
100 1
101 2
103 1
104 2
106 1
107 2
110 1
111 1
112 1
113 1
116 1
119 2
120 2
122 2
123 1
127 1
129 1
133 1
134 3
136 1
138 1
139 1
140 1
141 1
143 1
144 1
145 1
146 1
148 1
151 1
154 1
155 1
157 1
159 1
161 2
163 2
164 1
168 1
169 1
170 2
172 1
173 4
176 1
179 1
181 1
182 1
184 4
185 3
186 1
187 3
189 2
190 2
191 1
195 1
196 3
197 1
198 1
199 2
201 1
202 2
205 2
206 1
208 2
209 2
212 1
213 1
214 2
215 1
216 1
218 1
219 4
220 1
221 1
222 1
223 1
224 1
225 1
230 1
231 3
233 1
235 1
236 2
238 1
240 1
241 3
242 3
243 1
244 4
245 3
246 2
247 4
248 1
254 1
255 1
256 1
258 5
259 1
261 2
262 1
264 2
265 1
268 1
272 2
273 3
274 4
276 3
277 1
278 2
279 1
280 2
281 2
283 1
284 2
285 1
286 3
287 3
288 2
290 1
291 1
292 1
293 1
294 3
295 1
297 2
298 3
299 1
300 2
301 2
302 2
303 2
304 2
307 2
308 1
310 2
311 1
313 1
314 1
315 1
316 4
317 4
319 1
320 1
321 1
322 2
323 1
325 3
326 1
328 1
329 1
333 1
334 2
336 1
