50 1000 75
0 46671
1 277
2 134
3 66
4 30
5 31
6 28
7 22
8 22
9 13
10 11
11 5
12 10
13 4
14 11
15 4
16 7
17 3
18 4
19 4
20 4
21 1
22 5
23 2
25 5
26 3
27 3
28 2
29 1
30 5
31 5
33 1
34 1
36 3
37 2
38 2
39 1
40 1
41 2
42 1
43 1
44 2
45 1
46 1
48 3
52 2
53 2
54 2
60 1
61 1
62 1
66 1
67 1
68 2
69 1
72 1
73 1
74 1
75 1
76 1
78 1
79 1
82 1
85 1
88 1
90 4
91 1
92 1
94 3
96 1
97 1
99 1
101 1
104 1
109 1
116 2
118 1
122 1
123 1
124 2
126 2
128 1
129 1
130 1
131 1
133 1
135 1
136 1
139 1
140 1
141 4
142 1
144 1
149 1
152 1
153 1
161 2
163 1
167 1
177 1
178 3
188 1
189 1
191 1
196 1
197 1
200 1
206 1
210 1
212 2
218 1
219 1
221 1
222 2
226 2
227 1
228 2
232 1
233 1
236 1
237 1
241 1
256 1
268 1
272 1
285 1
288 1
290 1
291 1
303 1
305 1
310 1
316 1
318 1
322 1
323 1
324 1
330 1
332 1
333 1
336 1
340 1
342 1
344 1
345 1
349 1
352 1
353 1
356 1
368 1
370 1
378 1
379 1
382 2
383 1
384 1
394 1
403 2
404 2
406 1
410 1
411 2
415 1
417 1
423 1
425 1
426 1
429 1
431 2
433 1
435 2
441 1
442 1
444 1
445 1
449 1
454 1
455 1
463 1
464 1
466 2
467 1
473 1
474 2
475 1
478 1
483 1
488 1
489 1
492 1
496 1
497 1
498 1
502 1
518 1
