50 1000 75
0 45266
1 642
2 377
3 222
4 160
5 103
6 81
7 66
8 64
9 40
10 28
11 30
12 24
13 30
14 21
15 21
16 20
17 14
18 15
19 9
20 6
21 14
22 12
23 7
24 11
25 4
26 8
27 9
28 6
29 3
30 5
31 5
32 4
33 3
34 7
35 4
36 4
37 2
38 5
39 3
40 4
41 2
42 5
43 5
44 3
45 2
46 5
47 3
48 1
49 2
50 4
51 1
52 2
53 3
54 2
55 3
56 4
57 2
58 3
60 1
61 2
62 2
63 3
64 1
65 3
66 1
68 1
70 2
71 4
72 1
74 2
75 1
77 2
78 1
80 1
81 2
82 2
83 2
84 2
86 2
88 2
89 1
90 1
98 1
100 1
101 1
102 2
103 1
105 1
106 2
107 3
108 1
110 1
111 1
113 3
114 1
117 1
118 2
124 2
125 2
126 2
128 1
133 1
136 3
139 3
140 1
142 1
143 1
146 1
148 1
153 1
157 1
159 1
161 1
162 1
164 3
165 1
168 3
171 1
174 1
175 1
177 1
178 1
183 1
190 1
203 1
205 1
209 1
213 1
220 3
227 1
228 1
231 1
232 1
233 1
237 1
240 1
242 2
244 2
245 1
246 2
254 3
255 1
256 1
257 1
258 1
259 2
262 1
264 2
267 1
278 2
279 1
280 1
284 1
287 1
289 1
296 1
297 1
301 1
303 1
304 1
308 2
309 1
310 1
311 1
313 1
316 1
318 1
320 1
329 1
330 1
333 1
343 1
347 1
350 1
351 1
352 1
355 1
361 1
365 1
366 1
369 1
378 1
380 1
386 2
387 1
388 1
396 1
414 1
418 1
423 1
426 1
436 1
439 1
490 1
