50 1000 75
0 44234
1 770
2 471
3 361
4 236
5 221
6 147
7 122
8 112
9 76
10 78
11 53
12 40
13 35
14 36
15 43
16 31
17 23
18 21
19 28
20 20
21 19
22 13
23 11
24 14
25 13
26 11
27 9
28 9
29 9
30 7
31 8
32 12
33 9
34 6
35 5
36 4
37 9
38 6
39 11
40 4
41 3
42 5
43 5
44 3
45 7
46 5
47 4
48 4
49 7
50 3
51 6
52 5
53 5
55 2
56 4
57 2
58 3
59 2
60 4
61 3
62 2
63 1
64 2
66 2
67 1
68 3
70 1
71 4
72 1
73 1
74 5
75 1
76 1
78 1
81 1
82 1
83 3
84 1
87 2
88 2
89 1
90 1
92 1
93 3
94 1
96 1
97 1
98 1
99 3
100 2
101 2
102 1
103 2
105 2
106 1
107 1
109 2
110 1
113 1
114 1
115 1
116 1
117 1
121 3
124 2
127 2
128 1
129 1
134 1
135 1
136 2
143 1
144 1
147 2
149 1
150 2
154 1
156 2
158 1
159 1
162 2
165 1
169 1
170 2
171 1
174 1
175 1
176 1
180 1
183 3
184 1
185 1
186 1
188 2
191 1
193 1
194 1
195 4
196 1
197 1
199 1
201 1
207 1
212 1
213 1
214 1
220 2
225 1
228 1
229 1
234 1
240 1
241 1
245 1
247 1
249 1
251 1
254 1
255 3
256 2
260 1
264 1
269 1
270 1
282 1
283 1
288 1
293 1
298 1
299 1
303 1
309 1
310 1
318 1
320 1
337 1
341 1
343 1
345 1
386 1
416 1
