50 1000 75
0 47386
1 15
2 4
3 4
4 2
5 6
6 3
8 1
9 1
10 2
11 2
14 2
16 4
17 1
18 1
26 1
27 1
31 1
33 1
34 1
37 2
40 1
46 1
47 1
55 1
58 1
61 1
64 1
68 1
69 1
74 1
77 1
79 1
81 1
83 3
90 1
96 1
97 2
100 1
108 1
116 2
122 1
128 1
131 2
134 1
139 1
142 1
143 1
146 2
151 1
152 1
155 1
156 1
157 1
159 1
176 2
181 1
183 1
189 1
196 1
198 1
205 1
208 1
209 1
212 1
227 1
229 1
233 1
238 1
240 1
245 1
246 1
251 1
254 1
270 1
271 1
274 1
283 1
292 1
294 1
297 1
302 1
303 2
312 1
314 2
341 1
344 1
357 1
359 1
367 1
371 1
376 2
387 1
390 1
394 1
405 2
409 1
411 1
412 1
413 1
416 1
419 1
420 2
427 1
428 2
429 2
430 1
437 2
441 1
445 1
449 1
452 1
454 1
471 2
473 1
474 2
477 1
479 1
480 1
484 1
485 1
488 2
490 1
492 2
493 2
494 1
495 3
496 2
497 1
498 2
499 2
500 2
501 1
503 1
504 3
505 4
507 2
512 2
515 1
518 1
520 1
522 1
