50 1000 75
0 47414
1 9
2 2
3 2
6 1
7 1
9 1
10 2
11 1
15 1
16 1
17 2
18 2
19 1
21 1
24 1
25 1
28 1
30 1
33 1
34 1
38 1
39 1
43 1
46 1
48 3
50 2
56 1
78 1
86 1
96 1
99 1
103 1
111 2
116 1
117 2
121 1
125 1
126 1
127 1
129 1
130 1
131 1
133 2
140 1
143 1
147 1
148 1
149 1
164 1
183 1
190 1
192 1
200 1
201 1
206 1
215 1
216 2
223 1
227 1
234 1
240 1
244 1
245 1
249 1
255 1
258 1
267 2
284 1
295 1
299 2
301 1
302 1
307 1
308 1
313 1
325 1
330 1
332 1
334 1
341 1
343 1
348 1
349 1
361 1
365 1
374 1
392 1
405 1
412 1
413 1
425 1
433 1
435 1
438 2
440 1
441 1
445 1
446 1
451 1
453 1
457 2
459 1
460 1
462 2
464 2
467 1
471 1
473 1
474 1
476 1
478 1
481 1
483 2
484 1
485 2
486 2
487 2
490 1
492 1
493 2
495 4
496 1
497 1
498 3
501 2
502 2
505 2
507 2
508 2
513 2
514 2
515 1
516 1
519 1
522 2
526 1
536 1
