50 1000 75
0 47291
1 50
2 18
3 14
4 10
5 10
6 7
7 3
9 1
10 2
11 1
13 1
14 1
15 1
17 1
18 3
20 1
21 1
22 1
23 1
25 1
26 2
29 1
31 2
32 4
35 1
38 1
39 1
40 1
46 4
48 1
51 1
52 2
53 1
67 1
71 1
76 3
82 1
89 1
94 1
95 1
102 1
103 1
104 2
106 1
107 1
108 1
111 3
112 1
114 1
115 2
116 1
117 1
125 1
128 1
129 2
130 1
133 1
141 1
148 1
149 1
152 1
157 1
159 1
160 1
163 1
165 2
169 1
174 2
176 1
180 1
190 2
198 1
205 1
212 1
216 1
226 1
228 1
230 2
231 1
232 1
239 1
246 1
251 1
254 1
259 1
266 1
277 1
287 1
289 1
292 1
293 1
294 1
306 1
308 1
327 4
332 1
340 1
348 1
356 1
365 2
366 1
367 1
373 1
378 1
381 1
385 2
386 1
388 1
395 3
398 1
401 1
402 1
405 1
407 2
410 1
413 1
428 1
430 1
431 1
436 1
441 1
442 1
446 1
452 1
461 1
465 1
466 1
468 2
469 1
474 1
480 1
482 1
483 1
484 2
486 1
487 1
488 1
489 1
490 1
491 3
492 1
493 2
495 1
496 1
497 1
499 1
500 1
501 3
502 1
503 1
504 1
506 3
507 3
512 1
516 1
525 1
532 1
