50 1000 75
0 47192
1 82
2 42
3 20
4 9
5 17
6 9
7 7
8 3
9 5
10 4
11 3
12 2
13 2
15 3
16 2
18 2
19 2
20 5
21 1
22 2
26 1
28 2
30 1
31 1
32 1
34 1
36 1
38 1
44 1
47 1
49 1
50 1
51 1
53 2
56 1
57 1
59 1
60 1
63 2
64 1
68 2
69 2
73 2
78 1
79 1
82 1
85 1
94 1
95 2
110 1
111 1
114 3
116 1
117 1
119 1
120 2
121 2
122 1
126 1
127 3
128 1
132 2
133 1
135 1
137 1
142 1
146 1
147 1
151 1
154 1
155 1
156 1
160 1
162 1
166 1
171 1
174 1
175 1
182 1
183 1
187 1
195 1
202 2
206 1
216 1
218 1
225 1
230 2
231 1
236 2
239 1
243 1
254 1
256 2
259 1
269 2
270 1
275 1
283 1
293 1
309 1
311 1
312 1
315 1
330 1
332 1
338 1
341 1
344 1
346 1
351 1
354 1
356 1
366 1
367 1
368 1
371 1
373 1
376 1
378 1
383 2
385 1
391 1
394 2
397 1
405 1
411 1
415 2
423 1
424 1
437 3
439 1
440 1
442 1
444 1
448 1
458 1
459 1
461 2
465 1
469 2
474 1
475 3
479 1
482 2
485 1
486 2
487 1
490 4
491 1
494 1
495 2
496 1
498 1
500 2
501 1
502 1
503 1
505 2
506 1
508 2
509 1
513 1
536 1
