50 1000 75
0 47432
1 5
2 3
3 3
4 1
5 2
6 1
8 1
10 1
11 1
12 1
13 1
18 2
32 1
36 1
42 1
46 1
53 1
55 1
77 1
86 1
87 1
90 1
91 1
92 1
97 1
101 1
108 1
117 1
118 1
120 1
124 1
125 1
129 1
132 1
133 1
135 1
149 1
156 1
157 1
166 1
184 1
188 1
189 1
192 1
213 1
229 2
235 1
238 1
243 1
245 1
246 1
247 1
252 1
259 1
260 1
272 1
274 2
278 1
291 1
295 1
301 2
308 1
317 2
324 2
326 1
329 1
330 1
331 2
342 1
387 1
389 1
392 1
397 1
400 1
402 1
403 3
409 1
425 1
433 1
435 1
446 1
459 1
464 1
468 1
470 1
471 1
472 1
474 2
477 2
479 1
482 2
484 2
485 2
486 1
488 1
489 1
492 1
493 4
495 3
496 2
497 1
498 4
499 1
501 3
502 4
503 1
504 3
505 2
507 1
508 1
510 2
511 2
512 1
515 1
518 1
521 1
523 1
524 1
525 1
532 1
536 1
