50 1000 75
0 41987
1 820
2 673
3 605
4 494
5 390
6 319
7 294
8 257
9 235
10 156
11 139
12 128
13 103
14 107
15 75
16 78
17 58
18 65
19 42
20 48
21 52
22 34
23 34
24 35
25 29
26 18
27 24
28 20
29 24
30 15
31 14
32 10
33 9
34 11
35 7
36 9
37 9
38 9
39 3
40 10
41 5
42 4
43 3
44 6
45 6
46 7
47 10
48 4
49 6
50 3
51 4
52 1
53 4
54 4
55 2
57 2
59 5
60 1
61 1
62 1
63 1
64 3
65 3
66 5
69 1
70 1
72 1
73 1
74 2
75 1
76 1
77 2
78 2
79 2
81 1
82 1
83 1
84 2
85 3
86 1
87 2
88 2
90 1
91 1
92 2
93 1
94 1
95 1
97 2
98 1
100 1
101 1
104 1
109 1
111 1
112 1
116 1
117 2
120 1
126 1
134 1
137 1
144 1
147 1
156 1
159 1
171 1
