50 1000 75
0 46080
1 473
2 239
3 124
4 87
5 69
6 34
7 28
8 27
9 18
10 26
11 15
12 24
13 13
14 12
15 6
16 10
17 9
18 11
19 8
20 10
21 6
22 5
23 4
24 7
26 2
27 3
28 2
29 3
30 3
32 2
33 5
34 6
36 4
37 2
38 1
39 4
41 1
42 1
43 1
44 3
45 5
46 2
47 1
48 1
49 2
51 1
52 1
53 3
56 1
57 2
58 4
59 3
60 2
62 2
63 2
64 2
66 1
67 1
68 1
69 3
70 1
71 1
72 1
73 2
75 3
81 1
83 1
84 1
85 2
87 1
90 2
93 1
94 1
95 1
96 1
98 1
101 1
105 2
107 1
109 1
112 2
113 1
116 1
118 1
121 1
122 2
123 1
124 2
126 2
132 2
133 1
135 1
137 1
138 2
139 3
141 2
142 1
147 1
152 1
155 1
157 1
158 1
159 1
160 1
168 1
169 1
174 1
175 1
176 2
177 2
182 1
183 1
186 1
187 2
188 1
189 1
190 1
191 1
192 3
203 1
205 1
206 1
214 1
216 1
226 1
229 1
231 1
233 1
247 1
248 1
257 1
258 1
259 1
269 1
271 2
278 2
281 1
283 1
293 1
295 1
297 1
302 1
303 1
309 3
310 1
322 1
323 3
324 1
325 1
328 1
335 2
343 1
347 1
349 1
359 1
361 1
362 2
363 3
364 1
367 1
368 1
371 1
373 1
374 2
375 2
377 1
379 1
382 1
383 1
388 1
392 1
393 1
394 1
412 1
413 1
422 1
425 1
427 1
428 1
431 1
432 2
433 3
436 1
439 1
444 1
451 1
458 1
465 1
479 1
486 1
492 1
525 1
