50 1000 75
0 47422
1 4
2 1
3 2
4 2
5 3
6 1
7 1
9 3
10 1
11 1
12 1
13 1
18 1
20 1
21 1
23 1
24 1
26 1
27 1
33 1
35 1
39 1
42 1
44 1
46 1
57 1
73 1
83 1
95 1
101 1
102 1
105 1
108 1
112 1
114 1
117 1
118 1
120 1
121 1
123 1
124 1
125 3
129 1
132 1
142 1
145 1
147 1
149 1
150 1
156 1
171 1
205 1
206 1
211 1
214 1
217 1
218 1
228 1
239 1
241 1
247 1
248 1
253 1
254 1
257 1
261 1
271 1
283 1
286 1
294 1
296 1
297 2
302 1
304 1
312 1
315 1
318 1
320 1
325 1
328 1
336 1
337 1
341 1
353 1
359 1
361 2
383 1
390 1
396 1
404 1
405 1
406 1
408 1
421 1
442 1
444 1
453 1
454 1
459 1
461 2
463 1
466 2
467 1
474 1
475 3
476 3
477 1
479 2
480 1
484 2
486 1
489 1
490 2
491 2
493 1
494 1
495 2
496 3
497 2
499 1
501 1
503 2
504 4
505 1
506 3
507 1
509 2
510 3
511 2
514 1
516 1
519 2
520 1
521 1
531 1
