50 1000 75
0 43135
1 763
2 575
3 473
4 365
5 282
6 266
7 201
8 173
9 151
10 111
11 111
12 68
13 76
14 70
15 52
16 46
17 51
18 42
19 29
20 35
21 32
22 29
23 25
24 19
25 21
26 25
27 18
28 14
29 21
30 14
31 11
32 14
33 11
34 7
35 8
36 12
37 7
38 11
39 3
40 7
41 6
42 5
43 6
44 4
45 2
46 3
47 7
48 1
49 4
50 6
51 5
52 2
53 5
54 4
55 1
56 1
57 3
58 5
59 1
60 2
61 4
62 3
63 3
64 2
65 4
66 3
68 2
69 3
70 3
72 1
73 4
74 2
77 1
78 2
80 2
82 3
83 2
84 1
85 2
87 2
89 1
90 2
92 3
93 1
94 1
95 2
97 1
99 1
100 4
101 1
102 1
103 1
104 1
106 3
107 1
108 1
110 1
111 2
116 1
118 1
119 1
121 1
127 2
128 3
129 1
130 1
131 1
137 1
138 3
140 1
141 1
142 3
143 1
147 2
148 1
149 2
150 1
153 1
154 2
156 1
157 1
159 1
160 3
161 1
162 1
163 2
167 1
170 2
175 1
176 1
182 1
186 1
187 1
197 1
200 1
205 1
209 1
212 1
213 1
220 1
232 1
254 1
267 1
289 1
304 1
