50 1000 75
0 47001
1 167
2 71
3 28
4 20
5 14
6 11
7 10
8 15
9 6
10 10
11 6
12 2
13 4
14 5
15 3
16 2
17 1
18 5
20 6
21 7
22 4
23 2
24 3
27 2
28 2
30 1
32 1
33 4
36 1
37 1
40 1
42 1
44 1
45 1
46 1
47 1
48 1
51 1
52 2
56 1
59 1
60 1
61 1
63 1
67 1
68 1
69 2
71 1
73 2
74 1
75 1
77 1
81 2
83 1
86 2
89 1
92 1
94 1
96 1
98 1
99 1
108 1
111 1
115 1
122 1
123 3
124 3
126 1
127 1
129 3
130 1
134 1
135 2
138 1
139 1
143 1
145 2
146 1
147 1
149 1
151 1
152 1
153 1
156 1
164 1
169 1
171 1
180 2
181 1
182 1
183 1
191 1
199 1
204 1
208 1
219 1
223 1
224 2
230 2
239 1
241 2
242 1
243 1
245 1
248 1
254 2
263 1
265 1
267 1
272 1
273 1
287 1
292 1
302 1
303 1
304 1
306 1
320 1
330 1
332 1
340 1
342 1
343 1
344 1
349 2
352 1
355 2
358 1
361 1
364 1
365 1
374 1
376 1
377 1
381 1
383 1
385 2
397 1
398 1
402 1
404 1
408 1
409 1
412 1
415 1
417 1
419 1
421 1
443 1
446 1
448 2
451 1
457 2
458 2
459 2
461 1
463 1
464 1
465 1
469 1
470 1
474 1
476 1
477 1
480 1
482 2
484 1
485 2
486 1
487 1
490 2
492 1
494 1
495 2
497 1
500 2
503 1
504 1
510 1
530 1
