50 1000 75
0 47406
1 9
2 5
3 3
4 1
5 2
6 1
7 1
13 2
14 1
15 2
16 1
19 1
20 1
21 1
22 1
29 2
31 1
34 2
36 1
43 1
46 2
47 1
50 1
55 1
63 2
67 2
70 1
72 1
73 1
74 1
89 1
90 1
95 1
105 1
117 1
121 1
122 2
130 1
132 1
136 1
137 1
138 1
139 1
142 1
143 1
144 1
147 1
148 1
149 2
151 2
162 1
172 1
175 1
180 1
181 1
193 1
195 1
210 1
214 1
219 1
223 1
224 1
226 1
235 1
247 1
250 1
254 1
255 1
256 1
261 1
264 1
269 1
270 1
277 1
281 1
290 1
295 1
316 1
317 1
322 1
328 1
329 1
333 1
338 1
346 1
348 1
351 1
367 1
377 1
378 1
388 1
391 1
397 1
402 1
408 1
409 2
414 1
415 1
418 1
425 1
427 1
439 1
440 1
441 1
442 1
443 1
446 1
453 2
455 1
456 1
458 1
459 1
461 1
465 2
467 1
475 1
476 1
478 1
480 2
482 1
484 1
485 1
486 1
488 1
489 3
490 3
492 2
493 2
495 3
496 2
497 1
499 1
501 1
504 2
505 3
506 1
507 1
508 1
509 1
510 1
511 1
513 1
514 1
515 3
516 1
520 1
