50 1000 75
0 47426
1 4
2 4
3 2
4 2
5 2
7 2
8 1
9 1
10 2
11 1
13 1
17 1
19 1
20 2
26 1
33 1
45 1
47 1
54 1
64 1
70 1
72 1
88 1
98 2
101 1
104 1
108 1
112 1
113 1
114 1
115 1
121 1
125 1
129 1
135 2
136 2
139 1
143 2
153 2
161 1
174 1
184 1
197 1
198 1
217 1
219 1
228 1
232 1
239 1
244 2
246 1
249 1
251 1
256 1
259 1
271 1
275 1
279 1
280 1
281 1
288 1
291 1
297 1
307 1
324 1
325 1
328 1
330 1
334 1
336 1
341 1
343 1
348 1
362 1
375 1
379 1
388 1
393 1
398 2
402 1
412 1
420 1
423 1
427 1
433 1
449 1
455 1
458 1
461 1
462 2
466 1
469 2
473 1
474 1
475 2
476 1
479 3
482 3
484 4
486 2
487 1
489 3
490 1
492 3
493 1
494 2
498 1
499 1
501 2
502 1
503 1
506 3
507 2
508 1
511 1
513 1
514 1
516 3
517 1
520 1
523 1
524 1
525 2
529 1
531 1
538 1
539 1
