50 1000 75
0 47344
1 34
2 15
3 8
4 2
5 1
6 1
7 2
8 1
9 3
10 4
11 2
12 4
15 1
16 1
17 3
19 1
20 1
22 1
23 1
24 1
27 2
29 1
35 2
39 1
45 1
46 1
50 1
52 1
58 1
59 1
62 1
74 2
75 1
81 1
87 2
89 2
90 1
91 1
94 1
95 1
98 3
103 1
104 2
108 1
110 1
114 1
115 1
116 1
121 1
125 1
126 1
134 1
142 1
145 1
147 1
150 2
155 1
157 1
159 1
164 1
171 1
172 1
174 1
177 1
181 1
185 1
187 1
189 1
193 1
199 1
223 1
227 1
231 2
233 1
238 1
241 1
242 1
246 1
250 1
262 1
270 1
272 1
277 1
280 1
283 1
284 1
287 1
289 1
295 1
309 1
311 1
315 1
316 1
332 1
340 1
345 1
346 1
348 1
357 1
359 1
366 1
373 1
380 1
382 2
384 1
395 1
396 1
397 1
399 1
404 2
408 2
411 1
419 2
423 1
424 1
425 2
426 1
427 1
429 2
433 1
445 1
449 1
456 1
457 1
461 1
462 1
472 1
474 1
477 1
479 2
480 1
483 1
484 1
486 1
487 2
488 2
490 1
491 1
492 1
495 1
497 1
498 3
499 1
500 4
504 1
505 1
506 1
507 1
508 1
509 1
510 1
512 2
517 1
518 1
520 1
521 2
526 1
528 1
