100 3000 50
0 249046
1 93
2 359
3 643
4 928
5 1075
6 1221
7 1209
8 1055
9 845
10 611
11 521
12 318
13 240
14 185
15 108
16 91
17 60
18 33
19 27
20 25
21 15
22 11
23 5
24 11
25 11
26 6
27 3
28 3
29 2
30 1
31 2
32 1
33 2
34 1
35 3
36 1
37 1
39 2
40 3
41 3
42 4
43 2
44 2
46 2
47 1
48 3
49 2
50 1
51 2
52 1
53 1
54 2
55 1
56 1
57 3
61 3
63 3
64 1
65 1
66 1
67 2
68 1
69 2
70 1
72 2
74 2
80 2
82 1
83 1
84 1
87 2
88 1
89 1
91 1
95 1
97 2
101 1
102 1
107 2
109 1
114 1
117 1
122 1
125 1
133 1
134 1
136 1
139 1
141 1
142 1
144 1
147 1
149 1
151 1
156 1
161 1
163 2
166 1
168 1
180 2
181 1
182 1
184 1
202 1
208 1
212 1
214 1
215 1
216 1
224 1
227 1
230 1
231 1
241 1
244 1
251 2
256 1
257 2
262 1
270 1
271 1
274 1
275 3
282 1
293 1
296 1
312 1
318 1
323 1
329 1
330 1
331 1
334 1
335 1
343 3
348 1
351 1
353 2
360 1
363 1
377 1
378 1
383 1
386 2
387 1
391 1
393 1
394 1
401 1
402 1
406 1
408 1
416 1
422 1
423 2
425 1
429 1
430 1
432 2
437 1
438 1
439 1
441 1
442 1
447 2
448 1
453 1
455 1
456 1
460 1
462 1
466 1
468 1
470 1
478 1
482 1
488 1
494 1
495 1
499 1
505 1
507 1
508 2
509 1
516 1
518 1
519 1
522 1
523 1
529 1
532 2
544 1
554 1
556 1
560 1
562 2
563 1
566 1
571 1
572 2
573 1
578 1
580 1
581 1
582 1
585 1
592 1
593 1
595 1
599 1
600 1
601 1
606 1
609 1
611 1
613 1
616 1
622 1
626 2
630 2
633 1
639 1
641 2
642 1
648 2
651 2
655 1
656 1
662 2
664 1
665 1
666 1
668 1
674 2
675 1
677 1
678 3
680 2
681 1
687 2
689 1
694 1
695 1
698 2
699 4
700 1
701 1
702 1
703 1
704 1
705 1
714 1
715 1
717 1
718 1
723 2
728 2
730 2
732 1
733 1
735 1
738 1
741 2
745 1
746 1
748 2
755 1
760 1
764 1
767 2
768 1
770 1
773 1
774 1
777 1
780 1
784 1
786 1
788 1
790 2
793 1
794 1
797 1
798 1
803 1
806 1
808 2
811 1
812 1
827 1
828 1
831 1
833 1
837 1
838 1
840 1
844 1
852 1
856 1
857 3
863 1
866 1
870 1
872 2
873 2
874 1
880 1
882 1
883 1
889 1
891 1
895 1
896 2
898 1
904 4
906 1
910 1
911 1
914 2
917 2
920 1
922 1
923 2
924 1
925 1
929 1
933 1
940 2
946 1
949 1
951 1
954 2
970 1
972 2
975 2
980 1
985 1
989 1
993 1
997 1
1000 1
1005 1
1011 1
1020 1
1024 2
1027 1
1032 1
1047 1
1048 2
1052 1
1053 1
1055 2
1061 1
1071 1
1074 1
1077 1
1085 1
1090 1
1091 1
1099 1
1104 1
1112 1
1114 1
1115 1
1117 1
1119 1
1120 1
1129 1
1155 1
1173 1
1183 1
