100 3000 50
0 250977
1 23
2 122
3 232
4 374
5 568
6 738
7 871
8 860
9 834
10 730
11 614
12 448
13 363
14 307
15 192
16 139
17 101
18 72
19 65
20 43
21 27
22 22
23 24
24 13
25 10
26 11
27 5
28 6
29 4
30 6
31 4
32 2
33 2
34 2
35 1
36 1
37 3
38 1
39 1
40 3
41 2
42 2
43 1
44 1
47 5
48 3
49 2
50 1
51 1
52 1
53 1
55 1
60 2
61 1
64 1
65 1
67 2
68 3
69 1
73 1
75 1
80 1
81 2
88 3
96 1
100 1
101 1
107 1
110 2
111 1
115 1
123 1
128 1
139 1
141 2
144 1
155 1
159 1
167 1
168 1
173 1
183 1
207 1
209 2
215 1
231 1
242 1
256 1
268 2
270 1
271 1
273 1
274 1
275 1
281 1
292 1
297 3
299 1
301 1
309 1
313 1
318 1
319 1
331 2
336 1
337 1
341 1
343 2
349 2
357 1
359 1
360 1
364 1
365 1
368 1
370 1
371 1
374 1
376 1
385 1
387 1
390 1
394 1
396 1
397 1
400 2
418 2
424 2
425 1
430 1
433 1
436 1
439 1
444 1
465 1
466 1
470 1
477 1
481 1
483 1
486 1
487 1
489 1
491 1
492 1
503 1
504 1
508 1
516 1
534 1
536 2
537 1
539 1
543 1
550 1
558 1
564 1
565 1
573 1
575 1
590 1
591 1
592 1
598 1
607 2
609 1
612 2
613 1
615 3
616 1
620 1
624 1
625 2
626 1
636 1
639 1
645 1
646 3
647 2
651 1
653 1
654 1
655 1
662 1
664 1
670 1
673 1
675 1
676 1
678 1
680 1
681 1
682 1
683 1
688 1
691 2
692 2
693 1
695 2
697 1
698 2
702 2
706 2
709 1
711 1
712 1
714 2
715 1
716 3
717 2
721 2
728 1
731 1
733 1
735 2
737 2
740 1
742 1
745 1
746 1
748 2
749 1
750 1
755 1
756 1
757 1
758 1
766 1
768 1
769 1
770 2
772 1
773 2
775 1
777 1
779 1
784 1
787 1
789 1
791 1
796 1
798 1
804 1
806 1
808 1
813 1
815 1
821 1
828 1
830 1
840 1
843 1
848 1
856 2
857 1
858 3
859 2
861 4
863 1
864 1
866 2
867 1
868 3
870 1
871 2
873 1
878 2
879 2
880 1
892 1
893 1
894 2
896 1
898 2
901 1
902 1
912 3
921 1
923 1
926 1
929 1
936 1
938 1
952 1
956 1
957 1
958 1
960 1
962 1
967 2
968 1
972 1
974 1
981 1
984 1
985 1
991 1
996 1
1001 1
1003 2
1008 2
1017 1
1020 1
1033 1
1041 1
1042 1
1043 1
1049 1
1061 1
1063 2
1066 2
1068 1
1069 1
1072 1
1073 2
1075 1
1077 1
1081 1
1086 1
1087 1
1092 2
1093 1
1096 1
1097 1
1104 1
1108 1
1111 1
1116 1
1123 1
1125 1
1134 1
1151 1
1157 1
1161 1
1183 2
