100 3000 50
0 250285
1 35
2 170
3 351
4 617
5 762
6 941
7 974
8 964
9 850
10 686
11 579
12 425
13 356
14 239
15 161
16 99
17 69
18 56
19 36
20 25
21 32
22 17
23 15
24 8
25 13
26 9
27 3
28 7
29 9
30 6
31 3
32 1
33 2
34 4
35 3
36 3
37 3
38 4
41 2
42 1
43 1
44 2
45 1
46 2
49 2
51 1
53 1
54 2
57 1
58 2
60 1
63 2
64 1
67 1
71 2
76 1
82 1
83 1
84 1
87 1
89 2
93 1
94 2
95 1
97 1
102 1
112 1
115 1
116 2
117 1
118 1
121 1
124 1
126 1
130 1
136 1
144 1
159 1
164 1
171 1
178 1
203 1
204 1
205 1
210 1
218 1
229 1
240 1
244 1
250 1
255 1
256 1
260 1
261 1
262 1
273 1
276 1
279 1
280 1
282 1
287 1
288 1
295 1
296 1
299 1
312 2
314 1
322 2
324 1
326 1
334 3
335 1
338 1
345 2
355 1
357 1
358 1
361 1
363 1
369 1
374 1
378 1
381 1
384 1
389 1
390 1
395 1
397 1
398 1
401 1
405 1
407 1
408 1
409 1
410 1
413 1
419 1
421 1
424 1
427 1
431 1
434 2
438 1
444 1
450 1
451 2
458 1
467 1
481 1
483 1
484 1
485 1
492 1
499 1
500 1
504 1
505 1
510 1
515 1
517 1
522 1
523 1
536 1
549 1
556 1
558 1
560 1
561 1
562 1
563 1
575 1
577 1
578 2
579 1
582 1
597 1
599 1
601 3
608 1
612 1
614 1
615 1
619 1
621 1
622 1
629 1
633 2
641 1
642 1
643 2
644 1
646 1
648 1
650 1
652 1
655 1
657 1
658 1
659 1
663 1
664 2
665 1
666 1
668 1
672 1
673 1
674 1
675 1
679 1
680 2
684 1
686 1
688 1
691 2
694 1
695 1
697 2
698 1
699 1
701 1
704 2
705 1
707 1
709 3
711 2
714 1
715 1
716 1
723 2
726 1
732 2
740 1
741 1
742 1
745 1
746 1
749 2
750 1
754 1
755 1
764 1
766 1
770 1
772 1
779 1
780 2
783 1
786 1
788 2
789 1
790 1
791 2
796 1
804 1
808 1
811 1
812 2
814 1
819 2
822 1
823 1
824 1
830 1
833 1
839 2
842 2
843 1
849 1
850 1
851 1
855 1
856 1
858 1
859 1
861 1
862 1
868 1
871 2
876 1
877 1
880 1
881 2
883 2
888 1
890 1
892 1
894 2
895 1
897 1
899 1
900 1
901 1
902 1
903 1
908 1
909 1
910 1
915 1
920 1
921 1
923 1
934 2
936 2
942 1
944 1
951 2
955 2
963 1
966 1
968 1
970 1
971 1
983 1
985 1
991 1
994 1
997 1
998 1
1001 1
1005 1
1008 1
1014 1
1018 1
1019 1
1022 1
1026 1
1028 1
1032 1
1038 1
1046 1
1053 1
1055 1
1059 1
1065 1
1069 1
1074 1
1075 1
1080 1
1081 2
1084 1
1087 1
1088 1
1105 1
1106 1
1107 1
1112 1
1113 2
1114 1
1127 2
1130 1
1133 1
1141 1
1147 1
1152 2
1179 1
1187 1
1191 1
