100 3000 50
0 251599
1 20
2 58
3 158
4 314
5 397
6 596
7 683
8 723
9 734
10 685
11 603
12 509
13 414
14 319
15 261
16 159
17 138
18 109
19 70
20 52
21 42
22 28
23 25
24 24
25 18
26 11
27 9
28 8
29 6
30 12
31 2
32 9
33 3
34 6
35 2
36 4
38 1
39 3
40 3
41 1
42 7
43 2
44 2
45 4
46 2
47 2
49 1
50 1
51 2
53 1
54 1
56 3
57 1
59 1
62 1
63 1
66 1
68 1
70 1
71 1
76 1
78 2
79 1
80 1
88 1
90 1
91 1
94 2
98 1
100 1
103 1
113 1
127 1
129 2
136 1
139 1
140 1
150 1
159 2
165 1
182 2
185 1
186 1
199 1
202 1
207 1
212 1
244 1
245 1
247 2
255 1
260 1
268 1
273 1
277 1
280 1
282 1
290 1
293 1
294 1
297 1
302 1
305 2
311 1
312 1
322 1
324 1
326 1
328 1
335 1
337 1
343 1
355 2
359 1
362 1
364 1
365 2
366 1
369 2
376 1
381 1
383 1
386 1
388 1
391 1
398 2
406 3
407 1
409 1
413 1
414 1
417 1
427 1
428 1
429 1
448 1
455 1
456 1
461 1
466 1
467 1
478 1
479 1
493 1
500 1
509 1
511 1
521 1
522 1
525 1
527 1
543 1
547 1
553 2
555 1
558 2
561 1
563 1
567 1
569 1
570 1
577 1
583 1
585 1
594 1
601 1
602 1
607 1
610 1
613 1
614 1
618 1
621 1
624 1
627 1
630 1
633 2
634 2
638 1
639 1
645 1
647 2
649 2
652 1
654 1
660 1
661 1
662 1
664 2
667 1
671 1
675 1
676 3
678 1
679 1
683 1
685 1
686 1
692 1
693 3
694 1
696 1
697 1
701 1
703 3
704 3
705 1
706 2
707 1
708 1
709 1
711 1
715 2
716 2
722 1
723 1
725 1
726 1
729 1
730 1
733 2
738 2
740 2
742 1
746 2
751 2
754 2
759 1
760 1
764 1
765 1
767 1
768 1
775 1
777 1
780 1
784 1
786 1
789 1
792 1
794 1
795 1
801 1
804 2
805 1
806 2
814 1
815 1
816 1
820 1
823 1
829 1
836 1
837 1
839 1
846 1
859 1
862 1
864 1
865 1
866 1
873 1
876 1
877 1
878 1
881 1
882 1
883 1
884 1
885 2
886 2
887 1
889 2
890 1
891 2
893 2
894 1
895 1
897 1
899 1
900 1
904 1
907 1
908 1
909 1
915 1
919 1
920 1
921 2
922 2
924 1
926 1
928 1
931 1
934 1
935 1
938 1
946 3
947 1
948 1
950 1
958 1
960 1
961 1
963 1
966 1
976 1
981 1
982 1
985 1
998 1
1002 1
1005 1
1008 1
1016 1
1020 1
1027 1
1039 1
1042 1
1044 1
1046 1
1049 2
1050 1
1052 1
1057 1
1061 1
1065 1
1067 1
1086 1
1087 1
1089 1
1091 1
1094 1
1096 3
1102 1
1105 2
1111 1
1113 1
1114 1
1122 1
1123 1
1125 1
1130 1
1136 1
1148 1
1160 1
1164 1
1189 1
