100 3000 50
0 251399
1 22
2 70
3 143
4 349
5 491
6 613
7 781
8 816
9 771
10 713
11 611
12 503
13 373
14 294
15 235
16 167
17 116
18 80
19 73
20 41
21 32
22 17
23 13
24 13
25 12
26 6
27 11
28 7
29 7
30 6
31 2
32 3
33 6
34 4
35 4
36 1
37 1
38 1
39 5
40 1
41 3
42 3
43 3
44 3
45 2
46 2
47 1
48 2
49 2
50 1
51 1
53 3
54 1
55 1
56 3
58 1
59 1
61 1
62 1
65 1
66 1
68 1
71 1
72 2
75 2
76 1
78 1
81 1
82 1
90 1
93 1
95 1
98 1
99 1
101 1
111 1
112 1
115 1
121 1
124 1
131 1
134 1
148 1
150 1
153 1
160 1
161 1
168 2
173 1
174 1
190 1
212 1
224 1
226 1
241 1
254 2
264 1
265 2
270 1
279 1
281 1
289 1
296 1
297 2
299 1
303 1
312 1
313 1
318 1
319 1
332 2
347 1
348 1
349 1
351 1
355 1
364 1
365 1
367 2
369 1
371 1
372 1
373 1
375 1
376 1
377 1
379 1
382 1
384 1
392 1
396 1
401 1
409 1
415 1
418 1
422 1
428 1
430 1
433 1
441 1
449 2
450 1
451 2
458 1
460 1
462 1
467 2
473 1
483 1
487 1
489 1
501 1
505 1
509 1
514 2
526 1
529 1
530 1
539 1
543 1
548 1
551 2
559 1
568 1
569 1
574 1
576 2
582 2
587 1
590 1
591 1
594 1
595 1
603 1
611 1
612 1
621 2
624 1
625 1
627 1
628 1
630 1
632 1
636 1
640 1
641 2
645 1
648 1
649 1
650 2
653 2
655 1
657 1
662 1
671 2
675 1
679 1
681 3
682 1
684 1
685 1
687 1
688 4
689 3
693 1
694 1
697 1
698 2
699 1
700 1
703 1
708 1
713 1
715 1
716 2
718 2
719 1
720 1
721 2
722 1
723 2
727 2
729 1
732 1
734 2
737 1
742 3
744 1
745 1
746 1
748 1
749 2
755 2
758 1
760 1
762 1
765 1
766 1
773 1
775 1
781 1
784 1
787 2
789 1
795 1
798 2
803 1
807 1
811 1
812 1
816 1
819 2
820 2
821 1
824 1
825 1
830 1
838 1
842 1
844 1
847 1
856 1
859 2
863 1
871 1
872 2
875 1
881 4
883 1
885 1
886 1
888 2
889 2
891 1
892 1
893 1
899 1
902 1
903 1
904 2
906 1
911 1
912 1
913 1
914 1
915 1
917 1
927 1
929 1
932 3
933 1
934 1
935 1
941 1
951 2
954 1
958 1
959 2
963 1
965 1
966 1
971 1
973 1
977 1
978 1
985 1
988 2
991 1
998 1
1006 1
1009 1
1016 1
1021 1
1028 2
1031 1
1034 1
1036 1
1042 1
1045 1
1053 1
1058 1
1060 2
1063 1
1069 1
1071 1
1073 1
1081 1
1083 1
1084 1
1085 1
1087 1
1100 1
1102 1
1107 1
1111 1
1112 2
1115 1
1121 1
1122 1
1126 1
1147 1
1150 1
1151 1
1166 1
1174 1
1175 1
1177 1
