100 3000 50
0 249967
1 54
2 181
3 432
4 687
5 936
6 972
7 998
8 964
9 855
10 718
11 582
12 384
13 298
14 220
15 143
16 113
17 65
18 53
19 40
20 25
21 20
22 12
23 17
24 12
25 9
26 3
27 6
28 6
29 4
30 3
31 3
32 2
33 2
34 6
35 2
37 5
38 1
39 1
40 3
41 2
42 5
43 2
44 1
45 1
46 1
47 4
48 3
49 1
50 1
51 3
52 1
53 3
54 2
55 1
57 2
58 1
60 1
62 3
63 1
65 1
67 1
70 1
73 1
78 3
83 1
85 2
88 1
95 1
96 1
103 1
104 1
108 1
113 1
120 1
124 1
132 1
136 1
137 1
139 1
142 1
150 2
152 1
155 1
158 1
159 1
169 1
174 1
185 1
193 1
195 1
200 1
217 1
219 1
227 1
232 1
246 1
247 2
261 2
264 1
265 2
266 1
268 1
271 1
273 1
276 1
280 2
285 1
288 1
292 2
295 1
297 1
304 1
306 1
308 1
311 1
312 1
314 1
321 1
324 1
330 2
335 1
349 1
355 1
360 1
361 1
365 1
368 2
369 1
372 1
385 1
390 1
391 1
398 1
401 1
402 1
410 1
413 1
415 1
416 1
417 1
418 1
422 1
426 1
435 1
443 1
449 1
453 1
455 1
458 2
463 1
464 1
465 1
468 1
469 1
473 1
478 2
480 1
490 1
495 1
496 1
500 1
502 1
508 1
510 1
515 1
527 1
529 1
533 1
542 1
546 2
547 1
553 2
560 1
572 1
575 1
578 1
583 1
588 1
590 1
592 1
598 1
599 1
603 1
608 1
610 1
613 2
615 1
616 3
618 1
623 1
624 1
627 2
629 1
631 1
632 1
634 1
641 1
649 2
651 1
653 1
660 3
661 1
663 1
665 1
666 1
671 1
672 1
673 1
675 1
677 1
679 1
681 1
687 1
689 1
690 2
696 1
700 2
701 1
702 1
705 1
707 1
709 1
712 1
713 1
714 1
717 2
721 1
726 2
728 1
731 3
733 2
734 1
736 2
738 1
741 1
742 3
743 1
744 1
751 2
752 1
756 1
757 1
758 3
760 2
762 1
767 1
775 1
783 1
784 2
790 1
792 1
794 1
796 1
799 1
803 1
805 1
807 1
808 1
812 1
814 1
815 2
822 1
829 1
830 1
834 2
838 1
839 1
840 1
841 1
842 1
850 1
854 1
855 2
858 1
861 1
862 1
863 2
871 2
873 1
878 1
879 1
880 1
881 1
883 1
884 1
888 1
889 1
894 1
896 1
898 1
900 1
902 2
904 1
906 1
907 1
910 2
911 1
914 1
918 1
924 1
929 1
930 1
934 1
935 1
938 1
939 1
943 1
945 1
947 1
949 1
951 1
953 1
956 1
961 1
963 1
964 2
965 1
968 1
970 2
972 1
975 1
978 1
989 1
990 1
994 1
996 1
1004 1
1012 1
1017 1
1020 1
1027 1
1028 1
1039 1
1041 1
1042 1
1044 1
1048 1
1051 1
1053 1
1054 1
1056 1
1057 2
1061 1
1069 2
1074 1
1077 1
1081 1
1090 1
1100 1
1102 1
1103 1
1105 1
1106 1
1109 1
1120 1
1126 1
1138 1
1143 1
1148 1
1152 1
1174 1
1209 1
