100 3000 50
0 251895
1 7
2 48
3 127
4 220
5 358
6 504
7 593
8 669
9 749
10 698
11 594
12 501
13 414
14 323
15 228
16 222
17 162
18 131
19 86
20 64
21 39
22 33
23 29
24 20
25 20
26 9
27 5
28 11
29 9
30 6
31 4
32 5
33 5
34 5
35 4
36 4
37 2
38 4
39 7
40 5
41 2
42 1
43 2
44 3
45 1
47 3
48 1
49 1
50 2
51 1
53 1
54 2
56 1
58 1
59 1
61 1
62 1
63 1
65 1
72 1
73 1
75 1
76 2
77 3
79 1
84 1
87 1
88 3
90 2
96 1
102 1
105 1
115 1
117 1
121 2
122 1
123 1
125 1
131 1
133 1
139 1
141 1
148 1
161 1
168 1
171 1
173 1
194 1
203 1
205 1
218 1
232 1
237 1
238 1
255 1
263 1
268 1
269 1
272 1
281 1
284 1
286 1
289 1
302 1
303 1
304 1
310 1
314 1
318 2
321 1
322 1
324 1
330 2
334 2
337 1
340 1
349 1
351 1
353 1
357 1
360 1
363 1
377 1
380 1
381 2
383 1
386 1
387 1
392 2
400 1
402 2
407 1
418 1
422 1
429 1
434 1
435 1
439 1
442 1
446 1
450 1
454 1
461 1
465 1
468 1
473 1
474 1
477 1
483 1
486 1
488 1
496 1
501 1
512 1
514 1
532 1
541 1
542 2
545 1
549 2
556 1
564 1
567 1
568 1
578 1
579 1
582 1
588 1
594 1
595 1
602 2
607 2
608 1
610 3
613 1
614 1
615 1
619 1
625 1
631 1
632 1
633 1
634 1
636 1
637 1
643 1
644 1
645 1
646 1
647 1
649 3
651 1
653 2
657 1
658 2
660 1
665 1
666 1
672 1
673 1
674 1
677 1
678 1
681 1
684 1
685 2
686 1
688 1
689 1
693 1
695 1
699 3
702 1
703 1
704 1
705 1
708 3
709 1
710 2
711 1
715 1
717 1
720 1
727 2
731 1
734 1
736 3
739 1
740 2
742 1
747 1
748 1
754 1
757 3
758 1
759 1
760 2
767 1
770 1
771 2
772 1
773 1
775 1
778 2
782 1
784 2
786 2
787 1
790 2
792 3
793 1
796 1
804 1
806 1
807 1
811 1
815 2
818 1
821 1
827 1
829 1
836 1
849 1
852 1
855 2
862 1
864 1
867 1
873 1
875 2
878 3
880 1
881 1
884 1
889 1
891 1
893 1
898 1
901 1
902 1
904 2
905 1
907 2
908 1
910 1
912 2
913 1
916 1
918 2
920 1
921 1
924 1
927 1
930 1
935 1
938 1
940 1
942 1
943 1
945 1
946 1
955 1
960 1
971 1
978 1
983 1
985 1
986 1
991 2
993 1
996 1
998 1
999 1
1003 1
1004 1
1005 1
1018 1
1019 1
1025 1
1029 1
1034 1
1036 1
1038 1
1039 1
1047 1
1049 2
1052 1
1054 1
1063 1
1064 1
1065 1
1066 1
1071 1
1079 1
1084 1
1088 1
1089 1
1093 1
1096 1
1101 2
1104 1
1106 1
1107 1
1110 2
1131 1
1132 2
1139 1
1144 1
1159 1
1178 1
