100 3000 50
0 250779
1 30
2 131
3 270
4 483
5 651
6 823
7 873
8 900
9 837
10 714
11 573
12 415
13 392
14 255
15 173
16 122
17 94
18 65
19 46
20 47
21 23
22 19
23 15
24 13
25 8
26 10
27 7
28 5
29 4
30 5
31 3
32 3
33 5
34 10
35 3
36 4
37 2
38 2
39 2
40 3
41 4
42 2
43 1
44 1
45 1
46 2
47 2
48 1
49 1
50 3
51 1
52 1
53 1
54 1
55 2
56 2
58 2
62 1
64 3
67 2
84 1
88 1
90 1
93 1
94 1
98 1
99 1
100 2
105 1
107 1
122 2
125 1
129 1
131 1
138 1
139 1
142 1
144 1
145 1
147 1
151 3
167 1
180 1
182 1
196 1
217 1
218 1
223 1
228 1
232 1
251 1
255 1
261 1
266 1
267 1
268 1
269 1
276 1
293 1
303 1
304 1
309 1
310 1
313 2
314 1
317 1
325 1
328 1
329 2
332 1
336 1
338 1
340 1
344 2
348 1
350 2
352 1
353 1
355 2
359 1
365 1
369 1
375 1
386 1
390 1
391 1
402 1
403 1
404 1
407 1
420 1
423 1
426 1
427 1
428 1
438 2
446 1
448 2
455 1
456 2
463 1
469 1
472 2
474 1
476 3
484 1
494 1
501 1
511 1
523 1
532 1
536 1
542 1
548 1
549 1
550 1
551 1
552 1
566 2
567 1
574 1
576 1
577 1
578 1
580 1
581 1
593 1
594 1
601 1
602 1
603 2
606 1
607 1
609 1
612 1
619 1
626 1
629 1
630 1
635 1
640 1
644 1
646 1
647 1
648 1
650 1
652 1
654 1
655 1
658 1
661 1
662 2
663 1
664 1
667 1
668 1
669 2
670 1
672 2
673 1
674 1
681 1
686 1
688 1
690 1
691 2
692 1
699 1
701 1
702 1
704 1
706 2
707 1
708 1
709 1
710 2
711 1
723 1
724 1
728 1
729 1
731 2
732 2
733 1
734 1
737 1
739 1
742 1
743 1
744 1
746 1
747 1
750 1
753 1
754 2
757 1
758 1
759 1
760 1
766 1
768 2
775 1
776 1
778 1
779 1
780 1
784 1
791 2
792 1
802 1
803 1
804 1
805 1
806 1
811 1
812 1
813 1
823 1
825 1
826 1
834 1
836 1
838 1
839 1
840 1
842 1
846 1
847 1
849 1
850 1
852 2
853 1
854 1
856 2
858 1
862 1
869 3
870 1
871 1
872 1
873 1
874 1
880 1
884 1
886 1
888 1
890 1
891 1
895 1
896 1
898 1
901 1
903 1
904 1
905 1
912 1
913 1
914 1
918 1
919 1
921 2
925 3
927 2
930 1
933 2
934 2
937 1
941 1
946 1
951 2
952 1
958 1
963 2
975 1
982 1
987 1
998 1
1003 2
1004 1
1010 1
1014 1
1015 1
1017 1
1018 1
1031 2
1032 1
1041 1
1058 1
1061 1
1063 3
1074 1
1078 2
1082 1
1085 1
1087 1
1090 1
1092 1
1097 1
1100 1
1103 1
1105 1
1106 1
1107 1
1110 1
1115 1
1116 2
1117 1
1119 1
1122 1
1135 1
1140 1
1142 1
1157 1
1180 1
1181 1
