100 3000 50
0 251505
1 13
2 61
3 182
4 296
5 480
6 605
7 707
8 702
9 757
10 686
11 611
12 567
13 415
14 304
15 239
16 187
17 121
18 92
19 57
20 48
21 33
22 17
23 26
24 21
25 9
26 9
27 14
28 10
29 7
30 5
31 3
32 1
33 3
34 4
35 3
36 4
37 3
38 3
39 2
40 2
41 2
42 3
43 1
44 5
45 2
48 1
49 1
50 3
51 4
52 2
53 2
55 2
57 1
59 1
60 1
61 1
63 1
64 1
65 1
67 1
68 1
69 1
74 1
77 1
80 2
81 1
82 1
86 1
89 2
92 1
96 1
103 1
106 1
107 2
108 1
109 1
114 1
117 1
127 1
130 1
133 1
135 1
139 1
140 1
155 1
161 1
166 1
196 1
198 1
211 1
222 1
230 1
234 1
244 1
245 1
251 1
259 1
263 1
268 2
278 1
286 1
290 1
295 1
301 1
302 1
309 1
310 1
315 1
322 2
323 2
328 1
329 2
331 1
335 2
349 1
354 2
357 1
361 1
368 1
369 2
372 1
374 1
378 1
380 1
389 1
397 1
398 2
405 1
410 1
419 1
421 1
423 1
425 1
429 1
431 1
432 1
436 1
440 4
444 1
447 1
453 1
456 1
469 1
470 1
478 1
479 1
481 1
485 1
488 1
499 1
504 1
506 1
507 1
529 1
530 1
542 1
548 1
549 1
550 1
555 1
556 1
563 1
569 1
572 1
576 1
578 1
582 1
583 1
585 1
589 1
599 1
603 1
604 1
605 1
607 1
609 1
611 1
614 1
615 2
617 2
622 1
623 1
632 1
635 1
640 2
644 1
646 1
650 2
657 1
659 2
661 2
663 1
665 1
669 1
672 1
681 1
682 1
684 1
685 1
686 1
687 1
688 1
691 1
693 2
694 1
695 1
697 1
698 1
699 1
700 1
704 1
705 1
708 1
711 1
712 2
713 2
715 1
718 1
720 2
721 1
726 1
727 1
729 1
730 1
731 1
733 1
736 1
737 2
738 2
741 1
742 1
743 1
746 2
748 2
749 1
750 1
751 1
752 1
758 1
768 1
772 1
773 2
774 1
776 1
778 2
779 1
780 1
782 1
786 1
789 1
791 1
793 1
794 1
798 1
801 1
804 1
805 1
807 2
808 1
810 1
814 1
815 1
816 1
821 1
822 1
825 1
830 3
834 2
838 1
839 1
845 3
846 1
851 1
852 1
856 1
859 1
865 2
866 1
868 1
869 1
872 1
874 1
882 1
885 1
887 1
888 1
889 1
890 2
891 2
905 1
906 1
908 1
909 1
912 2
918 2
919 2
922 1
924 1
926 1
927 1
928 1
935 1
939 1
940 1
943 1
944 1
954 1
959 2
971 1
973 1
974 1
975 1
977 1
983 1
989 2
991 1
992 1
1001 1
1006 1
1013 1
1014 1
1016 1
1017 1
1026 1
1029 1
1033 1
1039 1
1042 1
1048 1
1050 3
1051 1
1055 1
1056 1
1059 1
1060 1
1061 1
1065 1
1066 1
1070 1
1071 1
1082 1
1084 1
1086 1
1089 1
1093 1
1100 1
1101 1
1104 1
1105 1
1106 1
1110 1
1115 1
1116 1
1158 1
1166 1
1174 1
1181 1
1219 1
