100 3000 50
0 250557
1 30
2 148
3 308
4 495
5 709
6 879
7 919
8 906
9 849
10 705
11 580
12 465
13 341
14 263
15 174
16 129
17 93
18 47
19 54
20 33
21 24
22 14
23 13
24 15
25 10
26 9
27 5
28 5
29 4
30 4
31 1
32 5
33 4
34 4
35 6
36 3
37 4
38 1
39 2
40 1
41 2
42 1
43 2
44 1
46 1
47 2
49 3
50 3
52 1
53 2
57 2
58 2
59 1
60 1
62 1
64 3
65 1
67 1
68 1
69 1
75 1
76 1
78 2
82 1
85 1
89 1
92 1
94 1
96 3
98 1
101 1
112 1
113 2
131 1
132 1
144 1
153 1
157 1
172 1
185 2
192 1
194 2
195 1
198 1
199 1
204 2
212 1
217 1
224 1
228 1
229 2
244 1
248 1
257 1
274 1
278 2
279 1
281 2
293 1
295 1
296 1
298 1
307 2
315 2
317 1
318 1
320 1
322 1
323 1
333 1
338 1
348 2
350 2
352 1
353 1
355 1
358 1
360 1
361 1
372 1
375 1
380 1
385 1
386 1
387 2
389 1
396 1
399 1
402 1
412 1
421 1
424 1
425 1
426 1
438 1
439 1
440 1
444 1
448 1
453 1
457 2
462 1
469 1
471 1
474 1
479 1
480 1
484 1
489 1
497 1
498 1
510 2
511 1
519 2
524 1
535 1
541 1
552 1
555 1
558 1
568 1
571 1
573 1
574 1
575 1
577 1
580 1
584 1
586 1
587 1
591 1
596 1
600 1
601 1
602 1
607 1
619 1
623 1
624 1
630 1
635 1
640 1
643 1
646 1
653 1
654 1
655 1
656 1
657 1
658 2
659 1
661 1
663 1
665 1
666 2
667 2
669 2
672 1
673 1
674 2
675 1
676 1
677 2
678 2
679 1
681 1
686 1
687 1
688 1
696 1
698 1
699 1
700 1
702 1
705 1
706 1
710 1
711 1
716 1
718 1
720 1
721 1
722 1
723 1
724 1
725 2
726 2
727 1
728 1
730 1
733 2
736 1
737 1
743 1
749 1
751 1
752 1
754 1
756 2
759 2
766 1
768 1
770 1
776 1
777 1
785 1
788 1
793 1
796 1
798 1
799 1
801 1
805 1
807 1
810 1
812 1
818 1
821 1
826 1
827 1
829 1
833 1
834 1
838 1
843 1
846 2
848 2
854 1
855 2
860 1
861 1
863 2
864 1
865 2
869 2
876 2
880 1
881 1
882 1
884 1
885 1
887 1
888 2
890 1
891 1
892 1
893 1
896 2
900 1
903 2
905 1
907 1
908 1
912 1
916 1
917 1
918 2
920 1
923 1
925 2
935 1
936 1
946 1
950 2
955 1
959 2
965 1
966 1
967 1
973 1
975 1
980 1
983 1
985 1
992 1
996 1
997 1
1002 2
1010 1
1011 1
1012 1
1015 1
1016 1
1021 1
1030 1
1035 1
1036 1
1042 2
1054 1
1062 1
1065 1
1067 1
1070 1
1073 1
1074 1
1076 1
1081 1
1084 1
1085 1
1088 1
1094 1
1096 1
1097 1
1104 1
1111 1
1115 1
1124 1
1126 3
1127 2
1130 2
1132 2
1142 1
1143 1
