100 3000 50
0 234026
1 1153
2 1942
3 2293
4 2260
5 2231
6 1995
7 1689
8 1474
9 1231
10 1081
11 886
12 786
13 673
14 534
15 432
16 448
17 380
18 310
19 265
20 259
21 198
22 194
23 184
24 153
25 143
26 135
27 98
28 115
29 77
30 89
31 68
32 63
33 73
34 55
35 59
36 56
37 56
38 41
39 37
40 34
41 31
42 38
43 35
44 27
45 34
46 24
47 25
48 24
49 13
50 17
51 22
52 13
53 16
54 18
55 15
56 16
57 14
58 13
59 14
60 11
61 14
62 12
63 13
64 12
65 17
66 10
67 7
68 9
69 7
70 7
71 11
72 5
73 7
74 5
75 6
76 12
77 4
78 6
79 3
80 2
81 9
82 5
83 8
84 6
85 10
86 8
87 9
88 3
89 3
90 7
91 8
92 2
93 3
94 4
95 2
96 5
97 3
98 6
99 3
100 5
101 2
102 2
103 4
104 2
105 6
106 4
107 6
108 3
110 1
111 4
112 3
113 2
114 1
115 1
116 4
117 4
118 4
120 1
121 3
122 2
123 1
126 2
127 1
128 3
129 3
131 4
133 5
135 1
136 1
137 1
138 1
140 2
141 1
142 3
143 4
145 3
146 2
147 4
148 1
151 1
153 1
154 2
155 1
156 1
157 1
158 2
160 2
163 2
164 1
165 2
167 1
171 1
172 1
173 1
174 1
176 1
178 1
179 1
180 1
182 1
184 1
191 1
193 1
194 3
198 1
199 1
203 2
205 2
206 2
210 2
211 1
212 1
216 1
217 2
218 1
219 1
221 1
222 1
227 1
231 1
239 2
241 1
242 1
243 1
244 2
246 1
248 1
249 1
251 1
254 1
259 1
265 1
270 1
271 2
274 1
275 1
277 1
278 1
280 1
282 1
285 2
290 1
292 1
293 1
295 1
296 1
299 1
301 2
307 3
329 1
342 1
344 1
361 1
362 1
364 1
366 1
372 2
381 1
384 1
393 1
396 1
424 1
425 1
428 1
438 1
441 1
443 1
448 1
449 1
458 2
465 1
508 1
513 1
517 1
528 1
545 1
