100 3000 50
0 244633
1 531
2 1207
3 1670
4 1811
5 1858
6 1628
7 1262
8 1054
9 769
10 507
11 371
12 248
13 199
14 141
15 111
16 70
17 63
18 56
19 49
20 37
21 46
22 26
23 21
24 13
25 14
26 20
27 21
28 12
29 9
30 8
31 16
32 15
33 14
34 12
35 6
36 12
37 9
38 7
39 6
40 6
41 6
42 2
43 4
44 7
45 2
46 3
47 4
48 4
49 7
50 7
51 6
52 3
53 7
54 3
55 3
56 4
57 2
58 4
59 3
60 4
61 5
62 3
63 2
64 2
66 1
67 4
68 2
69 5
70 1
71 1
72 6
73 1
74 1
75 4
76 2
77 1
78 1
79 2
80 2
81 1
83 3
84 2
86 3
87 2
88 1
89 3
90 2
91 2
92 4
93 1
94 2
95 1
96 2
97 1
98 2
100 3
102 2
103 3
104 3
108 2
109 1
110 1
111 1
112 1
113 2
114 2
115 3
116 1
117 1
118 1
120 2
121 3
122 3
124 2
125 1
130 2
131 2
132 3
133 2
134 2
135 3
136 1
137 1
138 2
139 2
140 2
144 3
145 2
147 2
148 1
149 1
150 1
152 3
153 2
154 1
156 3
157 1
160 1
161 1
163 1
165 3
167 3
168 1
169 1
171 2
173 1
174 1
177 1
178 2
181 1
182 2
183 2
185 2
189 1
190 2
191 2
192 1
193 2
195 1
196 2
198 1
199 1
202 1
203 2
204 2
205 2
208 1
209 1
210 1
211 1
212 3
214 1
216 1
219 1
221 1
222 1
223 1
225 1
229 1
231 1
233 1
235 2
237 1
238 2
245 1
247 1
249 1
250 3
251 2
252 1
257 2
260 1
261 1
264 1
265 2
266 1
268 2
269 2
271 1
274 1
275 1
276 1
277 1
278 2
279 1
283 1
288 4
290 1
292 1
294 1
296 1
299 1
306 1
310 1
311 1
314 1
316 3
318 1
326 1
327 1
330 1
332 1
334 3
335 3
338 1
339 1
344 1
345 1
346 1
348 1
351 1
353 2
356 1
357 1
358 1
359 1
360 1
361 2
362 1
364 1
366 1
367 1
368 2
370 1
372 1
375 2
379 1
382 1
383 1
390 2
392 2
393 1
394 2
396 1
400 1
402 2
410 2
412 1
413 1
414 1
415 1
417 1
423 1
430 1
433 1
435 1
436 1
438 2
439 2
440 1
441 2
442 1
443 1
445 1
449 1
452 1
455 1
456 1
458 1
460 1
461 1
463 1
466 1
467 1
469 1
472 1
486 1
492 1
493 1
494 3
495 1
500 1
501 1
503 1
505 1
509 1
510 1
513 1
518 1
519 1
520 1
524 1
525 2
528 1
530 2
531 1
532 3
538 1
541 1
545 1
547 1
548 1
550 1
551 2
553 1
556 1
557 1
562 1
563 1
567 1
568 1
571 1
575 1
577 1
578 3
579 1
581 1
582 1
586 1
587 1
588 1
589 1
594 1
595 1
596 1
597 1
598 1
599 1
600 1
602 1
604 1
606 1
607 1
609 1
610 1
614 1
617 1
619 1
620 1
623 1
624 1
626 1
632 1
634 1
638 2
641 1
646 1
647 2
648 1
655 1
658 1
660 1
662 1
666 2
668 1
669 1
673 1
677 1
678 1
681 1
685 2
687 1
698 1
711 1
712 1
714 2
726 2
727 1
728 1
730 2
735 1
737 1
738 1
739 1
744 1
748 1
752 1
754 1
765 1
769 1
772 1
776 1
783 1
787 1
790 2
791 1
793 1
795 1
796 2
798 1
800 1
801 1
802 1
806 2
808 1
813 2
820 1
822 1
823 1
824 2
825 1
836 1
845 1
846 1
849 1
864 1
866 1
868 2
870 1
874 1
876 1
881 1
883 1
887 1
889 1
894 1
897 1
898 1
904 1
914 1
915 1
917 1
924 1
946 1
949 1
950 1
954 1
963 1
966 1
969 1
991 1
1000 1
1012 1
1031 1
1049 1
1062 1
1072 1
1073 1
1105 1
