100 3000 50
0 248206
1 166
2 472
3 858
4 1138
5 1361
6 1370
7 1223
8 1046
9 812
10 621
11 436
12 323
13 216
14 130
15 98
16 62
17 42
18 35
19 13
20 17
21 16
22 8
23 15
24 11
25 3
26 6
27 4
28 5
29 4
30 6
31 5
32 1
33 2
34 2
35 5
36 2
37 4
38 4
39 1
40 5
41 2
42 4
43 3
44 3
45 1
46 1
47 1
48 1
49 3
50 1
51 3
53 3
55 1
56 2
58 2
60 1
61 2
62 1
63 1
64 2
65 1
67 1
68 2
69 2
70 2
71 1
74 1
75 3
76 1
77 2
78 2
79 1
80 2
81 1
82 2
83 1
85 1
87 1
89 1
92 1
95 2
96 2
97 1
98 2
100 1
101 1
103 1
108 1
109 1
110 1
112 1
113 1
117 1
118 1
119 1
122 1
126 1
136 2
141 2
144 2
148 1
149 1
155 1
162 1
167 3
173 1
181 1
185 1
186 1
193 1
198 1
201 2
202 2
210 2
211 1
215 1
216 2
220 2
221 1
236 1
240 1
244 1
249 1
250 1
253 1
255 1
261 1
262 1
263 1
265 2
266 1
268 1
276 1
283 1
284 1
288 1
293 1
296 1
297 1
301 1
305 1
309 1
311 1
313 1
317 2
318 1
322 1
324 1
329 1
334 1
343 1
347 1
348 1
354 1
357 1
368 2
369 1
372 1
373 1
374 1
377 1
378 1
383 2
386 1
387 1
389 1
393 1
395 1
396 1
397 1
403 1
405 1
407 1
409 1
411 1
412 2
416 1
417 1
418 1
419 1
421 1
423 2
427 1
434 1
439 1
441 1
442 2
446 1
447 1
450 1
451 1
454 1
457 1
458 1
462 1
476 1
477 1
479 1
481 1
488 1
489 1
490 1
493 1
497 1
499 2
500 1
506 1
514 1
516 2
517 1
521 1
524 1
528 1
531 2
533 2
535 1
540 1
541 1
544 1
550 1
553 1
555 1
559 1
572 1
573 1
577 2
578 1
580 1
587 1
589 1
593 1
595 2
596 1
597 1
599 1
600 2
601 1
602 2
604 1
607 2
609 1
611 1
616 2
619 1
625 2
628 1
631 1
637 1
639 1
640 1
648 1
650 1
651 2
652 1
658 1
667 1
670 1
675 2
680 4
683 1
685 2
694 2
695 1
698 1
699 1
701 1
704 3
705 1
706 1
709 1
710 1
711 1
712 1
717 1
719 1
720 1
721 1
723 1
724 3
725 2
727 1
729 1
730 1
731 1
732 1
733 1
734 1
739 1
741 1
742 2
743 1
744 1
745 1
747 1
751 1
756 1
760 2
761 1
764 1
774 1
779 1
787 1
795 2
800 1
802 1
807 1
809 1
812 1
814 1
825 2
826 2
829 1
831 1
832 1
834 1
835 1
836 1
837 1
839 1
842 1
843 1
847 1
848 1
853 1
858 1
859 1
860 1
861 1
865 1
868 1
877 1
878 1
881 1
883 1
887 2
888 2
890 1
892 2
894 1
902 1
903 1
904 1
907 1
908 1
910 1
914 1
915 1
917 1
920 1
922 1
926 1
938 1
939 1
943 2
945 1
947 1
948 1
950 2
957 1
958 1
960 1
962 1
966 2
982 1
985 1
988 1
996 2
997 1
1001 1
1010 2
1019 1
1023 1
1028 1
1032 1
1035 1
1036 1
1039 2
1041 2
1047 1
1048 1
1057 1
1064 1
1068 1
1084 1
1093 1
1095 1
1096 1
1100 1
1108 1
1120 1
1123 1
1137 1
1141 1
1161 1
1181 1
