100 3000 50
0 225710
1 1771
2 2577
3 3034
4 3116
5 2855
6 2643
7 2316
8 2105
9 1813
10 1531
11 1327
12 1149
13 980
14 853
15 708
16 575
17 547
18 439
19 405
20 353
21 282
22 235
23 203
24 198
25 158
26 136
27 122
28 113
29 97
30 90
31 85
32 57
33 66
34 53
35 33
36 38
37 34
38 37
39 21
40 28
41 25
42 25
43 20
44 14
45 20
46 13
47 14
48 15
49 11
50 10
51 8
52 9
53 10
54 8
55 4
56 4
57 6
58 4
59 4
60 7
61 5
62 3
63 4
64 2
65 6
66 5
68 4
69 3
70 5
71 1
73 4
74 4
76 1
77 1
80 2
83 2
84 2
85 2
86 2
87 2
89 2
91 1
93 1
97 1
116 1
117 1
128 1
132 1
147 1
