100 3000 50
0 251998
1 11
2 35
3 108
4 207
5 348
6 494
7 608
8 636
9 695
10 650
11 609
12 513
13 445
14 325
15 291
16 188
17 153
18 113
19 81
20 53
21 46
22 35
23 39
24 23
25 15
26 13
27 9
28 12
29 5
30 4
31 10
32 11
33 4
34 3
35 2
36 3
37 6
38 4
39 1
40 4
41 1
42 2
43 3
44 1
45 3
47 5
48 1
49 2
52 3
53 3
55 1
57 3
58 2
60 1
62 3
65 3
67 1
68 1
69 1
71 1
72 1
74 1
75 1
78 1
79 1
80 1
82 2
83 1
86 1
87 1
90 1
91 1
93 1
96 1
103 1
111 2
118 1
119 1
126 1
132 1
139 1
146 1
158 1
164 1
168 1
174 1
177 1
184 1
189 1
209 1
210 1
217 1
237 1
240 1
265 1
266 1
267 1
270 1
274 1
283 2
300 2
304 1
305 1
306 1
308 1
309 1
311 1
315 1
323 1
324 1
325 1
328 1
333 1
334 1
338 1
347 1
354 1
359 1
360 1
361 1
363 1
365 1
366 1
382 1
390 2
392 1
393 1
400 1
401 2
411 1
412 1
417 1
418 1
420 1
421 1
422 1
423 1
425 1
430 1
438 1
441 1
444 1
448 1
460 2
464 2
465 1
473 1
474 1
478 1
480 1
481 1
482 1
504 2
510 1
511 1
515 1
521 1
525 1
529 1
534 2
538 1
547 1
548 1
549 1
550 1
553 2
556 1
561 1
566 1
567 1
568 1
571 1
576 1
577 1
584 1
592 1
596 2
597 2
599 1
603 1
605 1
611 1
616 1
617 1
623 2
641 1
644 1
645 1
646 1
647 1
651 1
656 2
661 1
662 1
666 1
667 1
669 1
672 1
673 2
676 2
677 1
678 1
679 1
681 1
682 1
684 1
685 1
686 1
688 1
689 1
691 1
692 2
693 2
694 1
696 1
699 1
700 1
701 1
703 1
707 1
709 1
710 1
711 1
713 1
715 1
722 1
726 2
728 1
729 1
730 4
731 2
735 1
737 1
741 2
746 2
747 1
751 2
759 1
760 1
764 1
769 2
770 1
772 1
776 1
778 1
779 2
780 1
783 1
786 2
788 1
790 1
791 1
798 1
802 2
805 1
807 1
811 1
814 1
815 1
820 1
828 1
832 1
833 3
835 1
838 1
839 1
843 1
849 1
850 1
851 1
852 2
855 1
856 1
858 1
860 2
863 1
865 1
866 1
871 1
876 1
879 1
881 1
883 1
890 1
891 1
893 2
895 1
897 1
898 1
899 1
901 2
904 3
910 2
912 1
915 1
916 2
921 3
922 1
923 1
928 1
929 1
934 1
935 1
937 1
938 1
939 1
940 1
946 1
952 2
969 1
972 2
978 2
983 1
985 1
986 1
1000 1
1003 1
1005 1
1007 1
1012 1
1020 1
1021 1
1027 3
1033 1
1034 1
1039 1
1044 1
1052 1
1053 1
1069 2
1072 1
1074 1
1075 1
1076 1
1087 1
1089 1
1092 2
1103 1
1109 1
1110 1
1111 3
1112 1
1118 1
1120 1
1125 1
1126 1
1132 1
1144 1
1149 1
1154 1
1164 1
