100 3000 50
0 240393
1 975
2 1583
3 2120
4 2131
5 2024
6 1708
7 1417
8 1125
9 811
10 698
11 507
12 392
13 373
14 277
15 265
16 193
17 135
18 135
19 108
20 120
21 103
22 72
23 72
24 69
25 48
26 40
27 44
28 54
29 40
30 31
31 32
32 18
33 27
34 22
35 24
36 29
37 26
38 30
39 21
40 15
41 21
42 19
43 20
44 14
45 10
46 13
47 13
48 12
49 16
50 10
51 14
52 8
53 10
54 8
55 4
56 5
57 12
58 7
59 6
60 8
61 7
62 3
63 4
64 8
65 7
66 3
67 5
68 6
69 8
70 3
71 4
72 6
73 6
74 5
75 3
76 4
77 5
78 2
79 9
80 4
81 4
82 4
83 2
84 8
85 4
86 5
87 3
88 5
89 2
90 3
91 6
92 2
93 8
94 6
95 4
96 2
97 5
98 1
99 6
102 6
103 3
104 3
105 3
106 1
107 2
108 4
109 6
110 1
112 3
113 2
114 4
115 3
116 5
117 2
118 5
119 1
120 1
121 2
122 2
123 1
125 3
126 2
127 3
128 3
129 2
130 4
131 3
132 3
133 4
134 5
135 2
136 1
138 3
140 1
141 1
142 7
143 1
144 3
145 2
146 2
147 1
148 1
149 2
151 2
152 1
153 5
154 3
155 4
157 3
158 2
159 5
161 1
162 3
163 2
164 2
166 3
167 3
169 2
170 3
171 1
172 1
173 1
174 3
175 3
176 1
177 3
178 2
180 3
182 1
183 2
185 2
186 1
187 1
189 1
190 1
191 2
192 2
194 2
195 2
196 1
197 1
198 2
199 1
200 1
201 2
203 1
204 1
205 4
212 3
214 1
217 2
219 4
220 3
221 3
222 2
223 1
224 2
226 1
227 1
228 2
229 1
230 2
231 1
233 3
235 2
237 1
239 2
241 1
242 1
243 1
244 1
245 1
247 1
248 2
249 2
250 1
251 2
253 1
254 1
255 2
257 1
261 2
262 1
263 1
264 1
265 1
266 3
267 1
269 1
271 1
272 1
273 1
275 1
276 1
277 1
280 1
281 2
297 1
301 2
302 1
306 1
308 1
309 2
311 1
313 1
314 1
315 1
316 1
317 1
319 1
323 2
325 3
326 1
328 3
334 1
339 2
342 1
344 1
345 1
346 1
349 3
356 1
357 1
359 1
360 1
362 1
363 1
365 1
368 2
369 1
370 2
371 1
374 1
375 1
376 1
378 2
380 1
385 1
386 3
387 1
392 2
393 1
395 2
397 1
399 1
405 1
408 1
409 1
413 2
417 3
420 2
423 1
425 1
428 1
429 2
431 2
439 1
443 1
450 1
452 1
453 1
454 1
456 1
457 1
462 1
466 1
468 1
472 1
475 1
479 2
481 2
482 2
483 1
484 1
494 1
495 1
496 1
498 1
501 1
504 1
507 2
508 1
513 1
514 1
518 1
527 1
531 1
532 1
534 1
535 1
542 1
546 1
547 1
549 1
552 1
557 1
562 1
566 1
570 1
585 2
587 1
588 2
589 1
590 1
604 1
611 1
612 1
615 1
616 1
625 1
626 1
629 2
630 1
639 3
658 1
659 1
660 1
664 1
665 1
670 1
673 1
687 1
692 1
694 2
695 1
696 1
700 1
702 2
711 1
712 1
713 1
716 1
718 1
739 1
742 1
750 1
751 1
756 1
768 1
777 1
789 1
792 1
804 1
807 1
811 1
817 1
857 1
883 1
900 1
993 1
1054 1
