100 3000 50
0 251138
1 28
2 80
3 203
4 344
5 571
6 720
7 846
8 864
9 765
10 697
11 622
12 484
13 362
14 275
15 217
16 134
17 89
18 83
19 60
20 46
21 36
22 33
23 21
24 15
25 14
26 9
27 9
28 4
29 6
30 6
31 4
32 4
33 5
34 5
35 2
36 6
37 2
38 4
39 2
40 6
42 4
43 2
44 1
45 2
46 1
47 2
48 1
49 2
50 1
51 2
52 1
55 2
57 1
58 1
59 1
60 1
61 2
65 1
68 1
70 1
72 1
74 4
78 1
82 1
91 1
92 1
93 1
96 1
98 1
99 1
101 1
102 1
106 1
107 2
111 1
113 1
114 1
118 1
120 1
138 1
139 1
145 1
172 1
181 1
185 1
191 1
193 1
209 1
210 1
218 1
219 1
221 1
241 1
247 1
248 1
250 1
254 1
258 1
263 1
271 1
272 1
284 1
286 1
289 1
299 2
307 3
310 1
314 1
328 1
330 1
332 1
333 1
334 1
335 1
337 1
338 1
339 2
342 1
344 1
348 1
355 1
358 1
361 1
368 1
376 2
382 1
389 1
400 1
404 2
405 1
410 1
415 1
430 1
431 1
434 1
436 1
444 1
446 1
448 1
452 2
454 2
455 1
463 1
464 1
467 1
480 1
481 1
482 1
486 1
490 1
491 1
494 1
500 1
509 1
515 1
527 1
530 1
532 1
533 1
536 1
537 1
560 1
563 1
565 1
566 1
569 1
580 1
591 2
592 1
600 2
602 3
603 1
605 1
612 1
614 1
617 1
622 1
624 1
625 1
628 1
630 1
631 1
632 1
633 1
638 1
642 1
645 1
647 1
653 2
656 3
657 1
658 1
659 1
660 1
661 1
663 1
666 1
676 1
678 1
679 1
681 1
682 1
683 1
687 1
693 2
696 1
697 1
698 2
699 1
700 1
701 1
703 1
704 1
707 1
709 1
710 1
712 1
714 3
715 1
717 1
721 1
723 1
725 2
728 1
729 1
730 1
732 1
733 1
734 3
736 1
737 2
742 1
745 1
746 1
747 2
749 1
752 1
753 1
756 1
761 1
762 1
764 1
766 2
774 1
779 1
782 1
794 3
797 1
805 2
807 1
810 1
812 1
818 2
819 1
826 3
827 1
828 1
831 1
839 1
843 1
847 1
856 1
860 1
863 1
865 1
866 1
867 2
869 1
870 1
873 3
874 1
875 2
877 1
878 1
880 1
882 1
883 2
884 2
885 1
886 1
887 1
890 1
893 1
894 1
895 1
896 1
898 1
900 1
901 1
902 1
907 1
909 1
910 1
911 1
915 1
918 2
920 1
922 1
924 1
927 1
930 1
935 1
936 1
946 1
951 1
953 1
957 1
959 1
962 1
965 1
984 1
986 1
987 1
989 2
991 1
994 1
998 2
1005 2
1010 1
1020 1
1025 1
1026 1
1033 1
1034 1
1040 1
1041 1
1047 2
1050 1
1052 1
1054 1
1055 1
1062 1
1065 1
1067 1
1070 1
1075 1
1077 1
1082 2
1084 2
1093 1
1097 1
1099 1
1103 1
1106 2
1110 1
1114 1
1117 1
1126 1
1128 1
1138 1
1143 1
1149 1
1158 1
1173 1
