100 3000 50
0 251763
1 13
2 59
3 115
4 284
5 388
6 530
7 622
8 718
9 721
10 660
11 629
12 505
13 411
14 340
15 270
16 187
17 148
18 91
19 81
20 60
21 36
22 32
23 32
24 13
25 19
26 12
27 12
28 9
29 8
30 11
31 5
32 4
33 5
34 6
35 2
36 2
37 5
38 2
39 3
40 2
41 1
42 2
43 3
44 1
45 2
46 2
48 1
49 1
50 2
51 2
52 1
53 1
54 2
55 1
56 3
57 1
58 3
60 1
61 2
62 1
63 2
64 1
65 1
68 1
70 1
71 1
72 1
73 2
77 1
78 1
79 1
83 1
89 2
93 1
96 1
102 1
106 1
110 1
119 1
125 2
128 1
136 1
138 1
149 1
152 1
157 1
179 1
209 1
210 1
214 1
221 1
222 1
225 1
239 1
244 1
247 1
252 1
258 1
262 2
263 1
267 1
268 1
269 1
273 1
292 1
298 1
301 1
305 2
314 1
315 1
317 1
325 1
328 1
329 1
331 1
339 1
348 1
350 1
351 3
353 1
356 1
357 1
362 1
365 1
368 1
377 2
379 1
382 1
386 1
387 1
388 1
398 1
406 1
411 1
413 1
414 1
416 1
424 1
427 1
431 1
435 1
436 1
439 1
441 1
444 1
447 1
452 1
453 1
454 1
461 1
462 1
466 1
469 1
470 1
473 1
487 1
491 1
496 1
504 1
505 1
525 1
531 1
532 1
534 1
539 1
541 1
548 1
553 1
556 1
567 1
573 1
578 1
580 1
582 1
587 2
590 2
594 1
596 1
602 1
607 1
611 1
613 1
619 2
622 1
623 1
625 1
626 2
629 1
634 1
635 1
638 3
639 1
640 1
641 1
642 1
643 1
644 1
646 1
647 1
649 1
651 1
659 1
661 1
662 1
664 1
670 2
673 1
675 1
676 2
677 1
680 1
683 2
686 1
689 1
690 2
695 2
699 1
703 2
704 1
705 1
706 1
711 3
713 1
718 1
721 2
724 1
726 1
727 1
728 3
729 1
734 1
735 1
736 1
739 1
740 1
741 1
744 1
746 2
747 1
752 1
755 1
757 1
758 1
763 1
764 1
766 1
771 1
777 2
778 1
779 1
780 1
781 1
786 1
789 1
790 1
792 1
794 1
796 1
797 2
804 1
816 1
820 1
828 1
836 1
837 2
838 1
840 1
841 1
843 1
847 1
849 1
854 1
855 1
857 1
861 1
863 1
864 1
866 1
867 1
868 1
873 1
874 1
877 2
878 1
880 1
890 1
891 2
893 1
895 1
896 2
897 1
900 2
902 2
903 1
905 1
907 2
908 1
910 2
913 1
920 1
921 2
926 1
927 1
931 1
934 1
935 1
939 1
945 1
948 1
950 1
953 1
956 1
958 1
964 2
965 1
968 2
969 1
972 1
974 1
980 1
985 1
990 1
991 2
1000 1
1004 1
1006 1
1012 1
1018 1
1021 1
1024 1
1033 1
1034 1
1035 1
1046 1
1051 1
1054 2
1055 1
1063 1
1064 1
1067 1
1068 1
1072 1
1074 1
1077 1
1078 2
1081 2
1082 1
1083 1
1087 1
1098 2
1102 1
1114 1
1115 1
1118 1
1137 1
1139 1
1141 2
1145 1
1151 1
1161 1
