100 3000 50
0 251286
1 17
2 88
3 217
4 327
5 498
6 651
7 751
8 769
9 777
10 727
11 651
12 511
13 399
14 323
15 195
16 139
17 130
18 84
19 59
20 44
21 40
22 25
23 16
24 20
25 8
26 8
27 6
28 7
29 7
30 6
31 7
32 3
33 1
34 3
35 3
36 2
37 5
38 5
41 1
42 5
43 2
44 3
45 3
46 4
47 1
49 2
50 1
51 2
52 1
53 1
55 2
56 2
58 2
59 3
60 1
64 1
65 1
68 1
70 1
71 1
72 1
78 1
83 2
84 2
92 1
94 1
96 1
104 1
109 1
112 1
113 1
116 1
117 1
119 1
128 1
130 1
133 1
143 1
144 1
149 1
165 1
169 1
173 1
179 1
195 1
225 1
235 1
236 1
242 1
246 1
247 1
252 1
258 1
260 1
273 1
278 1
280 1
281 1
283 1
287 1
290 1
295 1
300 1
302 1
314 1
316 1
320 1
321 1
329 1
338 1
343 2
346 2
347 1
352 1
361 1
362 1
363 1
364 1
365 1
370 1
374 1
375 1
378 1
387 1
392 3
396 1
405 2
407 1
413 1
419 2
424 1
425 2
433 1
436 1
441 1
443 1
445 2
453 1
457 1
459 1
462 1
466 1
472 2
479 1
480 1
481 1
488 1
498 1
499 1
506 1
511 1
527 1
543 1
548 1
554 1
557 1
562 1
563 1
566 1
567 1
574 2
576 1
581 1
584 1
590 1
594 1
595 1
602 1
603 1
604 1
613 1
615 2
620 1
622 2
624 1
625 1
626 1
628 1
633 1
637 1
643 1
651 2
652 2
653 1
655 2
660 1
661 2
663 1
664 1
671 3
672 1
673 1
674 1
676 1
678 1
681 3
682 1
685 1
696 2
697 1
698 2
701 1
702 2
703 1
707 2
708 1
709 2
710 1
712 1
713 1
714 2
717 1
718 1
719 1
721 2
724 2
727 2
729 1
730 1
731 2
733 1
734 1
735 1
737 1
738 1
741 1
742 2
743 1
746 2
749 1
753 2
758 1
759 1
760 2
769 1
778 1
780 1
783 1
789 1
799 1
802 2
810 1
814 1
821 1
822 1
824 1
828 2
831 1
832 1
835 1
838 1
840 1
841 1
842 1
844 1
846 2
847 2
848 2
849 1
852 1
854 1
859 1
867 1
869 1
871 1
872 2
877 2
878 1
879 1
880 1
882 1
883 1
884 1
886 1
887 1
888 1
894 1
895 1
900 2
911 1
913 1
914 1
915 1
918 1
919 1
927 1
928 1
934 1
935 1
945 1
947 2
948 3
950 1
952 1
956 1
958 2
961 1
966 1
967 1
970 1
971 1
973 1
975 1
977 1
978 2
979 1
980 2
996 1
998 1
1002 1
1006 1
1012 1
1017 1
1023 1
1026 1
1043 1
1057 1
1058 1
1062 1
1073 1
1074 1
1075 2
1076 1
1082 1
1083 1
1088 1
1092 1
1094 1
1098 1
1103 1
1105 1
1106 2
1113 1
1114 1
1123 1
1126 1
1127 2
1132 1
1133 1
1134 2
1136 1
1145 1
1166 1
1168 1
