100 3000 50
0 251689
1 10
2 57
3 145
4 261
5 415
6 597
7 674
8 710
9 749
10 677
11 575
12 515
13 407
14 298
15 277
16 210
17 138
18 94
19 62
20 42
21 33
22 36
23 32
24 14
25 12
26 16
27 12
28 12
29 6
30 6
31 7
32 8
33 6
35 4
36 1
37 3
38 2
39 3
40 1
42 2
43 2
44 3
45 1
46 2
47 2
48 1
49 6
50 2
51 2
52 1
53 1
54 1
55 1
57 2
58 2
59 1
63 3
64 1
66 1
67 1
69 2
72 1
75 1
78 2
83 1
84 1
87 1
92 1
94 2
101 1
106 1
110 1
125 1
126 1
130 1
136 1
143 1
149 1
162 1
163 1
182 2
197 1
205 1
212 1
216 1
232 1
235 1
239 1
240 1
241 1
250 1
252 1
260 2
263 1
264 1
265 1
268 1
288 2
292 1
296 1
298 1
299 1
306 1
307 1
309 2
317 1
324 2
327 1
339 1
342 1
350 1
353 1
356 1
358 1
362 2
374 2
375 1
376 1
383 2
386 1
393 1
395 2
399 2
412 2
416 1
418 1
433 1
434 1
441 1
443 1
444 1
445 1
448 1
451 1
452 1
453 1
455 1
462 1
467 2
470 1
480 1
486 1
496 1
500 1
508 1
513 1
516 1
519 1
538 2
540 1
543 1
544 1
558 1
561 1
563 3
564 2
565 1
570 1
571 1
582 1
583 1
585 1
596 1
597 1
607 2
612 1
614 1
616 1
619 1
620 2
621 1
622 1
633 1
637 2
638 2
640 1
645 1
659 1
660 2
661 2
664 1
665 1
666 2
668 1
672 1
681 2
682 1
683 1
684 1
687 2
693 2
694 1
695 1
696 3
697 3
699 2
701 1
702 2
703 2
705 1
707 3
710 1
716 1
717 2
718 4
721 1
722 1
724 3
725 1
731 2
732 1
733 2
737 1
740 1
742 1
745 2
752 1
754 2
758 1
767 1
770 1
771 1
780 1
781 1
785 1
788 1
792 1
795 1
796 1
797 2
799 1
803 1
814 1
816 3
818 1
819 1
823 1
825 1
835 2
838 1
839 3
840 1
841 1
842 1
848 1
850 1
861 1
862 1
873 1
876 1
878 1
881 1
882 2
884 2
885 1
887 1
888 1
891 1
892 2
894 1
895 1
898 1
901 2
903 1
904 1
905 1
907 1
908 1
915 1
916 2
918 1
922 1
927 1
928 1
929 3
933 1
934 2
936 1
940 1
945 3
946 1
947 1
958 1
959 1
961 1
965 1
969 1
971 1
974 2
976 1
978 1
982 1
989 1
992 1
999 1
1001 1
1013 1
1019 1
1021 1
1037 1
1045 2
1046 1
1049 1
1057 2
1058 1
1061 1
1066 1
1069 1
1071 2
1078 1
1080 1
1082 2
1092 1
1095 1
1096 1
1097 1
1098 1
1102 1
1105 1
1113 1
1116 1
1121 1
1125 1
1129 1
1130 1
1135 1
1137 1
1140 1
1144 1
1167 1
1172 1
