100 3000 50
0 251956
1 10
2 41
3 112
4 215
5 344
6 507
7 564
8 686
9 727
10 694
11 630
12 458
13 439
14 332
15 254
16 209
17 148
18 118
19 73
20 66
21 38
22 37
23 27
24 19
25 18
26 10
27 15
28 11
29 8
30 3
31 4
32 9
33 6
34 7
35 2
36 1
37 4
38 3
39 4
40 2
41 2
43 4
44 1
45 1
46 1
47 3
48 1
49 1
51 1
52 2
53 2
54 2
55 2
57 4
58 4
59 2
60 1
62 1
66 2
69 1
70 1
71 1
72 1
73 1
76 1
83 1
84 1
87 2
88 1
90 1
91 1
102 1
103 2
107 2
108 1
109 2
114 1
122 1
127 1
129 1
135 1
139 1
144 1
149 1
158 1
159 1
164 1
190 1
202 1
207 1
211 1
232 1
237 1
245 1
247 1
256 1
261 1
262 1
268 1
270 1
273 1
285 1
288 1
289 2
295 1
296 3
301 1
306 1
308 1
311 1
321 1
326 1
329 1
334 1
335 1
343 1
344 2
346 1
347 1
356 2
361 1
377 1
386 1
387 1
388 1
393 2
402 1
408 2
410 1
413 1
415 1
416 1
418 1
428 1
431 1
434 1
437 3
439 1
442 2
445 1
447 1
449 2
459 1
462 1
466 1
484 1
489 1
498 1
500 1
503 1
513 1
514 1
517 1
524 1
525 1
539 1
547 1
549 1
550 1
555 1
556 1
565 1
571 1
573 1
586 1
589 1
590 1
591 1
592 1
593 1
594 1
598 1
600 1
609 1
610 2
611 1
613 1
618 3
619 1
621 1
625 1
626 1
630 1
639 1
643 3
647 1
649 1
650 1
651 1
657 1
658 2
661 1
662 2
663 1
664 2
667 2
668 1
671 1
673 1
676 2
678 1
683 1
685 1
687 1
688 1
690 2
693 1
696 2
697 2
698 1
700 1
702 2
706 1
708 2
711 1
714 1
715 1
723 1
724 2
726 1
730 1
736 1
737 1
738 1
739 1
740 1
741 4
742 2
745 2
746 2
750 2
751 1
752 1
753 2
761 1
763 1
766 1
768 1
770 1
773 1
774 1
775 1
796 1
800 1
802 1
809 1
812 1
816 1
819 1
823 1
825 1
826 1
827 2
828 2
832 2
836 1
837 1
838 1
840 1
842 1
848 1
860 1
861 1
863 2
869 2
871 1
872 2
879 1
882 1
884 2
887 2
890 1
891 1
892 1
893 1
894 2
896 1
897 1
898 1
899 1
902 1
903 2
905 1
906 1
909 1
913 1
917 2
921 1
926 1
930 1
934 1
936 1
938 2
943 1
945 1
947 1
950 1
951 2
953 1
959 1
962 1
963 1
965 1
966 1
967 1
975 1
984 1
985 1
987 2
988 2
990 1
996 1
1007 2
1031 1
1042 1
1045 1
1046 1
1051 1
1052 1
1055 1
1056 1
1058 3
1059 1
1063 2
1066 1
1071 1
1073 1
1076 1
1079 1
1087 1
1093 1
1097 1
1102 1
1107 2
1108 1
1109 1
1113 1
1118 2
1121 1
1126 1
1133 1
1136 1
1139 1
1146 1
1154 1
