100 3000 50
0 249560
1 81
2 238
3 490
4 794
5 1035
6 1103
7 1144
8 1015
9 817
10 649
11 518
12 364
13 275
14 211
15 132
16 87
17 66
18 37
19 27
20 25
21 24
22 7
23 14
24 8
25 5
26 9
27 6
28 11
29 9
30 5
31 5
32 4
33 1
34 2
35 7
36 6
37 2
38 1
39 2
40 1
41 2
42 1
43 4
45 1
46 4
47 2
49 2
50 3
51 2
52 1
53 1
55 1
56 2
59 2
60 2
61 2
63 1
64 1
65 2
66 2
68 1
69 2
70 1
71 1
75 1
78 2
79 1
80 1
83 1
87 1
88 2
91 1
96 2
102 1
104 1
110 1
113 2
119 1
121 1
125 1
131 1
133 1
136 1
137 1
139 1
140 1
155 1
159 2
170 1
176 1
177 2
183 1
184 1
190 1
212 2
214 1
215 1
229 1
234 2
236 2
241 1
243 1
244 1
245 2
247 1
250 1
277 1
279 1
280 1
292 1
298 1
299 1
302 1
305 1
308 1
311 1
314 1
320 2
322 2
334 1
337 1
338 1
339 1
345 1
346 1
350 1
354 1
356 1
360 2
363 1
368 1
369 1
372 1
373 1
375 2
377 1
382 1
386 1
391 1
398 1
401 1
403 1
404 1
414 1
418 1
426 1
429 1
430 1
432 1
434 1
438 1
440 1
447 1
448 1
451 1
452 1
454 2
455 1
459 1
462 1
466 1
474 1
481 1
484 1
487 2
491 1
494 1
497 1
499 1
509 1
510 1
520 1
523 1
524 1
536 1
538 1
545 1
548 1
557 1
559 1
562 1
564 1
565 1
569 1
570 1
571 1
573 1
579 1
594 2
597 1
598 1
603 1
604 1
605 1
613 1
615 4
620 1
625 2
627 2
629 3
637 2
642 1
643 1
646 2
651 2
653 1
654 2
658 1
659 1
660 1
662 1
663 2
664 1
671 1
672 1
675 1
676 1
680 1
681 1
682 2
683 1
685 1
686 1
688 1
693 1
694 1
696 2
697 1
702 1
706 2
707 1
712 2
719 1
720 1
721 1
722 1
723 1
725 2
728 1
732 1
734 2
735 1
736 1
739 1
744 1
746 1
747 1
753 1
760 1
761 2
762 2
763 1
765 1
766 1
774 1
775 1
776 1
777 1
782 2
784 1
785 1
796 1
798 1
800 1
802 1
804 1
805 1
807 1
811 1
813 1
817 2
819 1
820 1
821 1
823 1
833 1
845 1
855 1
857 1
859 1
861 1
865 3
868 1
872 1
874 1
875 1
877 2
879 2
882 2
883 1
885 1
887 1
890 1
891 1
894 1
896 1
897 1
899 1
900 1
903 1
905 1
906 1
909 1
915 2
917 1
919 1
921 1
924 1
928 1
929 1
930 1
931 1
935 1
937 1
938 1
939 1
946 1
947 1
950 1
952 1
957 1
958 1
960 1
962 1
970 1
973 2
975 2
978 1
982 1
984 1
985 2
987 1
990 1
992 1
995 1
1001 1
1002 1
1005 1
1015 1
1031 1
1038 1
1049 2
1054 1
1055 1
1060 1
1064 1
1068 1
1074 1
1075 1
1080 1
1084 1
1086 1
1091 1
1094 1
1098 2
1102 2
1104 1
1106 1
1111 1
1117 1
1123 2
1125 1
1142 1
1144 1
1185 1
1203 1
