100 1000 50
0 92448
1 6
2 26
3 46
4 91
5 135
6 184
7 185
8 253
9 214
10 221
11 195
12 167
13 122
14 84
15 87
16 58
17 59
18 41
19 36
20 28
21 16
22 12
23 14
24 8
25 11
26 4
27 10
28 1
29 10
30 4
31 5
32 2
33 1
35 2
36 6
37 4
38 5
40 1
41 4
43 2
44 4
45 2
47 2
48 2
49 1
51 2
53 1
55 1
57 1
60 2
63 1
64 1
65 3
66 1
75 1
77 1
80 3
81 1
82 2
85 1
86 1
87 1
88 1
89 1
100 2
104 1
105 1
106 1
107 2
110 1
112 1
116 2
117 1
118 1
119 1
120 1
123 2
127 2
130 2
132 2
136 1
137 1
138 1
141 1
144 1
155 1
156 1
163 1
169 1
170 1
176 1
180 1
182 1
186 1
191 3
192 1
198 2
206 2
208 1
212 1
215 2
217 1
218 2
219 1
221 1
223 1
229 2
231 1
232 1
235 1
237 2
239 4
240 1
241 3
242 1
243 1
245 1
246 1
247 3
250 1
251 1
252 1
254 2
259 1
260 1
263 1
264 1
266 1
268 1
272 1
274 1
275 1
276 1
277 1
279 1
281 1
283 3
284 1
285 2
286 1
287 1
288 1
290 1
291 1
293 1
296 1
297 1
298 1
300 1
304 2
305 3
306 1
307 1
309 1
310 1
311 1
312 1
314 3
315 5
316 2
317 2
319 1
320 1
321 2
322 1
323 2
324 1
325 1
326 2
327 4
328 1
329 2
330 1
331 1
332 1
333 1
334 1
337 3
338 1
339 1
340 1
341 2
342 2
343 2
344 2
345 1
346 1
347 1
348 1
349 4
351 2
352 3
354 1
355 1
356 4
358 1
359 1
361 3
362 1
363 4
364 2
365 3
366 3
367 1
368 1
369 6
370 1
371 2
372 1
373 3
374 2
376 3
377 1
378 2
380 1
381 2
383 1
384 2
385 1
386 2
387 2
388 1
390 2
393 1
394 1
401 1
404 1
416 1
433 1
