100 1000 50
0 92666
1 6
2 10
3 31
4 59
5 100
6 126
7 162
8 166
9 197
10 184
11 151
12 163
13 153
14 105
15 78
16 82
17 59
18 65
19 41
20 28
21 32
22 21
23 20
24 7
25 14
26 11
27 11
28 10
29 5
30 4
31 2
32 4
33 9
34 2
35 5
36 2
37 1
38 2
39 2
40 2
41 1
42 1
44 2
45 3
47 1
49 3
51 1
52 3
53 1
54 3
56 1
59 2
60 1
61 1
62 3
63 1
65 1
67 1
70 1
72 2
74 1
77 1
79 1
80 2
83 1
87 1
88 2
89 1
91 1
92 1
98 1
100 1
102 1
103 2
106 3
107 1
108 1
112 1
114 1
115 1
117 1
118 1
120 1
123 1
131 2
134 1
136 1
137 4
139 1
143 1
145 1
150 1
152 1
153 1
156 1
157 1
161 1
166 1
168 1
175 1
177 2
178 1
179 1
188 1
200 2
203 1
205 1
206 1
214 1
217 1
219 1
223 2
225 1
226 1
229 3
230 2
231 1
232 1
233 1
234 2
237 1
238 1
239 1
241 1
245 4
247 1
248 2
249 3
251 1
255 1
256 1
258 1
259 1
261 2
262 1
264 1
265 2
266 3
268 1
269 1
270 1
271 1
273 1
277 3
280 3
281 1
283 2
284 3
285 1
287 2
288 2
292 1
293 3
294 2
295 4
296 1
298 2
299 1
301 1
302 2
303 1
304 2
307 1
309 1
310 1
311 1
313 2
316 1
317 1
319 2
320 4
322 3
323 1
324 2
325 2
326 2
329 1
330 1
334 2
335 1
336 1
337 2
339 1
340 1
341 1
342 1
344 1
346 1
347 2
348 2
349 2
350 4
351 1
352 2
353 2
354 5
357 3
358 1
359 3
360 2
361 1
362 2
363 3
365 3
366 1
367 2
368 3
369 1
370 1
371 1
372 1
373 1
375 2
376 2
377 2
378 1
379 1
380 1
381 1
383 3
385 4
386 1
387 1
388 1
389 2
392 1
393 1
395 1
397 1
398 2
399 1
404 1
409 1
418 1
