100 1000 50
0 91883
1 19
2 74
3 141
4 213
5 266
6 317
7 335
8 308
9 288
10 221
11 172
12 146
13 100
14 73
15 46
16 47
17 33
18 19
19 15
20 12
21 10
22 9
23 9
24 3
25 4
26 6
27 3
28 3
29 7
30 3
31 1
33 3
34 1
36 2
37 2
38 3
39 2
40 2
41 1
42 1
44 2
45 1
48 2
49 3
50 1
51 1
52 1
53 1
54 2
55 2
57 2
62 1
63 1
71 1
74 1
75 1
78 1
82 1
83 1
86 2
89 1
92 2
93 3
95 1
96 1
97 1
98 1
99 1
101 1
102 1
104 1
105 1
106 2
110 2
112 1
114 1
119 1
121 2
122 1
124 1
125 1
130 1
131 2
132 1
135 1
136 2
137 1
138 1
144 1
145 2
147 1
150 2
159 1
160 1
165 1
168 1
169 3
174 1
180 1
184 2
188 2
194 3
196 1
201 1
202 1
203 1
204 2
206 1
209 2
211 1
212 2
213 1
215 4
217 1
219 1
220 1
222 1
223 1
225 1
226 1
227 1
229 1
230 2
231 1
233 2
234 1
236 1
239 2
242 1
243 2
245 1
249 1
254 1
255 3
256 1
257 2
259 2
263 1
265 1
267 1
269 1
271 1
273 2
274 1
275 1
277 1
278 1
281 1
282 1
287 1
291 4
292 2
293 1
294 1
296 1
297 1
298 1
301 2
305 1
306 2
307 1
308 1
309 3
310 1
312 1
313 1
314 1
315 4
316 2
318 1
319 1
321 1
322 2
325 1
326 1
327 2
328 3
329 2
330 1
331 2
333 1
335 1
336 2
337 2
338 2
339 1
345 2
346 2
348 4
349 1
350 1
351 3
352 1
354 2
355 3
357 1
358 1
359 3
360 2
361 1
362 2
363 2
364 1
365 1
366 2
367 2
368 1
370 4
371 1
372 3
373 1
374 3
375 2
376 5
377 2
378 2
379 1
380 1
382 3
383 1
384 1
385 1
387 1
388 1
389 2
394 2
395 4
397 1
399 1
401 1
407 2
408 1
410 1
411 1
