100 1000 50
0 92612
1 2
2 8
3 25
4 72
5 91
6 143
7 188
8 209
9 200
10 202
11 191
12 149
13 133
14 102
15 85
16 81
17 60
18 42
19 34
20 33
21 21
22 19
23 9
24 15
25 8
26 7
27 13
28 8
29 2
30 3
31 6
32 6
33 1
34 5
36 2
37 6
38 1
39 1
40 3
41 2
42 2
43 1
44 1
45 1
46 1
47 3
49 1
50 2
51 2
52 1
54 1
55 2
56 1
57 1
58 2
60 1
61 2
64 1
65 1
69 1
71 1
72 2
73 1
74 1
76 2
78 2
80 1
84 1
87 1
91 1
95 1
96 1
103 1
107 3
109 2
122 1
123 2
125 3
126 1
128 1
129 1
134 3
137 2
138 1
140 1
141 1
143 1
145 1
147 1
150 2
153 1
158 2
166 1
170 1
175 1
176 1
177 1
182 1
187 1
192 1
194 1
197 1
200 1
201 2
202 1
203 1
204 1
205 1
206 2
209 1
210 2
211 1
214 1
220 1
221 1
223 1
224 3
228 1
233 2
234 2
236 1
237 2
238 1
239 1
240 1
247 1
248 2
249 1
252 2
253 1
255 1
256 1
260 3
261 2
263 1
264 2
265 1
266 2
267 2
268 1
269 3
271 1
272 1
274 1
275 1
276 1
277 1
278 1
279 1
280 3
283 1
287 2
288 1
289 1
291 2
292 1
294 1
295 1
297 2
298 1
299 1
300 2
303 2
306 3
307 1
308 1
310 3
311 3
312 2
313 1
317 1
318 1
319 1
320 1
321 1
322 1
323 2
326 1
327 1
328 1
329 1
330 2
331 1
332 1
333 1
334 2
336 2
337 1
338 2
339 2
340 2
341 2
342 1
343 3
344 1
345 1
347 2
348 3
350 2
352 2
353 1
355 3
356 3
357 1
358 2
359 1
361 1
362 2
363 1
364 3
366 2
367 1
368 2
369 2
370 3
371 1
372 1
373 1
374 2
375 1
376 3
377 2
378 1
379 1
380 1
381 1
382 2
383 2
384 4
386 1
387 2
388 2
392 1
393 2
394 1
396 1
398 1
405 1
406 1
408 1
409 1
414 1
