100 1000 50
0 92779
1 1
2 5
3 25
4 41
5 86
6 123
7 136
8 169
9 143
10 178
11 178
12 150
13 113
14 128
15 103
16 69
17 62
18 55
19 54
20 43
21 27
22 17
23 18
24 12
25 11
26 4
27 7
28 2
29 10
30 8
31 5
32 3
33 3
34 4
35 2
36 4
37 4
38 1
39 1
40 5
41 3
43 4
44 2
45 1
46 3
47 4
50 1
52 2
53 3
55 4
56 1
57 1
59 1
62 1
66 3
69 2
73 1
78 2
79 2
80 2
81 1
86 1
87 1
91 1
100 1
101 1
102 2
103 1
104 1
105 1
114 1
116 1
118 1
121 1
122 1
124 1
127 1
128 1
129 3
131 1
136 1
137 1
138 1
140 1
141 1
145 1
146 1
147 2
149 2
153 1
155 1
156 2
157 1
159 2
161 1
163 3
164 1
165 1
166 1
169 1
175 2
176 1
185 1
186 1
194 2
195 1
198 1
199 1
201 1
203 2
206 1
209 2
211 1
212 4
214 2
216 2
218 1
220 2
224 1
227 1
229 1
230 1
231 1
233 1
234 2
235 2
237 1
238 2
239 1
241 2
243 1
244 1
245 1
246 4
249 1
256 1
260 1
262 1
263 1
264 1
267 1
269 1
271 1
272 1
274 2
276 1
278 1
279 2
281 2
283 1
284 1
285 1
286 2
287 1
290 1
294 2
295 2
297 1
301 3
302 1
304 1
305 2
310 3
312 1
313 2
314 1
316 1
317 1
318 1
320 3
321 3
322 2
323 1
324 3
325 1
326 1
327 1
330 1
331 1
332 1
333 2
334 3
335 2
337 1
338 1
339 1
341 3
342 2
343 2
344 3
345 1
346 2
347 3
348 1
349 2
350 1
351 1
352 2
353 1
356 3
357 3
358 1
359 2
360 3
361 2
362 2
366 1
367 1
368 2
369 1
370 2
371 1
372 3
374 2
375 2
376 1
377 1
378 1
379 1
380 3
381 2
382 4
383 2
385 3
386 1
387 1
391 2
392 2
393 1
396 1
399 2
402 1
406 2
408 1
409 2
