100 1000 50
0 92923
1 1
2 6
3 16
4 30
5 46
6 79
7 104
8 154
9 151
10 131
11 155
12 135
13 139
14 100
15 101
16 81
17 64
18 51
19 49
20 46
21 34
22 32
23 25
24 18
25 20
26 9
27 14
28 10
29 7
30 10
31 6
32 2
33 7
34 4
35 5
36 4
37 4
38 2
39 5
40 2
41 2
42 3
44 2
45 2
46 1
47 3
48 2
50 1
51 1
52 1
53 2
54 1
56 2
57 3
58 1
61 2
62 5
63 1
65 1
66 3
67 1
68 1
70 1
71 1
72 1
74 1
77 1
79 1
85 1
87 1
92 2
94 1
96 2
98 2
99 1
101 1
103 1
105 1
110 1
112 1
115 2
119 1
121 2
123 1
124 1
125 1
127 1
128 2
131 1
135 1
136 2
137 1
139 3
141 1
145 1
147 1
148 1
154 2
156 1
158 1
162 2
164 1
165 1
173 1
175 1
176 1
177 1
180 1
182 1
185 1
186 1
187 1
189 1
191 1
192 2
194 1
196 1
198 1
199 2
200 1
206 2
207 2
208 1
210 1
214 1
217 1
219 1
220 2
221 1
224 1
227 1
228 3
229 1
231 2
234 2
237 2
238 1
239 1
244 1
246 2
247 1
248 1
249 2
251 1
252 2
255 1
256 3
258 2
262 1
263 1
264 2
265 3
266 1
268 3
270 2
275 3
279 1
280 1
281 3
282 1
283 1
287 1
288 1
291 1
295 1
297 1
298 1
299 2
300 3
301 2
303 2
305 1
307 4
309 1
310 1
311 1
312 2
313 1
314 1
316 1
320 2
321 3
322 1
323 1
324 3
325 2
326 1
327 3
328 2
329 1
331 4
334 4
336 2
338 1
339 1
342 2
343 2
344 3
345 2
346 1
347 2
349 1
350 1
351 2
353 3
355 2
356 2
357 1
359 2
360 2
362 2
363 4
364 4
365 3
370 2
371 1
372 1
373 1
375 1
376 2
377 2
379 2
380 4
382 2
384 1
385 1
386 2
388 1
391 2
392 1
393 1
395 2
396 1
397 2
399 2
401 1
403 1
410 1
