100 1000 50
0 87912
1 448
2 736
3 904
4 847
5 711
6 603
7 481
8 371
9 291
10 227
11 175
12 126
13 101
14 92
15 76
16 69
17 63
18 48
19 29
20 34
21 30
22 24
23 24
24 23
25 21
26 20
27 15
28 21
29 17
30 16
31 12
32 14
33 9
34 11
35 20
36 13
37 10
38 13
39 3
40 4
41 11
42 6
43 8
44 4
45 7
46 11
47 8
48 8
49 5
50 4
51 4
52 7
53 5
54 3
55 5
56 6
57 6
58 2
59 3
60 7
61 4
62 2
63 3
64 2
65 5
66 2
67 1
68 4
69 2
70 5
71 3
72 3
73 2
74 5
75 3
76 5
77 4
78 2
80 1
81 4
82 2
83 3
84 3
85 3
86 2
87 2
88 5
89 2
90 4
92 1
95 2
96 3
97 1
98 3
99 3
101 3
102 2
103 1
105 3
106 1
107 2
108 1
109 3
110 1
111 1
112 1
113 1
114 2
115 2
116 1
118 1
119 2
121 1
122 4
123 1
124 3
125 1
126 2
127 2
128 1
129 1
131 1
132 1
133 1
134 4
137 2
138 2
139 2
140 2
141 2
142 1
143 3
145 2
148 3
149 2
150 1
151 2
152 2
153 1
157 1
158 1
159 2
160 3
161 1
162 1
163 1
165 1
166 1
167 1
168 2
169 5
171 3
172 1
174 3
175 1
176 2
180 2
183 1
184 1
185 1
186 2
187 1
189 1
191 1
194 1
196 2
198 1
200 3
201 1
202 4
203 3
204 1
206 1
207 1
208 3
210 1
212 2
213 2
214 1
215 1
216 1
217 1
218 2
219 2
220 3
221 1
222 1
223 2
225 1
226 2
228 2
229 2
230 2
231 2
232 2
233 1
235 1
236 1
238 1
241 1
242 2
244 1
247 1
250 2
253 1
257 1
262 1
263 1
265 1
266 1
267 1
270 2
273 1
275 1
281 1
283 1
291 1
295 1
296 2
297 2
298 1
300 1
303 1
311 1
326 1
358 1
375 1
378 1
389 1
