100 1000 50
0 92963
2 3
3 9
4 27
5 44
6 55
7 98
8 94
9 143
10 158
11 147
12 137
13 143
14 122
15 92
16 94
17 85
18 52
19 45
20 54
21 27
22 28
23 20
24 17
25 23
26 19
27 19
28 11
29 12
30 9
31 7
32 3
33 3
34 5
35 2
36 4
37 5
38 2
39 3
40 2
41 2
42 3
46 2
47 3
48 3
49 1
50 6
51 2
52 2
55 1
56 2
57 2
60 1
61 1
63 3
64 1
65 1
69 1
71 1
77 1
84 4
88 1
90 1
94 1
96 1
97 1
98 1
99 2
102 1
103 2
106 1
108 2
109 1
113 1
115 1
118 3
119 1
122 1
125 1
126 2
127 2
131 1
134 2
140 1
141 1
143 1
146 1
147 1
151 2
153 1
155 3
157 1
159 1
161 1
165 1
167 1
169 1
170 2
172 1
175 1
176 1
182 1
187 1
188 3
191 1
195 1
196 1
198 2
201 1
203 1
207 3
208 1
209 2
211 1
212 2
213 2
214 1
215 1
216 1
217 1
220 2
223 2
228 1
230 1
231 1
234 1
235 1
236 1
240 2
241 2
245 2
246 2
247 2
248 2
250 1
251 2
254 1
255 1
256 1
262 1
265 2
267 3
268 1
271 1
273 1
275 1
278 1
279 2
280 1
282 1
283 2
285 1
286 1
287 4
288 1
289 1
290 1
292 2
293 2
296 1
297 2
299 1
300 1
301 2
302 2
303 2
304 2
305 1
307 1
309 1
310 2
311 2
312 1
313 1
314 2
315 1
317 1
319 2
320 1
322 2
323 1
324 1
325 3
326 3
327 3
328 2
331 2
332 3
333 2
335 4
336 1
337 1
342 1
343 1
346 1
348 2
350 1
351 2
352 3
354 1
356 4
357 3
358 1
359 2
360 1
361 1
362 1
363 1
364 1
365 2
366 3
367 1
369 3
370 1
371 1
372 2
373 2
377 1
378 3
379 2
381 1
382 1
383 1
384 4
385 1
387 1
388 2
389 1
390 1
393 1
395 1
396 2
397 2
398 2
400 1
402 1
408 1
409 1
