100 1000 50
0 92903
1 2
2 4
3 17
4 30
5 62
6 87
7 101
8 142
9 151
10 149
11 165
12 115
13 124
14 109
15 101
16 85
17 80
18 65
19 52
20 42
21 23
22 23
23 26
24 15
25 10
26 17
27 5
28 15
29 14
30 5
31 4
32 5
33 5
34 11
35 2
36 4
37 3
38 4
39 1
40 3
41 3
42 4
43 1
44 1
45 1
46 3
47 2
48 1
49 4
50 2
51 1
53 1
54 1
55 4
57 1
58 4
59 3
60 2
62 1
65 1
67 1
69 1
75 3
77 1
79 2
80 1
81 1
86 1
87 1
92 1
94 1
97 1
102 1
105 1
106 1
107 2
110 1
112 1
113 2
114 2
115 1
116 1
119 1
123 3
124 1
125 1
126 1
127 1
130 1
131 2
133 1
137 1
140 1
141 1
143 1
146 1
147 1
150 1
153 1
154 1
156 1
160 1
161 1
162 1
165 1
166 1
172 2
180 1
181 1
182 1
184 1
186 2
189 1
194 1
195 1
199 1
203 1
204 1
210 2
212 1
215 5
219 1
220 2
222 1
225 1
226 1
227 2
228 2
229 1
230 2
231 1
232 1
233 1
236 2
238 1
241 1
243 2
244 1
246 2
247 1
249 3
250 1
252 1
255 1
256 2
258 2
262 1
263 1
264 1
265 4
267 1
269 1
271 1
273 1
274 2
275 1
279 2
280 2
281 2
282 1
283 1
284 1
285 1
286 1
289 1
294 1
295 1
296 1
297 2
299 1
300 2
301 4
303 3
304 2
305 1
307 1
308 2
309 1
310 1
311 1
312 1
313 1
316 1
317 1
318 3
319 2
320 1
321 1
322 1
323 2
324 1
326 2
327 1
329 1
330 3
332 1
333 2
335 1
336 1
337 1
338 3
339 1
340 2
342 2
343 2
344 1
347 1
348 3
349 1
351 3
352 2
353 2
354 1
355 1
356 2
357 2
359 2
360 2
361 1
363 2
364 4
365 1
367 1
368 4
369 6
370 3
376 2
377 1
378 1
379 2
382 2
385 1
386 1
387 1
388 1
389 1
391 1
392 1
393 2
394 1
396 2
398 1
401 1
402 1
404 1
405 1
408 1
427 1
431 1
