100 1000 50
0 92884
2 6
3 12
4 26
5 46
6 91
7 116
8 138
9 143
10 158
11 177
12 150
13 112
14 124
15 104
16 89
17 74
18 57
19 54
20 40
21 30
22 22
23 22
24 10
25 17
26 15
27 6
28 11
29 9
30 6
31 2
32 5
33 2
34 6
35 4
36 5
37 2
38 2
39 2
40 3
41 7
42 2
43 1
44 4
45 1
46 1
47 1
48 1
49 2
50 3
51 3
52 2
53 1
54 2
58 1
59 1
62 1
63 1
65 1
68 1
70 1
72 2
74 2
77 2
83 2
86 1
90 3
91 1
93 1
94 1
95 2
96 1
99 2
104 3
106 2
108 1
109 1
112 3
113 1
118 1
120 1
123 2
125 1
126 2
128 1
129 1
130 1
135 1
137 1
139 2
140 1
143 1
147 1
149 1
152 1
156 1
157 1
160 1
161 1
164 1
165 1
166 1
173 1
176 1
177 1
179 1
190 2
195 1
201 1
205 1
206 1
211 1
214 1
217 3
218 3
222 1
223 1
224 1
225 2
228 2
230 1
231 2
233 1
235 2
236 3
237 1
238 2
240 1
241 2
242 1
243 2
244 1
245 2
246 1
247 1
248 2
249 2
250 1
252 3
254 2
255 2
256 1
261 1
263 1
264 1
266 2
269 1
272 1
273 1
274 1
275 2
277 1
278 2
279 3
280 3
281 1
285 1
286 1
290 2
291 1
294 3
295 2
296 2
297 1
298 1
299 1
300 1
301 3
302 1
303 1
304 2
306 1
308 2
310 1
315 1
316 3
317 1
318 1
320 4
324 2
325 4
327 1
328 1
330 1
331 1
332 3
333 2
334 1
337 2
338 1
339 2
341 2
342 1
343 2
344 3
345 2
347 2
348 2
350 2
351 1
357 1
358 2
359 2
361 2
362 3
363 4
365 3
366 4
368 2
369 2
370 2
371 1
372 3
373 2
374 1
375 1
376 4
378 2
381 1
382 1
383 1
386 1
387 1
388 2
389 3
390 3
391 1
392 1
394 2
396 1
397 1
404 1
417 1
