100 1000 50
0 92942
2 3
3 13
4 29
5 43
6 83
7 122
8 124
9 135
10 131
11 138
12 150
13 127
14 104
15 95
16 99
17 82
18 67
19 46
20 37
21 26
22 25
23 23
24 25
25 17
26 20
27 10
28 11
29 10
30 7
31 7
32 5
33 3
34 5
35 5
36 2
37 4
38 4
39 4
40 1
41 2
42 3
45 3
46 2
47 4
48 1
50 3
51 1
54 1
56 3
57 1
58 2
59 4
60 2
61 1
62 2
64 1
65 1
70 1
71 1
72 1
74 1
75 2
77 1
78 1
80 2
90 1
92 1
95 1
96 1
97 3
101 1
102 2
103 2
104 2
105 1
106 1
107 2
109 1
113 1
114 1
115 2
124 1
125 2
128 2
129 1
130 1
132 2
136 1
138 1
139 1
143 1
150 1
151 1
161 2
162 1
165 2
170 1
173 2
178 1
182 1
188 1
192 3
193 1
194 1
195 1
202 1
205 1
206 1
207 2
209 1
210 1
214 1
215 1
216 1
217 5
218 1
221 1
222 2
225 2
226 2
227 3
230 1
231 1
233 1
235 1
236 1
239 3
242 3
243 2
244 1
245 1
247 1
253 1
254 1
257 1
259 1
265 2
266 1
267 3
268 1
271 2
272 1
273 1
276 3
279 1
281 4
282 1
283 1
284 2
285 1
286 1
288 2
289 1
290 2
291 1
293 2
294 1
295 1
296 2
297 1
298 1
301 1
302 1
303 1
304 1
305 2
306 2
307 1
311 2
312 2
313 3
314 2
319 2
321 1
322 2
323 2
326 1
328 2
329 4
331 1
333 2
334 2
335 4
339 2
340 1
342 1
344 2
345 1
346 2
347 3
348 2
349 1
350 1
353 1
354 6
355 2
356 4
357 3
358 1
359 4
360 2
361 2
362 3
363 1
364 1
365 2
367 2
369 1
371 3
372 2
375 3
376 1
377 1
378 1
379 3
381 2
384 3
385 2
387 1
388 1
389 2
393 1
394 1
395 1
397 1
403 1
407 2
409 1
