100 1000 50
0 92858
1 2
2 4
3 18
4 32
5 63
6 97
7 118
8 129
9 171
10 171
11 146
12 164
13 160
14 113
15 82
16 86
17 52
18 56
19 36
20 37
21 24
22 26
23 21
24 25
25 9
26 10
27 11
28 7
29 14
30 4
31 5
32 8
33 1
34 4
35 5
36 3
37 5
38 1
39 5
40 4
41 2
42 3
43 1
44 1
45 1
46 1
47 1
48 1
49 1
50 3
51 2
52 1
53 3
55 1
56 1
57 1
58 1
59 1
60 2
62 1
64 1
65 1
66 1
67 2
69 1
72 2
74 1
75 3
79 1
83 1
87 1
94 1
96 1
97 1
98 1
99 1
100 2
106 1
107 2
111 1
112 2
113 1
120 1
124 2
126 4
128 1
130 2
132 2
135 1
136 1
138 2
142 3
143 2
144 2
147 1
149 1
150 1
151 1
158 1
161 1
162 1
164 1
177 1
179 1
180 2
186 2
188 1
190 2
191 1
192 1
193 1
197 1
200 1
201 1
202 2
203 1
205 1
208 1
215 1
217 1
219 2
220 1
222 1
223 2
224 1
226 1
230 3
231 1
232 2
234 1
235 3
236 1
237 1
239 1
243 1
245 1
248 1
251 3
252 2
254 1
255 2
256 3
257 2
259 1
260 2
262 1
264 1
265 1
267 1
272 1
275 1
277 1
278 1
280 2
281 1
282 2
283 1
284 1
286 1
287 1
288 1
289 2
290 1
291 3
294 1
295 1
296 1
297 2
299 2
300 1
301 3
302 1
303 1
305 2
307 1
308 2
309 1
310 2
311 1
312 1
313 1
315 1
316 2
317 1
318 1
319 1
320 2
322 1
323 1
324 1
325 3
327 1
328 1
329 3
330 1
331 3
333 2
334 1
335 3
338 1
339 1
340 2
341 2
342 4
344 1
347 1
348 3
349 1
350 2
351 2
353 2
355 1
356 1
359 1
360 1
361 3
362 2
363 2
365 2
366 3
367 5
368 1
369 3
370 1
371 1
372 2
373 1
374 2
375 2
377 1
378 1
379 1
381 2
383 2
387 1
388 2
389 1
390 1
391 2
392 1
393 2
394 2
395 1
405 2
406 1
411 1
413 1
