100 1000 50
0 92540
2 10
3 45
4 70
5 116
6 180
7 211
8 209
9 208
10 193
11 154
12 136
13 143
14 128
15 106
16 63
17 80
18 47
19 22
20 22
21 14
22 12
23 12
24 8
25 10
26 3
27 7
28 6
29 7
30 4
31 5
32 2
33 2
34 7
35 5
36 2
37 2
39 2
40 1
41 5
42 2
43 4
44 1
45 2
46 1
47 1
48 2
49 1
50 1
51 1
52 1
53 3
55 2
56 1
57 1
59 1
61 1
62 1
64 1
68 1
71 2
72 2
76 1
77 2
80 1
85 1
90 2
92 1
95 1
96 1
97 1
99 1
105 1
106 3
107 1
110 1
113 1
115 1
120 1
122 1
125 3
128 1
131 1
135 1
137 1
139 1
143 1
145 1
146 1
147 1
148 1
149 1
150 2
151 1
158 1
162 1
167 2
170 1
174 1
179 1
184 2
188 1
189 1
190 1
194 1
196 1
197 1
200 2
201 1
204 1
207 3
208 1
209 1
213 1
215 2
217 2
220 3
226 1
227 1
229 1
230 1
231 1
233 1
235 1
236 1
238 1
241 2
242 3
244 1
247 2
248 1
251 3
252 1
253 2
254 1
256 1
257 1
262 1
263 1
264 1
265 2
267 2
270 2
274 1
277 2
278 2
279 1
280 1
281 2
283 1
284 2
288 1
290 1
291 2
292 1
297 3
298 1
300 3
302 3
303 3
304 1
305 2
306 1
307 1
308 1
309 2
310 1
312 2
313 1
315 2
316 3
317 1
321 3
322 1
323 1
324 2
325 1
326 2
327 2
328 2
329 2
330 3
331 1
333 1
334 2
335 2
339 1
341 3
344 1
345 1
346 1
347 3
348 1
350 4
353 3
354 1
356 1
357 2
358 3
359 1
360 2
361 1
363 2
364 2
365 3
366 1
367 1
368 3
369 1
370 3
371 1
372 1
373 2
374 2
377 1
378 3
379 1
381 2
382 2
383 3
385 3
386 4
387 1
388 2
390 1
391 1
393 1
394 1
395 1
396 1
398 1
399 1
402 1
405 1
409 1
