100 1000 50
0 92972
1 1
2 3
3 9
4 11
5 49
6 64
7 98
8 113
9 135
10 142
11 157
12 138
13 132
14 138
15 104
16 65
17 68
18 57
19 48
20 39
21 35
22 30
23 19
24 17
25 21
26 14
27 17
28 13
29 9
30 11
31 9
32 10
33 10
34 2
35 8
36 3
37 4
38 3
39 4
40 2
41 2
42 5
43 2
44 1
45 2
46 1
47 3
48 2
49 1
50 2
51 1
52 3
53 1
54 2
56 2
57 3
64 1
67 1
69 1
74 2
78 2
79 2
80 1
84 3
86 1
87 1
88 1
89 1
95 3
97 1
100 1
102 1
108 1
109 1
112 1
116 1
119 1
121 1
126 1
127 2
128 1
129 2
130 4
131 1
132 1
133 1
135 1
139 2
142 1
145 1
147 1
148 1
156 2
158 1
161 1
163 1
164 1
165 1
167 2
172 1
174 1
177 1
181 1
183 2
184 1
185 1
186 1
188 1
191 1
192 1
195 1
196 2
197 2
201 1
202 1
207 1
210 1
212 2
213 2
214 1
215 1
216 2
217 1
218 1
224 4
225 1
226 2
227 1
229 1
230 1
231 3
234 2
235 1
236 1
239 1
243 1
245 1
246 2
247 2
249 1
251 1
253 1
254 1
255 1
256 2
262 1
263 1
267 1
268 1
270 2
272 1
273 1
276 2
277 4
279 1
281 1
286 1
287 1
289 1
290 1
293 3
294 1
295 3
296 3
297 3
298 1
300 1
301 2
302 1
304 1
305 2
306 2
307 1
308 1
310 2
312 2
314 2
315 2
319 2
320 1
321 1
322 1
324 1
325 3
326 2
328 1
329 2
330 1
331 1
332 1
334 2
335 1
336 2
337 2
338 3
339 2
340 2
341 1
342 1
343 3
344 1
345 4
346 1
347 1
348 1
349 1
350 5
352 1
353 1
354 3
355 1
356 1
357 3
358 3
362 1
363 1
366 1
367 3
368 2
369 1
370 3
373 1
374 4
375 2
377 1
378 2
380 4
381 3
382 2
383 2
384 1
385 1
386 1
387 1
396 1
397 1
402 1
407 1
414 2
