100 1000 50
0 92174
1 8
2 42
3 99
4 135
5 219
6 246
7 287
8 277
9 237
10 196
11 171
12 137
13 121
14 90
15 89
16 57
17 39
18 30
19 31
20 21
21 11
22 8
23 11
24 8
25 15
26 8
27 6
28 3
29 2
30 4
31 3
32 2
33 2
34 2
35 1
36 4
37 3
38 3
39 2
40 1
41 3
42 2
44 1
46 1
49 2
53 1
54 1
55 3
56 1
59 2
62 1
66 1
69 4
71 1
73 1
74 1
76 3
83 1
85 1
86 1
90 1
91 1
92 1
96 1
99 1
101 1
105 2
107 2
110 2
113 2
116 1
117 1
118 1
119 2
121 1
122 2
123 1
125 1
127 1
128 1
132 1
133 1
136 2
145 1
149 1
152 1
159 1
163 2
164 1
166 1
167 1
170 2
172 1
175 1
177 1
179 1
182 1
186 2
187 1
189 1
193 1
197 1
198 1
200 2
204 3
205 1
207 1
209 2
212 1
214 1
215 1
216 2
218 2
222 1
224 1
227 1
228 1
230 1
231 1
232 1
233 1
235 1
237 1
239 4
241 1
242 1
244 1
246 1
247 4
252 1
255 2
256 1
259 1
260 1
261 1
262 1
267 1
270 1
275 2
276 1
277 1
278 2
280 1
282 1
285 2
287 1
290 2
298 2
299 1
300 3
301 2
302 2
303 3
306 1
307 1
308 1
309 1
310 1
311 1
312 1
313 1
314 3
316 1
317 1
319 2
320 2
321 4
324 1
325 2
326 1
327 2
331 1
332 1
333 4
334 1
335 2
336 2
337 1
338 1
340 2
343 2
344 3
345 2
346 2
347 2
349 5
350 4
351 1
352 3
353 3
354 2
355 1
357 1
358 3
359 4
360 2
362 2
363 3
364 1
365 1
366 4
368 3
369 1
372 5
373 1
374 1
375 1
377 1
378 3
380 1
381 2
383 1
385 2
386 2
388 1
389 1
390 1
391 1
392 1
393 3
395 1
396 2
397 2
398 1
399 1
