100 1000 50
0 92980
1 1
2 2
3 9
4 19
5 42
6 52
7 101
8 125
9 142
10 145
11 148
12 137
13 118
14 136
15 109
16 86
17 72
18 66
19 43
20 31
21 41
22 34
23 13
24 14
25 20
26 15
27 6
28 13
29 9
30 10
31 8
32 5
33 4
35 5
37 4
38 8
39 3
40 6
41 1
42 1
43 3
44 4
45 2
46 1
47 2
48 3
50 1
51 2
52 2
53 1
54 2
56 1
62 1
63 4
65 1
66 1
67 2
68 2
69 1
70 2
71 1
74 1
75 2
77 1
80 2
81 1
83 2
85 1
92 2
93 1
97 1
102 2
104 1
105 1
108 1
110 1
113 2
115 1
118 1
119 1
122 1
123 1
125 1
126 1
128 2
129 2
131 1
132 1
133 2
139 2
140 1
144 1
148 1
150 1
152 1
156 1
158 1
160 2
161 1
164 1
165 2
166 1
168 3
173 1
175 1
179 1
181 1
185 1
186 1
187 1
189 1
190 1
192 1
193 1
194 1
197 1
202 1
203 1
206 2
209 1
213 2
216 2
217 2
218 1
219 2
221 1
225 1
226 1
227 3
228 1
229 1
231 2
233 1
236 1
238 1
239 1
242 1
245 2
247 2
248 2
249 2
250 1
251 2
252 1
256 1
258 2
259 2
260 1
261 2
262 1
265 1
267 1
268 1
269 1
271 1
273 1
275 1
276 1
277 2
279 2
280 1
282 1
283 1
284 1
285 2
288 1
289 2
296 2
297 2
298 1
299 1
300 1
304 1
305 2
307 2
308 2
310 2
311 2
315 1
316 1
317 1
319 2
320 1
321 2
322 4
323 1
325 2
326 1
330 2
332 2
335 2
336 1
339 1
340 2
341 4
344 2
345 2
346 2
347 3
348 2
349 2
350 3
351 2
353 2
354 2
355 1
356 4
357 5
358 3
359 5
360 2
362 1
365 2
366 1
368 4
369 3
370 2
372 3
373 1
374 1
376 3
378 1
379 1
380 3
382 1
383 1
386 2
387 2
388 1
389 1
393 1
394 1
397 3
399 1
404 1
405 1
412 1
