100 1000 50
0 93002
1 1
2 6
3 6
4 15
5 45
6 68
7 85
8 106
9 141
10 135
11 135
12 158
13 122
14 104
15 112
16 88
17 79
18 58
19 48
20 37
21 23
22 30
23 22
24 27
25 13
26 13
27 16
28 9
29 11
30 7
31 6
32 6
33 6
34 8
35 7
36 1
37 6
38 7
39 8
40 4
41 1
42 3
44 1
45 4
46 2
47 4
48 4
49 1
50 1
51 1
52 2
54 1
55 2
56 2
57 2
60 4
61 1
62 1
64 1
65 2
72 2
75 1
76 1
77 1
80 2
81 1
82 1
86 1
88 2
92 1
95 1
98 1
100 1
101 1
103 1
105 1
110 2
111 2
112 1
113 2
116 2
119 1
120 1
121 1
122 1
125 1
129 1
132 1
133 1
134 2
135 1
136 1
137 2
140 1
143 3
145 1
147 1
150 1
152 2
155 1
159 1
166 1
167 1
171 1
176 2
177 2
178 1
185 1
186 1
195 1
196 1
197 1
199 1
203 2
204 2
210 1
211 2
212 2
214 1
215 2
216 1
217 1
219 1
221 2
223 1
224 1
225 1
226 2
227 1
228 1
229 2
232 2
238 1
239 1
240 1
241 1
244 1
245 2
246 1
248 1
251 1
252 2
253 1
255 2
257 2
258 2
259 2
260 1
262 1
263 1
268 1
271 1
272 1
273 1
275 1
277 2
278 3
279 1
280 1
281 1
282 1
284 1
285 1
286 2
287 2
288 2
289 1
290 1
291 2
292 1
293 1
295 2
296 2
297 1
300 1
302 3
303 1
305 2
308 1
309 1
310 1
311 2
314 3
316 2
317 2
318 1
320 3
321 2
322 3
323 1
324 3
326 2
328 3
329 1
331 3
332 1
333 2
335 1
336 2
337 1
338 1
340 1
341 2
343 1
345 1
346 1
347 1
348 1
349 1
350 1
351 2
353 2
355 3
356 2
357 2
358 1
360 1
362 1
363 2
364 1
365 3
367 2
369 1
370 3
371 4
372 2
374 3
375 2
376 1
377 2
379 1
380 1
383 1
384 2
385 1
386 2
387 3
388 1
389 1
393 1
394 1
395 2
397 2
398 1
401 1
403 1
406 1
419 1
