100 1000 50
0 91261
1 52
2 159
3 300
4 366
5 454
6 448
7 391
8 327
9 239
10 215
11 138
12 104
13 65
14 62
15 27
16 39
17 25
18 23
19 11
20 7
21 16
22 4
23 5
24 12
25 4
26 2
27 1
28 3
29 4
30 3
31 2
32 4
33 1
34 3
36 2
37 3
40 2
41 2
42 2
43 1
44 1
45 1
46 4
47 1
48 2
49 3
50 1
52 1
53 1
55 2
56 1
57 2
61 2
62 1
63 2
64 1
67 2
68 1
69 3
72 3
73 2
75 2
77 1
78 1
80 2
85 1
86 1
87 1
89 2
92 1
95 1
98 1
99 1
100 2
101 1
103 2
108 1
110 1
114 1
117 1
118 1
119 1
120 1
121 2
123 1
125 1
128 1
131 2
132 1
134 1
135 1
137 1
138 3
139 1
143 1
145 2
146 1
147 1
148 1
154 1
160 1
161 3
163 1
165 1
167 1
169 1
170 2
172 1
173 1
174 1
175 1
177 1
183 1
184 1
192 1
195 1
198 2
199 1
203 1
205 1
206 1
207 3
209 1
212 1
215 1
216 1
217 2
218 1
221 1
226 2
227 1
228 2
229 2
231 1
233 1
234 1
235 3
236 5
237 1
238 1
239 1
240 1
243 1
245 1
247 1
248 1
249 1
250 1
251 2
254 1
259 2
261 2
262 1
263 1
264 1
265 1
266 1
267 1
269 2
270 3
274 2
276 1
278 1
279 1
280 1
285 1
286 1
287 3
288 1
289 1
290 1
291 1
294 1
295 1
296 1
297 1
298 1
299 1
300 1
301 1
303 2
305 2
309 2
311 1
313 1
316 1
317 1
318 1
319 2
320 1
321 1
322 1
323 1
324 1
326 2
327 2
331 3
332 2
333 1
334 1
336 1
337 1
339 4
342 3
343 1
344 2
346 1
347 2
349 1
350 1
351 1
353 2
355 1
356 1
357 2
358 1
359 4
360 2
362 3
363 1
365 1
366 3
367 1
368 4
369 1
370 5
371 2
372 2
375 1
376 1
377 5
378 3
379 2
380 2
382 2
384 1
385 2
386 1
387 1
388 1
390 2
391 1
396 2
397 1
399 1
401 1
406 2
421 1
