100 1000 50
0 92335
1 8
2 30
3 49
4 133
5 168
6 224
7 252
8 254
9 232
10 197
11 198
12 172
13 105
14 102
15 71
16 60
17 34
18 29
19 21
20 8
21 20
22 16
23 14
24 9
25 11
26 4
27 12
28 6
29 2
30 6
31 4
32 3
33 1
34 2
35 2
36 2
37 1
38 2
39 5
40 2
41 1
42 5
43 1
44 2
46 2
49 2
51 1
52 3
53 2
55 1
56 1
71 1
72 1
73 1
74 1
75 1
76 1
77 1
79 1
82 1
83 1
84 1
86 1
88 1
90 1
94 1
95 1
97 2
101 1
102 1
103 2
106 1
109 1
111 1
113 1
114 1
115 1
117 1
121 2
122 2
123 1
129 1
132 1
133 1
134 1
137 1
138 1
139 1
142 1
143 1
145 1
147 1
149 1
152 1
154 1
157 1
159 2
166 1
171 1
173 1
175 1
190 1
192 2
193 1
195 1
198 2
203 1
208 1
209 2
211 2
214 1
216 1
217 1
222 1
223 1
225 1
226 1
227 2
229 1
232 2
233 1
235 2
236 1
238 1
240 1
241 1
243 2
244 1
245 1
246 1
247 3
253 1
255 1
260 1
261 3
262 1
263 1
266 1
270 1
271 1
272 1
274 1
275 1
276 1
279 1
280 2
283 2
284 1
285 1
286 1
287 1
291 3
294 6
298 1
301 1
304 1
305 2
306 1
307 2
308 1
309 1
310 2
311 3
312 1
313 1
314 3
317 1
318 1
319 2
320 2
321 1
322 1
323 2
324 1
325 4
326 1
328 1
329 1
330 2
332 3
333 4
334 2
336 1
337 1
341 1
343 1
344 1
345 1
346 1
347 1
348 3
349 2
350 1
351 2
352 1
353 3
354 1
355 1
356 2
357 1
358 2
360 2
361 2
362 1
363 1
364 2
365 1
366 4
367 1
368 2
369 2
370 2
371 2
372 1
374 3
375 1
376 2
377 1
378 1
379 3
380 3
381 1
382 2
383 2
384 3
386 4
387 1
388 1
389 2
390 2
391 3
393 1
394 1
395 1
398 1
415 1
417 1
419 1
