100 1000 50
0 92714
1 1
2 19
3 18
4 45
5 72
6 109
7 153
8 185
9 190
10 194
11 182
12 146
13 136
14 105
15 108
16 76
17 77
18 36
19 45
20 23
21 18
22 15
23 27
24 15
25 15
26 2
27 8
28 8
29 6
30 3
31 9
32 3
33 6
34 3
35 3
36 1
37 1
38 4
39 5
40 1
41 2
42 3
43 3
44 1
45 3
46 4
47 2
49 1
51 1
52 1
53 1
54 2
58 1
59 2
60 3
61 1
62 2
65 1
66 2
67 2
69 1
70 1
72 2
73 2
79 1
82 1
83 1
91 1
92 2
94 1
96 1
98 1
103 1
104 3
105 1
106 1
107 1
109 2
111 1
113 2
114 1
116 1
117 1
120 1
122 1
123 1
124 1
125 2
126 1
128 2
131 1
132 2
141 1
143 2
151 2
155 2
156 1
160 2
167 1
170 1
171 1
173 1
174 1
175 2
178 1
183 1
186 1
187 1
192 1
194 1
196 1
199 1
200 1
201 1
202 1
210 1
212 1
214 1
220 1
226 1
227 1
228 1
229 1
230 1
233 3
234 1
236 1
237 1
238 1
239 1
241 1
244 1
245 1
248 1
249 1
251 1
252 1
254 1
255 1
256 1
257 4
258 2
259 1
261 2
262 2
264 2
267 2
268 2
269 1
270 1
271 1
274 2
275 1
276 2
279 2
280 1
281 2
282 1
284 1
285 1
286 1
287 1
289 3
291 1
292 2
297 1
298 2
299 1
300 1
301 3
303 2
304 3
305 1
306 2
307 1
308 2
309 1
310 1
311 1
314 1
315 1
316 1
318 2
319 1
323 2
324 1
325 2
326 1
327 2
328 1
329 1
332 1
333 2
336 2
337 1
338 2
339 1
341 4
342 3
343 2
344 1
347 1
348 3
349 1
350 3
352 1
353 1
354 3
355 2
356 2
357 3
358 4
360 3
362 1
365 2
366 1
367 1
368 1
370 1
371 2
373 1
375 2
376 4
377 3
378 1
379 3
380 2
381 3
382 3
383 1
384 2
386 1
387 1
388 2
389 2
391 2
394 1
395 1
406 1
409 1
410 2
421 1
