100 1000 50
0 92957
1 1
2 1
3 9
4 21
5 43
6 62
7 104
8 120
9 148
10 153
11 160
12 143
13 120
14 105
15 106
16 95
17 68
18 45
19 49
20 44
21 35
22 31
23 25
24 20
25 16
26 20
27 14
28 11
29 9
30 11
31 7
32 6
33 7
34 3
35 6
37 2
38 4
39 3
40 3
41 2
42 1
43 3
44 3
46 2
47 1
48 2
49 1
50 2
51 1
52 1
53 1
54 1
55 1
56 1
57 2
58 4
60 2
61 1
64 1
65 2
66 1
71 1
74 1
78 1
79 1
80 1
81 2
90 1
91 4
93 1
97 3
99 1
106 1
115 1
116 4
117 1
122 1
123 1
124 1
125 2
126 1
128 1
131 2
134 2
135 1
136 1
142 1
146 1
148 2
151 2
153 1
154 2
155 1
157 1
163 2
171 1
173 1
174 1
175 1
177 1
178 2
180 1
185 1
186 2
187 1
189 1
192 1
193 1
195 1
198 2
200 1
201 1
204 1
207 1
208 2
217 2
220 1
221 3
222 1
223 1
224 3
225 1
227 3
228 3
229 2
230 1
231 1
234 2
236 1
237 1
239 2
242 1
243 2
244 1
245 1
248 1
249 1
250 1
251 1
255 1
256 3
258 1
263 1
267 2
269 1
270 1
271 2
272 1
274 1
277 1
278 1
279 1
281 1
282 1
284 1
287 1
288 2
289 1
291 1
292 1
293 2
294 1
295 1
296 2
297 1
298 1
300 1
301 1
302 3
303 2
304 1
305 2
306 3
307 1
310 1
311 3
313 1
315 2
316 1
317 1
320 1
321 1
323 1
324 1
325 2
327 3
328 3
329 1
330 1
333 3
334 2
335 4
337 1
339 1
341 1
345 1
346 2
347 3
348 1
349 2
350 1
351 3
352 1
353 1
354 4
355 1
356 2
357 1
359 1
360 2
363 1
364 3
365 2
366 4
367 2
368 2
369 3
370 2
371 3
372 3
373 2
375 1
376 1
378 1
379 3
380 1
381 1
382 2
383 2
384 1
386 1
388 2
391 1
392 1
393 1
396 1
398 1
400 1
401 1
404 1
405 1
418 1
