100 1000 50
0 92831
2 3
3 15
4 46
5 71
6 90
7 112
8 143
9 167
10 181
11 154
12 142
13 150
14 116
15 96
16 73
17 62
18 61
19 55
20 37
21 29
22 32
23 15
24 17
25 13
26 14
27 11
28 2
29 4
30 7
31 9
32 6
33 6
34 2
35 2
36 4
37 5
38 4
39 4
40 1
42 2
43 4
45 1
46 1
47 2
48 2
49 1
50 3
51 1
52 2
54 2
55 1
56 1
57 1
59 1
60 1
63 2
67 2
68 3
70 1
72 1
75 1
76 1
80 1
81 2
86 1
88 1
89 1
94 1
99 1
101 1
105 1
107 1
108 1
109 1
114 1
117 2
118 1
121 1
122 2
123 2
124 1
126 1
127 1
132 1
134 1
135 1
136 1
137 1
139 1
142 1
143 2
144 1
145 1
146 1
147 2
148 1
149 1
152 1
153 1
155 1
157 2
159 1
162 1
173 1
176 1
178 2
181 2
182 1
183 2
184 1
187 1
192 1
196 1
198 1
202 1
204 2
209 1
210 1
212 1
213 1
214 1
215 1
216 2
217 1
220 1
221 1
222 1
223 2
224 1
225 1
227 1
230 3
231 2
232 1
236 1
237 1
238 2
240 2
243 1
244 2
246 1
252 1
254 1
255 1
257 2
258 1
259 1
264 3
267 1
268 2
269 1
270 1
271 1
273 3
274 1
276 1
277 1
278 1
279 1
281 1
283 2
284 2
285 1
286 1
287 2
288 1
289 1
290 1
291 1
292 1
296 2
298 3
299 1
302 1
304 1
308 3
309 2
310 1
311 3
313 1
314 3
315 1
316 1
317 4
318 1
322 2
323 2
324 1
326 2
328 3
330 1
332 2
336 1
337 1
339 1
340 1
341 1
342 1
343 3
345 2
346 2
347 1
348 1
349 2
350 3
351 4
352 2
353 1
354 1
355 1
356 1
357 1
358 1
359 1
360 1
362 1
363 2
364 4
365 3
368 1
369 3
371 2
372 4
374 1
375 3
376 3
377 2
379 2
380 2
384 4
385 2
386 2
388 2
389 1
390 2
392 2
393 1
395 1
399 1
400 1
404 1
405 1
413 1
418 1
