50 25000 20
0 1125031
1 22205
2 8144
3 4385
4 2909
5 2152
6 1689
7 1295
8 1108
9 885
10 851
11 696
12 631
13 538
14 512
15 434
16 438
17 396
18 372
19 358
20 324
21 289
22 285
23 269
24 226
25 244
26 230
27 243
28 224
29 210
30 193
31 195
32 187
33 184
34 188
35 166
36 180
37 168
38 163
39 185
40 148
41 146
42 154
43 143
44 136
45 131
46 131
47 155
48 148
49 141
50 126
51 140
52 137
53 125
54 129
55 125
56 115
57 119
58 127
59 111
60 118
61 140
62 113
63 119
64 144
65 105
66 107
67 94
68 134
69 118
70 93
71 98
72 111
73 98
74 98
75 95
76 95
77 95
78 101
79 91
80 93
81 101
82 99
83 100
84 89
85 103
86 80
87 85
88 85
89 81
90 89
91 78
92 74
93 75
94 82
95 93
96 88
97 84
98 66
99 74
100 66
101 68
102 72
103 67
104 72
105 67
106 60
107 65
108 62
109 70
110 65
111 77
112 54
113 59
114 51
115 46
116 46
117 66
118 61
119 39
120 43
121 48
122 54
123 46
124 59
125 52
126 46
127 43
128 41
129 41
130 38
131 39
132 33
133 39
134 31
135 43
136 41
137 43
138 36
139 45
140 32
141 43
142 36
143 26
144 38
145 33
146 19
147 29
148 34
149 30
150 37
151 32
152 36
153 42
154 21
155 25
156 29
157 25
158 30
159 22
160 27
161 19
162 13
163 17
164 20
165 19
166 20
167 21
168 12
169 15
170 14
171 16
172 21
173 16
174 13
175 16
176 17
177 17
178 8
179 14
180 18
181 16
182 16
183 17
184 15
185 16
186 7
187 9
188 11
189 12
190 11
191 12
192 13
193 7
194 11
195 6
196 10
197 11
198 6
199 5
200 9
201 8
202 5
203 8
204 9
205 4
206 9
207 10
208 7
209 4
210 4
211 7
212 7
213 4
214 6
215 5
216 2
217 1
218 6
219 7
220 8
221 5
222 8
223 7
224 6
225 4
226 1
227 3
228 4
229 6
230 6
231 4
232 6
233 4
234 4
235 2
236 2
237 3
238 1
239 1
241 2
242 1
243 2
244 4
245 5
247 6
248 4
249 1
250 1
251 2
252 6
253 1
254 1
255 3
256 2
258 2
259 3
262 3
263 2
265 1
266 3
267 3
270 2
271 4
272 1
274 1
275 2
276 2
277 2
278 1
280 1
282 1
283 3
284 3
287 1
288 1
289 1
290 1
291 1
292 1
295 1
298 2
300 2
301 1
306 1
321 2
323 1
327 1
341 1
356 1
363 1
374 1
380 1
437 1
