50 25000 20
0 875050
1 145162
2 52032
3 28052
4 18048
5 12649
6 9356
7 7215
8 5853
9 4739
10 3777
11 3227
12 2732
13 2370
14 2061
15 1779
16 1535
17 1412
18 1219
19 1148
20 1021
21 842
22 795
23 709
24 646
25 535
26 488
27 484
28 393
29 398
30 347
31 344
32 293
33 270
34 237
35 207
36 203
37 185
38 164
39 151
40 120
41 129
42 103
43 89
44 95
45 80
46 73
47 77
48 66
49 54
50 57
51 43
52 56
53 30
54 36
55 43
56 19
57 22
58 19
59 19
60 13
61 14
62 11
63 10
64 13
65 12
66 11
67 13
68 4
69 8
70 6
71 2
72 4
73 5
74 5
75 1
76 7
77 5
78 10
79 3
80 2
81 3
82 1
83 1
84 4
85 2
86 3
87 1
88 1
89 1
92 2
100 1
101 1
103 1
106 1
107 1
110 1
142 1
