50 25000 20
0 1000050
1 77855
2 28444
3 15727
4 10266
5 7441
6 5834
7 4349
8 3631
9 3058
10 2648
11 2195
12 2030
13 1809
14 1573
15 1444
16 1265
17 1156
18 1103
19 1013
20 927
21 886
22 801
23 692
24 666
25 659
26 597
27 568
28 556
29 536
30 464
31 441
32 428
33 411
34 393
35 364
36 360
37 379
38 296
39 297
40 294
41 259
42 243
43 257
44 233
45 218
46 197
47 183
48 184
49 203
50 196
51 181
52 166
53 136
54 147
55 132
56 161
57 111
58 118
59 101
60 124
61 112
62 113
63 95
64 103
65 75
66 80
67 76
68 74
69 71
70 69
71 67
72 46
73 54
74 49
75 56
76 44
77 45
78 40
79 35
80 41
81 35
82 42
83 35
84 41
85 30
86 29
87 26
88 21
89 29
90 29
91 23
92 31
93 25
94 15
95 22
96 14
97 15
98 16
99 16
100 13
101 17
102 10
103 9
104 5
105 10
106 8
107 8
108 13
109 11
110 6
111 7
112 9
113 7
114 6
115 7
116 5
117 7
118 4
119 5
120 3
121 6
122 4
123 5
124 5
125 4
126 6
127 3
128 1
129 3
130 2
131 2
132 4
133 1
134 3
136 5
139 1
140 1
141 3
146 1
147 2
148 1
149 1
150 1
151 1
153 1
155 1
160 1
161 1
162 2
164 1
167 1
170 1
180 1
186 1
193 1
