100 3000 50
0 237536
1 87
2 285
3 466
4 767
5 1023
6 1233
7 1376
8 1492
9 1392
10 1439
11 1415
12 1204
13 1111
14 1007
15 876
16 789
17 712
18 579
19 501
20 461
21 414
22 323
23 271
24 235
25 227
26 187
27 164
28 119
29 112
30 116
31 85
32 85
33 69
34 49
35 56
36 42
37 41
38 28
39 24
40 28
41 32
42 30
43 25
44 22
45 22
46 17
47 14
48 15
49 10
50 8
51 6
52 14
53 12
54 8
55 6
56 11
57 14
58 8
59 8
60 4
61 3
62 6
63 6
64 5
65 9
66 1
67 3
68 4
69 1
70 2
71 6
72 1
73 2
74 1
75 3
76 2
77 1
78 2
79 1
80 2
81 2
82 1
84 3
85 1
86 3
87 1
88 1
89 2
90 5
91 3
92 3
93 2
94 1
95 2
98 4
100 1
101 2
102 1
103 2
104 1
105 3
106 1
107 1
108 1
109 3
116 2
117 1
118 3
119 2
120 2
121 2
122 1
123 1
125 1
126 2
127 1
128 1
129 2
130 2
133 2
134 1
137 2
138 1
141 1
148 1
152 1
154 1
160 1
166 1
171 1
172 2
175 2
177 1
179 1
180 1
181 1
182 1
183 1
185 2
186 1
187 1
189 1
191 1
192 1
194 1
202 1
204 1
205 1
210 1
213 1
217 1
222 1
226 1
230 1
234 1
235 1
238 1
239 1
240 1
243 1
244 1
258 1
262 2
266 1
268 1
273 1
274 1
275 1
283 1
298 1
313 1
316 1
319 1
354 1
