100 3000 50
0 234031
1 176
2 465
3 912
4 1187
5 1501
6 1704
7 1808
8 1866
9 1735
10 1682
11 1508
12 1395
13 1218
14 1044
15 936
16 790
17 677
18 613
19 444
20 469
21 361
22 318
23 244
24 215
25 186
26 171
27 149
28 128
29 97
30 93
31 89
32 66
33 64
34 54
35 44
36 33
37 38
38 34
39 29
40 22
41 33
42 24
43 16
44 11
45 15
46 12
47 17
48 9
49 9
50 10
51 12
52 7
53 5
54 10
55 8
56 5
57 5
58 5
59 4
60 3
61 3
62 6
63 5
64 4
65 3
66 3
67 4
69 1
70 3
71 4
72 1
73 5
74 2
75 1
76 2
78 1
79 3
81 1
82 2
83 1
84 2
85 1
86 1
87 2
90 1
91 2
94 2
96 1
99 2
103 1
107 1
109 1
110 1
113 1
114 1
115 1
119 1
121 1
143 2
150 1
156 1
162 1
170 1
175 1
176 1
181 1
203 1
241 1
243 1
284 1
