100 3000 50
0 231618
1 269
2 658
3 1115
4 1572
5 1868
6 2033
7 2098
8 2121
9 1912
10 1866
11 1664
12 1457
13 1265
14 1113
15 983
16 817
17 697
18 595
19 455
20 430
21 348
22 296
23 254
24 202
25 146
26 161
27 135
28 94
29 85
30 77
31 62
32 47
33 56
34 35
35 26
36 34
37 25
38 22
39 17
40 22
41 10
42 9
43 7
44 6
45 9
46 5
47 12
48 12
49 8
50 5
51 3
52 4
53 4
54 6
55 4
56 2
57 5
58 6
60 2
61 4
62 1
63 2
64 1
66 1
67 2
68 1
69 1
70 3
72 1
73 1
75 2
77 1
79 1
81 1
83 1
87 1
90 1
93 1
94 2
95 1
102 1
106 1
112 1
120 1
123 1
144 1
157 1
159 1
