100 3000 50
0 239962
1 45
2 132
3 303
4 520
5 720
6 938
7 1081
8 1163
9 1242
10 1253
11 1217
12 1149
13 1034
14 984
15 852
16 789
17 667
18 597
19 530
20 458
21 390
22 341
23 293
24 223
25 214
26 202
27 148
28 157
29 112
30 109
31 111
32 79
33 95
34 55
35 47
36 40
37 46
38 36
39 24
40 36
41 30
42 24
43 28
44 16
45 17
46 17
47 9
48 15
49 11
50 10
51 8
52 12
53 8
54 10
55 15
56 7
57 3
58 5
59 7
60 4
61 4
62 4
63 3
64 4
65 5
66 4
67 7
68 5
69 3
70 2
71 4
72 5
73 2
74 2
75 3
76 2
77 2
78 2
79 3
81 2
83 5
84 3
85 1
86 2
87 1
88 3
89 1
91 1
92 1
93 1
95 1
98 3
99 3
100 3
102 1
103 2
104 2
106 2
107 2
108 3
109 1
110 1
111 1
112 1
113 1
116 1
117 2
118 1
120 1
122 1
123 1
126 1
127 2
130 1
133 1
134 1
135 2
138 1
139 1
141 1
144 1
145 2
147 1
149 2
152 1
155 2
158 3
160 2
161 2
168 1
171 2
175 1
176 2
177 1
178 2
179 1
180 1
182 1
183 3
184 1
185 2
187 2
188 1
189 1
190 1
191 1
194 1
195 2
197 1
198 1
199 2
205 1
206 1
209 1
212 1
214 2
218 1
220 2
221 1
222 1
223 1
225 2
227 1
228 1
230 1
232 1
234 1
235 2
237 3
238 1
239 3
241 1
244 1
248 2
250 1
253 1
255 1
260 1
263 3
264 1
265 1
266 1
267 2
268 1
269 1
270 1
272 1
276 1
279 1
280 1
289 1
293 1
295 1
296 1
299 1
303 1
307 1
308 1
312 1
317 1
318 2
320 1
324 1
326 1
328 1
337 2
338 1
341 2
346 1
355 1
356 1
360 1
361 1
373 1
