100 3000 50
0 236979
1 111
2 318
3 546
4 869
5 1092
6 1359
7 1456
8 1420
9 1488
10 1495
11 1398
12 1208
13 1119
14 978
15 941
16 780
17 723
18 555
19 502
20 459
21 367
22 312
23 281
24 247
25 213
26 156
27 158
28 129
29 123
30 129
31 87
32 93
33 65
34 52
35 65
36 38
37 40
38 32
39 44
40 27
41 24
42 27
43 18
44 25
45 20
46 20
47 14
48 14
49 10
50 13
51 7
52 13
53 9
54 6
55 5
56 2
57 5
58 6
59 9
60 5
61 8
62 3
63 10
64 8
65 4
66 4
67 7
68 3
69 1
70 4
71 5
72 1
73 4
74 4
75 5
76 5
78 5
79 6
80 3
81 3
83 3
84 1
85 3
86 1
88 2
90 3
92 3
94 3
95 1
96 2
97 1
99 3
101 2
103 2
104 1
107 1
108 1
110 2
111 2
112 2
114 1
115 1
116 1
117 2
118 1
119 1
120 1
121 1
122 1
123 2
125 2
129 1
132 1
134 1
136 1
137 2
138 3
140 1
144 1
145 1
150 2
151 1
152 1
153 1
155 1
157 1
159 1
168 1
171 2
178 1
180 2
182 2
184 1
186 1
192 1
194 1
195 1
196 1
201 1
207 1
208 1
210 1
212 1
213 1
214 2
225 1
237 1
246 1
251 1
252 1
256 1
275 1
276 1
285 1
291 1
294 1
320 1
351 1
