100 3000 50
0 239440
1 54
2 155
3 381
4 580
5 824
6 956
7 1121
8 1303
9 1257
10 1315
11 1230
12 1175
13 1100
14 942
15 834
16 762
17 659
18 588
19 502
20 449
21 410
22 315
23 278
24 240
25 203
26 204
27 179
28 147
29 134
30 119
31 99
32 80
33 70
34 64
35 47
36 41
37 41
38 34
39 36
40 37
41 27
42 27
43 12
44 25
45 26
46 13
47 11
48 12
49 14
50 10
51 5
52 14
53 12
54 16
55 7
56 9
57 3
58 8
59 5
60 5
61 5
62 2
63 2
64 6
65 7
66 4
67 4
68 5
69 3
70 3
71 5
72 2
73 2
75 2
76 3
77 2
78 2
79 1
80 1
81 1
82 2
84 3
86 3
87 3
88 7
89 1
91 2
93 1
94 1
95 2
98 4
99 1
102 3
103 1
105 2
106 1
107 1
108 2
112 1
113 1
114 1
116 1
119 3
122 1
123 1
125 2
126 1
127 1
128 3
129 1
130 1
131 1
133 1
134 1
135 1
137 3
138 1
139 1
140 1
143 1
144 1
148 2
149 2
152 1
154 1
156 1
157 1
158 1
159 1
160 1
161 1
163 1
166 3
168 1
169 1
172 1
173 2
178 1
179 1
180 2
182 2
183 1
185 2
186 1
188 1
189 1
191 1
194 1
198 2
201 1
203 1
205 1
208 1
212 1
213 1
214 3
215 1
219 1
220 1
222 1
223 2
226 1
227 1
229 1
235 1
236 1
241 1
242 1
243 1
246 1
247 1
248 1
249 1
250 1
252 2
254 1
255 2
258 1
260 2
263 2
265 1
267 1
273 1
275 1
276 1
280 1
281 1
282 1
284 2
286 1
289 1
291 1
292 1
294 1
295 1
299 1
303 2
305 2
310 1
316 1
322 1
323 1
329 1
336 1
342 1
347 2
353 1
355 1
372 1
377 1
