100 3000 50
0 239157
1 64
2 191
3 411
4 597
5 781
6 1041
7 1150
8 1261
9 1346
10 1253
11 1281
12 1223
13 1081
14 977
15 839
16 789
17 693
18 571
19 519
20 473
21 376
22 346
23 279
24 254
25 209
26 177
27 177
28 124
29 96
30 115
31 95
32 72
33 72
34 54
35 60
36 48
37 49
38 41
39 34
40 38
41 31
42 32
43 21
44 14
45 20
46 15
47 15
48 8
49 16
50 10
51 7
52 13
53 14
54 9
55 8
56 5
57 5
58 6
59 5
60 5
61 3
62 6
63 6
64 4
65 1
66 3
67 4
68 4
69 2
70 4
71 2
72 1
73 2
74 5
76 4
77 1
78 2
79 3
80 1
81 1
82 5
83 2
84 1
85 4
86 2
87 1
88 1
89 1
90 2
92 2
93 3
94 2
95 1
96 2
97 1
99 1
101 1
102 1
105 2
106 3
107 1
111 1
113 2
115 1
117 1
118 1
119 1
120 1
121 3
127 2
129 2
130 1
132 2
134 1
135 2
137 1
138 1
140 1
141 2
144 1
145 2
146 2
148 2
150 1
151 1
153 2
154 1
155 1
156 1
157 1
158 1
159 4
162 1
163 2
164 3
166 1
168 1
169 1
171 1
175 1
178 1
179 1
180 2
183 1
187 1
190 2
191 2
193 2
195 2
196 1
197 1
201 1
202 2
203 1
204 3
208 1
210 1
214 1
217 1
223 2
225 2
230 3
232 1
234 1
235 3
236 1
244 1
248 1
249 1
252 1
253 1
254 1
255 1
262 1
263 1
266 1
273 1
275 1
277 2
279 1
284 1
289 1
290 1
292 2
294 2
296 2
298 1
299 1
307 2
308 1
321 1
327 1
337 1
343 1
346 1
356 1
367 1
388 1
395 1
402 1
