100 3000 50
0 240178
1 35
2 126
3 282
4 492
5 646
6 885
7 1038
8 1154
9 1288
10 1245
11 1199
12 1102
13 1086
14 966
15 844
16 764
17 665
18 603
19 551
20 447
21 408
22 368
23 292
24 255
25 237
26 180
27 151
28 133
29 121
30 114
31 91
32 74
33 83
34 61
35 68
36 54
37 36
38 32
39 27
40 32
41 35
42 24
43 11
44 14
45 18
46 21
47 8
48 8
49 13
50 12
51 6
52 5
53 7
54 12
55 8
56 9
57 10
58 3
59 4
60 4
61 3
62 5
63 4
64 6
65 1
66 2
67 4
68 1
69 5
70 5
71 10
73 2
74 1
75 4
76 4
78 2
79 2
80 3
82 2
83 4
84 2
85 3
86 1
87 2
88 3
89 2
90 1
92 3
94 1
95 4
96 3
97 1
98 2
99 1
100 1
101 1
102 1
103 1
104 1
105 1
106 1
109 1
111 1
113 1
116 2
117 1
118 1
119 3
120 1
122 2
123 1
125 2
126 1
128 3
129 1
130 1
133 1
134 2
135 1
136 1
138 1
139 1
141 1
149 1
152 1
153 1
154 3
155 1
157 1
158 1
159 1
161 1
162 1
163 2
164 1
167 1
168 1
169 1
173 1
175 1
178 1
180 1
181 1
182 1
189 1
190 1
191 1
194 1
195 3
196 1
200 1
201 1
202 4
205 1
206 1
207 2
209 1
210 3
211 2
212 1
214 1
215 2
216 2
219 2
222 3
225 2
228 1
229 1
232 1
234 2
235 1
236 1
239 2
240 2
241 1
242 1
243 1
244 2
245 1
246 1
248 1
252 1
253 1
254 2
256 1
257 1
264 1
265 1
266 1
267 1
271 1
273 2
279 1
283 1
284 1
285 1
286 1
288 2
293 1
297 1
298 2
302 1
303 1
306 2
317 1
318 1
321 1
322 1
323 1
329 2
331 1
332 1
334 1
341 1
348 1
359 1
362 1
364 1
365 1
376 1
432 1
