100 3000 50
0 232927
1 217
2 602
3 1003
4 1426
5 1624
6 1824
7 1928
8 1982
9 1844
10 1639
11 1508
12 1379
13 1249
14 1083
15 992
16 851
17 686
18 617
19 511
20 456
21 329
22 313
23 258
24 234
25 192
26 149
27 162
28 120
29 99
30 92
31 79
32 54
33 47
34 60
35 34
36 28
37 27
38 27
39 22
40 11
41 20
42 20
43 12
44 13
45 7
46 7
47 13
48 5
49 8
50 9
51 8
52 10
53 6
54 4
55 4
56 5
57 4
58 6
59 3
60 2
61 5
62 1
63 2
64 2
65 3
66 1
68 1
69 1
70 2
71 2
72 1
73 1
74 2
75 1
77 2
78 1
80 2
84 1
86 2
91 1
94 2
95 1
98 1
99 1
102 1
105 2
106 1
107 1
108 1
110 1
111 1
122 1
125 1
144 1
146 1
157 1
181 1
198 1
206 1
229 1
