100 3000 50
0 238038
1 72
2 255
3 445
4 723
5 948
6 1158
7 1362
8 1385
9 1403
10 1368
11 1278
12 1254
13 1136
14 1008
15 932
16 718
17 679
18 598
19 495
20 448
21 345
22 371
23 260
24 249
25 225
26 203
27 170
28 122
29 116
30 115
31 84
32 73
33 67
34 74
35 60
36 29
37 37
38 35
39 34
40 46
41 28
42 28
43 22
44 23
45 15
46 16
47 13
48 20
49 15
50 17
51 6
52 12
53 7
54 11
55 8
56 10
57 7
58 7
59 4
60 4
61 4
62 6
63 7
64 4
65 7
66 4
67 3
68 5
69 5
70 3
71 1
72 4
73 3
75 3
76 3
77 3
78 3
79 2
80 7
81 1
82 2
85 1
86 3
87 4
90 2
91 2
92 1
93 4
94 2
95 1
97 1
99 2
100 2
101 2
102 3
103 2
104 1
105 1
106 1
107 1
108 3
109 1
110 1
111 2
113 5
114 2
116 1
119 1
121 2
122 1
123 1
127 2
129 2
130 2
131 2
138 1
140 4
141 1
143 1
149 2
150 2
151 1
152 2
153 3
156 1
161 1
165 2
169 1
170 2
172 3
177 1
182 2
184 1
186 1
187 2
192 1
194 1
199 1
204 1
206 1
209 1
221 1
225 1
230 1
232 1
236 1
237 1
238 3
240 1
243 1
244 1
248 1
258 1
263 1
266 1
268 1
278 2
282 1
283 1
289 1
290 1
291 2
304 1
305 1
308 1
321 1
322 1
357 1
358 1
