100 3000 50
0 236356
1 110
2 349
3 602
4 937
5 1207
6 1419
7 1460
8 1605
9 1551
10 1472
11 1407
12 1200
13 1178
14 976
15 956
16 819
17 677
18 634
19 540
20 407
21 384
22 335
23 262
24 247
25 183
26 194
27 137
28 141
29 122
30 81
31 87
32 65
33 77
34 56
35 33
36 30
37 53
38 40
39 36
40 26
41 34
42 17
43 32
44 17
45 22
46 25
47 20
48 10
49 15
50 15
51 12
52 11
53 7
54 8
55 4
56 6
57 6
58 5
59 9
60 9
61 6
62 4
63 5
64 3
65 6
66 4
67 5
68 6
69 6
70 5
71 6
72 5
73 3
74 5
75 3
76 2
77 1
78 2
79 3
80 2
81 2
82 3
83 2
84 1
85 2
87 2
88 3
89 2
90 2
94 1
95 1
97 6
99 2
102 1
103 3
104 2
105 2
106 1
107 1
109 4
111 1
113 1
114 1
116 1
117 2
120 1
129 1
134 1
136 2
137 1
144 1
147 1
149 1
155 1
159 1
160 1
163 1
168 1
169 1
173 2
177 1
180 2
183 2
184 1
191 1
192 1
199 1
204 2
205 1
208 1
212 1
220 1
229 1
236 1
239 1
246 1
249 1
251 1
267 1
276 1
313 1
