100 3000 50
0 240383
1 36
2 112
3 247
4 473
5 655
6 830
7 990
8 1143
9 1203
10 1217
11 1214
12 1139
13 1128
14 906
15 851
16 754
17 710
18 622
19 527
20 438
21 430
22 367
23 299
24 244
25 213
26 200
27 173
28 143
29 113
30 104
31 99
32 67
33 59
34 69
35 61
36 46
37 40
38 42
39 26
40 22
41 24
42 25
43 22
44 13
45 21
46 10
47 14
48 16
49 21
50 20
51 7
52 13
53 8
54 8
55 5
56 8
57 5
58 7
59 4
60 6
61 6
62 2
63 4
64 3
65 4
66 2
67 5
68 5
69 2
70 4
71 6
72 2
73 3
74 3
75 3
76 3
79 1
80 1
81 4
82 1
83 1
85 1
86 3
87 2
89 1
90 2
91 1
94 2
95 1
96 1
99 1
100 1
103 1
104 1
106 2
107 2
108 1
110 1
111 1
112 1
113 1
114 1
115 1
117 3
118 1
120 1
123 1
124 3
128 1
131 3
132 1
133 3
134 1
136 1
137 2
139 2
140 1
144 1
145 3
146 1
147 1
148 1
150 1
151 1
155 1
157 2
158 1
161 1
162 1
166 3
167 1
168 1
169 1
170 3
171 1
172 1
174 1
175 2
176 2
178 1
181 1
182 1
184 1
185 1
186 1
187 1
188 1
190 1
191 1
193 1
195 1
196 1
197 1
199 1
201 1
204 2
208 1
209 1
212 3
214 1
218 3
220 1
221 1
223 1
224 4
227 1
228 2
229 1
230 1
231 1
233 1
237 1
238 1
239 1
240 3
241 1
242 1
246 2
247 1
251 1
252 1
253 1
254 1
256 3
259 2
261 1
263 1
264 1
265 1
267 1
269 1
270 1
271 1
272 2
273 2
275 1
277 1
278 1
279 2
280 2
282 2
284 1
288 1
292 1
293 1
294 1
297 1
300 1
304 1
311 1
313 1
318 1
320 1
325 1
329 1
331 1
338 1
347 1
348 1
352 1
353 1
356 1
366 1
371 1
387 1
