100 3000 50
0 240747
1 32
2 118
3 245
4 396
5 574
6 825
7 971
8 1147
9 1169
10 1197
11 1163
12 1103
13 1074
14 957
15 866
16 754
17 682
18 594
19 519
20 427
21 403
22 336
23 288
24 288
25 199
26 228
27 160
28 154
29 140
30 94
31 89
32 78
33 55
34 51
35 48
36 45
37 43
38 39
39 42
40 33
41 18
42 24
43 28
44 16
45 20
46 14
47 25
48 10
49 17
50 15
51 9
52 11
53 7
54 8
55 10
56 9
57 13
58 8
59 5
60 5
61 6
62 3
63 5
64 5
65 5
66 4
67 3
69 2
70 5
71 1
72 3
73 4
74 2
75 2
77 2
78 1
79 2
80 2
81 4
82 1
83 4
84 1
85 1
86 1
87 2
88 1
90 3
91 1
94 2
95 2
96 2
97 1
100 1
101 2
102 1
103 1
104 1
105 1
106 1
107 1
108 2
109 1
110 1
112 1
113 2
115 1
117 1
118 1
121 1
122 1
123 1
125 3
126 2
128 1
131 3
133 1
134 1
135 1
137 1
138 1
140 1
143 3
147 1
150 1
151 1
154 1
158 1
161 1
162 1
163 3
165 2
166 1
170 1
171 1
172 2
174 2
175 2
176 2
179 1
180 1
181 1
185 2
193 1
196 2
198 2
199 3
200 1
201 3
202 1
205 1
206 1
207 1
208 4
210 2
211 1
215 1
217 2
218 1
225 2
226 1
228 1
229 3
233 2
234 1
239 1
240 3
241 3
242 1
243 1
246 1
248 4
249 1
251 1
253 1
257 3
258 1
259 1
260 2
263 1
265 1
268 1
271 1
272 1
273 2
274 1
277 1
279 2
280 1
281 1
282 1
283 1
285 1
286 2
288 1
290 1
294 1
295 1
300 1
302 1
303 1
304 2
308 2
313 1
314 1
315 2
317 1
320 1
327 1
329 1
330 2
331 1
335 1
344 2
347 1
352 1
369 1
374 1
378 1
382 1
407 1
