100 3000 50
0 240564
1 38
2 125
3 274
4 460
5 628
6 832
7 944
8 1144
9 1185
10 1225
11 1154
12 1085
13 1038
14 988
15 872
16 788
17 658
18 627
19 480
20 462
21 407
22 343
23 308
24 268
25 225
26 176
27 180
28 146
29 111
30 93
31 88
32 91
33 54
34 73
35 46
36 29
37 38
38 45
39 45
40 25
41 26
42 25
43 28
44 18
45 23
46 23
47 19
48 11
49 13
50 17
51 11
52 17
53 10
54 8
55 7
56 10
57 8
58 6
59 2
60 5
61 4
62 7
63 5
64 6
65 3
66 5
67 4
68 2
69 5
70 3
71 6
72 1
73 2
75 1
76 1
77 1
79 2
80 1
81 2
83 1
84 1
85 3
86 3
89 1
91 2
92 2
93 1
95 2
97 2
99 1
102 2
104 2
105 5
108 1
110 1
111 1
114 2
115 1
117 1
119 1
123 1
125 1
126 1
129 2
130 1
131 1
133 1
134 1
135 1
137 1
139 1
140 2
141 2
142 3
143 1
144 1
147 3
148 1
149 2
150 1
153 1
154 1
158 1
159 2
160 1
163 1
166 3
168 3
169 1
170 1
173 1
176 2
177 2
178 1
181 1
182 2
183 2
184 3
192 1
193 3
195 2
196 1
197 1
198 3
199 2
200 1
201 1
202 2
207 3
208 1
209 1
212 2
213 1
216 3
217 1
218 1
221 1
222 1
225 1
226 1
228 2
229 1
231 1
234 2
245 1
248 1
249 1
250 1
251 1
252 1
253 1
254 1
255 1
256 1
257 1
259 2
260 1
261 1
263 2
264 1
266 2
270 1
271 1
274 2
275 1
276 1
277 1
278 1
279 2
280 1
281 3
283 2
285 1
287 1
289 1
296 1
300 1
302 1
303 1
308 1
309 1
311 2
317 2
320 1
321 1
322 1
329 1
339 1
341 2
365 1
372 1
378 1
380 1
385 1
387 1
389 1
397 1
