100 3000 50
0 239726
1 43
2 139
3 292
4 519
5 742
6 913
7 1179
8 1268
9 1291
10 1234
11 1241
12 1196
13 1053
14 934
15 857
16 766
17 687
18 549
19 506
20 475
21 390
22 324
23 287
24 280
25 237
26 218
27 134
28 119
29 121
30 120
31 91
32 76
33 64
34 74
35 61
36 58
37 39
38 37
39 21
40 36
41 25
42 24
43 22
44 20
45 19
46 15
47 17
48 17
49 13
50 17
51 7
52 10
53 7
54 10
55 6
56 5
57 3
58 9
59 9
60 4
61 3
62 4
63 4
64 4
65 11
66 7
67 5
68 4
69 4
70 4
71 2
72 4
73 3
74 3
75 2
77 2
78 1
79 2
80 2
81 2
82 1
83 3
84 1
85 2
86 2
87 1
88 1
89 1
91 1
92 2
93 2
94 2
95 1
96 1
97 2
98 2
99 1
100 1
101 2
102 1
103 1
104 2
106 1
107 1
108 1
111 2
112 1
115 1
121 5
122 3
124 1
127 1
130 3
131 1
135 1
137 2
141 1
142 1
146 1
148 1
149 1
150 1
151 2
153 1
156 1
158 2
159 2
160 1
163 1
164 2
166 1
168 2
170 1
172 1
173 1
175 1
177 1
180 2
181 1
182 2
184 4
186 2
187 1
188 2
190 1
191 2
192 1
193 1
194 2
195 1
196 1
197 1
198 1
203 3
206 1
210 1
213 1
217 1
221 1
222 2
223 1
224 2
225 1
226 1
229 1
232 1
235 1
236 1
237 1
239 1
242 1
244 1
245 1
253 2
258 1
260 1
261 2
262 1
266 1
267 2
269 1
270 1
274 1
278 1
281 2
283 2
284 1
286 1
287 1
289 2
291 1
292 2
293 1
297 1
298 3
301 1
305 1
307 1
311 1
313 1
314 1
321 1
328 1
330 1
341 2
342 1
350 1
351 1
354 1
