100 3000 50
0 238838
1 60
2 196
3 401
4 632
5 876
6 1044
7 1275
8 1337
9 1338
10 1295
11 1247
12 1167
13 1072
14 946
15 889
16 798
17 719
18 624
19 538
20 415
21 363
22 284
23 304
24 246
25 245
26 192
27 155
28 138
29 122
30 106
31 90
32 69
33 62
34 63
35 63
36 51
37 43
38 52
39 37
40 34
41 35
42 19
43 23
44 17
45 17
46 16
47 13
48 19
49 18
50 10
51 9
52 14
53 7
54 8
55 8
56 7
57 6
58 7
59 7
60 5
61 1
62 8
63 2
64 5
65 6
66 2
67 6
68 3
69 1
71 2
72 2
73 1
74 1
75 1
76 2
77 1
78 4
79 1
80 2
81 3
83 3
84 1
85 3
86 1
90 1
91 3
92 1
93 4
94 1
95 2
96 1
98 2
99 2
101 2
102 2
104 1
106 1
107 1
112 3
113 1
114 1
121 1
125 2
129 2
130 3
131 1
132 4
133 1
134 1
136 2
137 2
139 1
140 2
141 1
142 2
143 1
144 2
145 1
146 1
147 2
148 1
150 1
151 1
152 1
153 3
154 1
155 1
156 1
157 1
161 1
165 3
167 3
171 1
173 1
174 1
177 1
178 1
179 1
184 1
186 2
187 1
191 1
192 1
194 1
195 3
198 1
199 1
200 3
209 1
210 1
211 2
212 2
213 1
217 2
218 1
219 1
220 1
221 1
222 1
224 1
232 3
233 3
234 1
238 1
239 2
249 1
250 1
251 1
254 1
257 1
262 1
263 3
269 1
272 1
278 2
284 1
291 1
293 1
301 1
304 1
312 1
319 1
321 1
325 1
330 1
341 1
362 3
365 1
374 1
