100 3000 50
0 234954
1 139
2 402
3 698
4 1122
5 1382
6 1588
7 1773
8 1757
9 1661
10 1594
11 1521
12 1308
13 1164
14 1039
15 876
16 775
17 666
18 600
19 531
20 455
21 389
22 280
23 259
24 251
25 196
26 168
27 170
28 142
29 121
30 79
31 79
32 69
33 61
34 62
35 56
36 44
37 42
38 37
39 18
40 28
41 27
42 18
43 13
44 26
45 21
46 9
47 17
48 10
49 11
50 13
51 4
52 13
53 13
54 13
55 5
56 9
57 3
58 4
59 9
60 4
61 9
62 4
64 4
65 4
66 5
67 3
68 2
70 3
71 4
72 4
73 2
74 1
75 2
77 3
78 2
79 3
80 1
81 3
82 1
84 1
85 2
87 1
88 2
89 3
90 2
91 1
94 3
95 1
98 1
99 1
100 1
109 2
110 1
111 2
116 1
117 1
123 1
124 1
127 1
131 1
135 1
138 1
144 1
145 1
147 1
153 1
157 1
179 1
186 1
187 1
201 1
207 1
216 1
221 1
241 1
244 1
262 1
275 1
365 1
