100 3000 50
0 238454
1 78
2 219
3 396
4 685
5 902
6 1133
7 1315
8 1369
9 1317
10 1373
11 1284
12 1179
13 1149
14 954
15 861
16 793
17 686
18 612
19 538
20 413
21 373
22 306
23 285
24 244
25 205
26 190
27 170
28 142
29 132
30 111
31 94
32 93
33 60
34 55
35 60
36 50
37 45
38 41
39 30
40 29
41 30
42 21
43 27
44 21
45 13
46 16
47 8
48 9
49 21
50 12
51 14
52 14
53 11
54 8
55 9
56 9
57 6
58 4
59 4
60 7
61 7
62 5
63 4
64 6
65 3
66 3
67 3
69 1
70 4
71 2
72 4
73 6
74 1
75 2
76 1
77 3
78 1
80 3
81 2
82 1
83 1
84 3
86 3
87 3
88 1
89 1
90 4
91 3
93 1
94 2
97 2
98 1
99 1
101 1
102 3
103 2
104 2
105 1
106 1
107 2
109 1
110 3
112 1
116 2
117 4
118 2
119 1
120 1
121 1
123 1
125 2
126 1
127 2
128 1
129 1
131 2
132 1
134 1
139 3
140 1
143 4
145 1
148 2
149 1
151 1
153 1
158 1
159 3
162 1
164 2
166 1
167 1
169 2
170 1
171 4
173 2
174 1
178 1
180 2
184 2
187 3
190 1
193 1
194 1
195 1
197 1
200 1
202 1
208 1
212 1
214 1
215 2
217 1
222 1
225 1
227 1
229 1
232 2
234 1
235 2
237 1
239 1
244 1
254 2
256 1
265 1
267 1
278 1
280 1
287 1
289 1
296 1
305 1
306 1
307 2
313 1
315 2
320 1
321 1
323 1
330 1
337 1
340 1
369 1
