100 3000 50
0 235714
1 151
2 408
3 628
4 1027
5 1307
6 1478
7 1611
8 1634
9 1577
10 1550
11 1473
12 1287
13 1186
14 1042
15 822
16 753
17 746
18 601
19 485
20 422
21 372
22 311
23 278
24 243
25 201
26 161
27 166
28 145
29 102
30 82
31 90
32 75
33 87
34 64
35 38
36 41
37 37
38 27
39 36
40 29
41 24
42 23
43 20
44 25
45 19
46 10
47 11
48 17
49 16
50 16
51 12
52 8
53 9
54 10
55 11
56 7
57 8
58 5
59 7
60 6
61 5
62 4
63 5
64 8
65 6
66 3
67 6
68 4
69 5
70 4
71 3
72 5
73 3
74 2
75 3
76 4
77 5
78 1
79 2
81 1
82 2
84 3
85 3
86 1
87 1
88 5
89 1
90 1
91 2
92 2
93 2
95 3
97 1
100 1
101 1
102 1
103 1
104 1
105 1
106 1
107 2
108 2
109 2
111 1
112 1
114 3
119 1
120 1
121 1
122 1
123 1
126 1
127 1
130 1
131 1
135 1
144 1
145 1
154 1
160 1
164 1
169 3
184 1
199 1
207 1
210 1
213 1
220 1
242 1
247 1
248 1
259 1
263 1
265 1
297 1
303 1
