100 3000 50
1 239
2 241
3 308
4 261
5 240
6 287
7 265
8 261
9 243
10 241
11 239
12 239
13 240
14 243
15 214
16 182
17 225
18 220
19 202
20 157
21 149
22 169
23 174
24 174
25 170
26 159
27 133
28 146
29 127
30 130
31 127
32 115
33 104
34 122
35 115
36 104
37 97
38 83
39 91
40 80
41 102
42 85
43 96
44 77
45 72
46 93
47 77
48 54
49 56
50 68
51 70
52 73
53 50
54 67
55 52
56 48
57 52
58 53
59 50
60 48
61 54
62 52
63 42
64 41
65 48
66 34
67 30
68 38
69 33
70 32
71 26
72 33
73 37
74 26
75 30
76 27
77 29
78 27
79 27
80 24
81 20
82 20
83 19
84 21
85 17
86 25
87 18
88 12
89 14
90 16
91 16
92 15
93 21
94 14
95 20
96 8
97 17
98 16
99 17
100 13
101 11
102 4
103 11
104 8
105 6
106 17
107 6
108 8
109 8
110 9
111 9
112 5
113 10
114 4
115 6
116 8
117 6
118 7
119 9
120 7
121 3
122 3
123 6
124 5
125 4
126 6
127 3
128 3
129 2
130 3
131 3
132 5
133 4
134 1
135 4
136 2
137 1
138 2
141 2
142 2
143 2
144 2
145 1
146 2
147 1
149 3
150 1
154 2
155 1
156 1
157 3
158 1
159 3
160 2
162 1
164 2
165 1
166 1
167 1
168 1
169 1
170 1
172 1
173 1
176 1
179 1
185 1
186 1
192 2
200 1
211 2
220 1
