100 3000 75
1 16
2 11
3 10
4 20
5 17
6 9
7 16
8 14
9 20
10 18
11 21
12 19
13 22
14 10
15 16
16 18
17 13
18 14
19 10
20 18
21 12
22 20
23 21
24 17
25 14
26 18
27 27
28 14
29 15
30 9
31 10
32 15
33 16
34 5
35 18
36 16
37 21
38 12
39 16
40 10
41 12
42 12
43 11
44 16
45 12
46 10
47 8
48 16
49 15
50 13
51 15
52 15
53 13
54 15
55 12
56 7
57 9
58 18
59 14
60 16
61 10
62 12
63 12
64 12
65 12
66 13
67 11
68 15
69 13
70 7
71 17
72 13
73 8
74 10
75 13
76 13
77 16
78 6
79 12
80 14
81 13
82 13
83 15
84 9
85 13
86 15
87 17
88 6
89 10
90 6
91 9
92 17
93 4
94 5
95 14
96 6
97 6
98 12
99 8
100 10
101 15
102 8
103 13
104 10
105 9
106 8
107 6
108 12
109 13
110 4
111 5
112 7
113 11
114 8
115 13
116 15
117 14
118 8
119 10
120 8
121 12
122 9
123 11
124 6
125 5
126 6
127 11
128 13
129 3
130 4
131 10
132 2
133 5
134 10
135 7
136 6
137 7
138 6
139 10
140 3
141 5
142 5
143 7
144 8
145 5
146 11
147 7
148 7
149 6
150 9
151 9
152 7
153 4
154 8
155 8
156 5
157 3
158 10
159 10
160 4
161 8
162 6
163 3
164 3
165 9
166 9
167 4
168 8
169 4
170 6
171 6
172 12
173 5
174 8
175 4
176 7
177 7
178 8
179 5
180 4
181 6
182 7
183 5
184 2
185 4
186 6
187 6
188 5
189 3
190 6
191 3
192 6
193 7
194 1
195 4
196 1
197 4
198 6
199 6
200 4
201 1
202 5
203 5
204 7
205 5
206 3
207 3
208 6
209 5
210 4
211 6
212 6
213 3
214 3
215 2
216 7
217 6
218 4
219 3
220 5
221 2
222 3
223 4
224 2
225 2
226 1
227 3
228 3
229 4
230 4
231 5
232 1
233 5
234 5
235 5
236 2
237 2
238 4
239 1
241 3
242 6
243 6
244 3
245 2
246 3
247 2
248 3
249 5
250 5
251 6
252 1
253 5
254 3
255 1
256 6
257 5
258 3
259 2
260 1
261 7
262 3
263 4
264 2
265 2
266 3
267 2
268 2
269 1
270 5
271 2
272 2
273 3
274 1
275 2
276 2
277 2
278 2
280 3
281 1
282 4
284 1
286 2
287 2
288 1
291 7
292 3
293 1
294 2
295 1
296 2
297 2
298 1
299 2
300 3
301 2
302 3
303 4
304 3
306 1
307 3
308 2
309 2
310 4
311 2
314 1
315 2
316 2
318 3
319 2
320 2
321 3
322 1
323 1
324 2
325 1
326 1
327 1
328 1
330 1
332 1
334 1
336 3
337 1
339 1
340 1
341 4
342 1
343 1
344 3
345 1
346 1
347 1
348 3
349 2
350 2
351 1
352 3
353 3
354 2
355 3
356 1
357 2
358 2
359 1
361 1
362 1
369 2
370 1
371 1
372 1
373 4
375 1
376 1
378 2
381 2
382 1
383 1
385 3
390 2
392 1
394 1
398 1
400 1
401 1
402 2
407 1
410 2
414 1
415 1
417 1
418 1
421 1
423 1
425 1
427 1
429 2
430 1
431 2
435 3
440 2
443 1
444 1
446 1
448 1
450 2
455 2
457 2
463 1
468 1
474 1
475 1
485 1
487 1
503 1
509 1
513 1
516 1
537 1
546 1
548 1
571 1
598 1
732 1
