500 100000 20
1 332
2 183
3 158
4 132
5 110
6 111
7 79
8 65
9 74
10 61
11 53
12 42
13 53
14 42
15 47
16 38
17 42
18 28
19 43
20 34
21 33
22 33
23 26
24 27
25 31
26 35
27 34
28 33
29 20
30 31
31 32
32 35
33 31
34 26
35 21
36 25
37 25
38 22
39 26
40 21
41 21
42 30
43 27
44 20
45 16
46 18
47 16
48 23
49 16
50 15
51 12
52 14
53 22
54 18
55 15
56 16
57 17
58 15
59 19
60 22
61 16
62 25
63 19
64 18
65 13
66 23
67 23
68 20
69 11
70 22
71 16
72 16
73 20
74 19
75 13
76 8
77 17
78 15
79 25
80 6
81 15
82 12
83 11
84 20
85 18
86 12
87 14
88 19
89 18
90 11
91 15
92 19
93 9
94 11
95 20
96 10
97 18
98 10
99 14
100 13
101 14
102 12
103 10
104 9
105 14
106 14
107 14
108 9
109 12
110 13
111 6
112 9
113 15
114 12
115 14
116 15
117 14
118 9
119 13
120 13
121 8
122 8
123 12
124 7
125 16
126 14
127 7
128 8
129 10
130 13
131 11
132 13
133 8
134 11
135 13
136 14
137 12
138 12
139 8
140 6
141 14
142 9
143 16
144 9
145 10
146 11
147 10
148 12
149 11
150 11
151 5
152 12
153 9
154 7
155 8
156 11
157 9
158 10
159 11
160 9
161 20
162 10
163 13
164 16
165 9
166 5
167 5
168 14
169 20
170 3
171 6
172 11
173 5
174 9
175 12
176 11
177 7
178 8
179 8
180 14
181 13
182 8
183 12
184 11
185 12
186 7
187 11
188 7
189 9
190 11
191 9
192 8
193 7
194 12
195 8
196 9
197 14
198 9
199 6
200 9
201 14
202 8
203 8
204 11
205 11
206 6
207 10
208 11
209 19
210 12
211 9
212 8
213 10
214 9
215 7
216 18
217 7
218 5
219 9
220 13
221 8
222 14
223 8
224 13
225 8
226 9
227 4
228 5
229 9
230 12
231 10
232 5
233 7
234 6
235 9
236 7
237 11
238 16
239 1
240 7
241 9
242 11
243 5
244 10
245 11
246 13
247 12
248 10
249 6
250 7
251 16
252 10
253 9
254 6
255 7
256 13
257 5
258 10
259 10
260 12
261 8
262 10
263 10
264 14
265 9
266 15
267 8
268 16
269 6
270 9
271 6
272 7
273 11
274 8
275 8
276 13
277 6
278 3
279 8
280 7
281 9
282 7
283 9
284 7
285 9
286 11
287 7
288 6
289 4
290 3
291 8
292 12
293 13
294 14
295 9
296 5
297 3
298 11
299 7
300 9
301 9
302 9
303 12
304 9
305 13
306 3
307 9
308 6
309 14
310 12
311 11
312 9
313 10
314 7
315 8
316 8
317 6
318 6
319 9
320 6
321 11
322 9
323 8
324 6
325 4
326 6
327 8
328 9
329 10
330 8
331 7
332 5
333 6
334 9
335 8
336 13
337 5
338 8
339 11
340 11
341 10
342 9
343 7
344 9
345 9
346 6
347 6
348 9
349 4
350 4
351 14
352 6
353 6
354 10
355 15
356 3
357 20
358 6
359 11
360 13
361 10
362 5
363 20
364 5
365 5
366 10
367 10
368 5
369 8
370 9
371 7
372 13
373 11
374 17
375 9
376 6
377 8
378 10
379 9
380 5
381 2
382 17
383 5
384 7
385 8
386 7
387 6
388 6
389 11
390 6
391 5
392 10
393 11
394 7
395 6
396 5
397 12
398 8
399 7
400 6
401 10
402 7
403 9
404 7
405 11
406 8
407 9
408 10
409 12
410 5
411 6
412 11
413 6
414 10
415 3
416 6
417 18
418 6
419 8
420 14
421 9
422 9
423 5
424 10
425 10
426 7
427 6
428 7
429 9
430 5
431 7
432 10
433 5
434 2
435 7
436 15
437 9
438 11
439 9
440 9
441 8
442 13
443 9
444 6
445 7
446 17
447 12
448 14
449 6
450 9
451 9
452 7
453 12
454 9
455 10
456 7
457 7
458 9
459 10
460 8
461 2
462 12
463 6
464 8
465 9
466 6
467 7
468 9
469 9
470 6
471 8
472 9
473 4
474 3
475 10
476 10
477 6
478 7
479 13
480 12
481 11
482 7
483 10
484 10
485 12
486 14
487 11
488 9
489 8
490 13
491 8
492 7
493 9
494 4
495 9
496 7
497 10
498 8
499 6
500 4
501 7
502 12
503 17
504 9
505 9
506 2
507 11
508 8
509 7
510 10
511 9
512 10
513 12
514 14
515 8
516 6
517 5
518 9
519 11
520 5
521 6
522 7
523 6
524 15
525 7
526 10
527 6
528 11
529 10
530 8
531 10
532 5
533 11
534 8
535 5
536 7
537 4
538 5
539 6
540 7
541 7
542 12
543 13
544 6
545 10
546 6
547 7
548 14
549 6
550 12
551 11
552 6
553 9
554 6
555 12
556 14
557 12
558 16
559 6
560 12
561 9
562 4
563 18
564 13
565 8
566 9
567 5
568 14
569 6
570 8
571 12
572 8
573 9
574 14
575 13
576 8
577 7
578 15
579 6
580 9
581 13
582 9
583 8
584 10
585 12
586 5
587 17
588 14
589 10
590 8
591 6
592 9
593 8
594 10
595 8
596 9
597 9
598 8
599 7
600 7
601 13
602 15
603 13
604 6
605 13
606 11
607 10
608 7
609 6
610 1
611 8
612 12
613 10
614 8
615 9
616 6
617 5
618 12
619 7
620 6
621 12
622 6
623 6
624 7
625 10
626 7
627 7
628 7
629 9
630 7
631 8
632 4
633 11
634 7
635 12
636 10
637 13
638 7
639 7
640 7
641 4
642 11
643 7
644 8
645 8
646 4
647 7
648 10
649 9
650 6
651 10
652 12
653 6
654 5
655 7
656 7
657 10
658 4
659 8
660 8
661 12
662 11
663 13
664 6
665 9
666 9
667 10
668 8
669 14
670 10
671 18
672 10
673 11
674 7
675 6
676 11
677 12
678 8
679 6
680 12
681 8
682 4
683 9
684 6
685 8
686 8
687 8
688 17
689 6
690 5
691 14
692 11
693 9
694 12
695 13
696 10
697 9
698 11
699 8
700 9
701 8
702 8
703 8
704 9
705 6
706 9
707 14
708 7
709 11
710 15
711 12
712 10
713 11
714 11
715 5
716 11
717 8
718 10
719 8
720 14
721 16
722 9
723 12
724 12
725 5
726 6
727 16
728 11
729 7
730 11
731 10
732 5
733 11
734 11
735 4
736 7
737 16
738 11
739 12
740 11
741 8
742 8
743 9
744 9
745 10
746 7
747 8
748 15
749 11
750 10
751 5
752 12
753 10
754 10
755 12
756 19
757 15
758 13
759 11
760 9
761 10
762 7
763 14
764 11
765 4
766 15
767 10
768 10
769 11
770 15
771 11
772 8
773 12
774 10
775 9
776 8
777 9
778 9
779 7
780 10
781 9
782 21
783 8
784 16
785 9
786 12
787 15
788 8
789 16
790 6
791 9
792 5
793 9
794 10
795 13
796 8
797 14
798 10
799 9
800 17
801 8
802 10
803 11
804 11
805 5
806 9
807 11
808 17
809 8
810 8
811 14
812 13
813 14
814 12
815 17
816 14
817 10
818 15
819 8
820 11
821 10
822 11
823 14
824 17
825 9
826 15
827 7
828 18
829 22
830 7
831 12
832 8
833 19
834 12
835 10
836 14
837 16
838 11
839 11
840 8
841 16
842 10
843 8
844 10
845 16
846 9
847 16
848 8
849 9
850 13
851 12
852 17
853 10
854 8
855 13
856 10
857 11
858 9
859 12
860 16
861 14
862 4
863 7
864 11
865 7
866 10
867 13
868 9
869 23
870 8
871 14
872 13
873 9
874 13
875 10
876 20
877 16
878 17
879 12
880 12
881 12
882 13
883 14
884 14
885 11
886 18
887 21
888 14
889 11
890 14
891 13
892 17
893 13
894 13
895 12
896 11
897 17
898 11
899 13
900 7
901 15
902 9
903 10
904 5
905 14
906 18
907 9
908 14
909 15
910 13
911 11
912 18
913 13
914 10
915 15
916 15
917 15
918 19
919 17
920 23
921 17
922 11
923 10
924 13
925 14
926 11
927 7
928 11
929 12
930 13
931 9
932 20
933 14
934 17
935 18
936 17
937 17
938 11
939 18
940 21
941 18
942 12
943 16
944 6
945 21
946 23
947 18
948 18
949 19
950 23
951 22
952 14
953 8
954 14
955 13
956 15
957 12
958 17
959 11
960 15
961 13
962 17
963 15
964 16
965 23
966 12
967 16
968 18
969 19
970 13
971 19
972 20
973 15
974 20
975 15
976 19
977 13
978 11
979 13
980 17
981 17
982 14
983 15
984 16
985 15
986 9
987 18
988 19
989 17
990 15
991 15
992 19
993 16
994 19
995 18
996 13
997 16
998 26
999 11
1000 18
1001 12
1002 23
1003 20
1004 22
1005 18
1006 21
1007 19
1008 16
1009 13
1010 20
1011 11
1012 18
1013 16
1014 14
1015 19
1016 13
1017 17
1018 9
1019 19
1020 32
1021 26
1022 19
1023 20
1024 26
1025 18
1026 14
1027 22
1028 18
1029 28
1030 20
1031 20
1032 20
1033 14
1034 20
1035 21
1036 17
1037 23
1038 20
1039 22
1040 22
1041 19
1042 22
1043 14
1044 27
1045 28
1046 22
1047 15
1048 18
1049 17
1050 19
1051 26
1052 23
1053 19
1054 28
1055 25
1056 26
1057 22
1058 17
1059 13
1060 11
1061 15
1062 29
1063 22
1064 21
1065 22
1066 19
1067 27
1068 20
1069 19
1070 15
1071 12
1072 23
1073 31
1074 20
1075 14
1076 13
1077 21
1078 19
1079 26
1080 32
1081 20
1082 28
1083 17
1084 23
1085 21
1086 20
1087 20
1088 23
1089 26
1090 31
1091 29
1092 27
1093 27
1094 19
1095 21
1096 24
1097 24
1098 28
1099 17
1100 30
1101 26
1102 22
1103 23
1104 25
1105 22
1106 29
1107 27
1108 26
1109 20
1110 26
1111 21
1112 23
1113 22
1114 22
1115 24
1116 20
1117 23
1118 25
1119 24
1120 22
1121 28
1122 19
1123 21
1124 36
1125 15
1126 22
1127 27
1128 15
1129 25
1130 14
1131 28
1132 23
1133 28
1134 23
1135 24
1136 22
1137 18
1138 28
1139 17
1140 30
1141 19
1142 31
1143 24
1144 23
1145 25
1146 19
1147 24
1148 26
1149 21
1150 29
1151 19
1152 23
1153 36
1154 33
1155 28
1156 31
1157 20
1158 35
1159 23
1160 24
1161 26
1162 33
1163 24
1164 24
1165 33
1166 26
1167 31
1168 30
1169 29
1170 21
1171 29
1172 33
1173 24
1174 31
1175 19
1176 28
1177 23
1178 25
1179 31
1180 33
1181 24
1182 26
1183 25
1184 26
1185 23
1186 31
1187 30
1188 18
1189 32
1190 31
1191 36
1192 36
1193 35
1194 26
1195 24
1196 38
1197 39
1198 23
1199 35
1200 31
1201 22
1202 21
1203 27
1204 34
1205 20
1206 23
1207 28
1208 29
1209 29
1210 18
1211 18
1212 30
1213 27
1214 36
1215 31
1216 31
1217 29
1218 30
1219 24
1220 28
1221 32
1222 28
1223 19
1224 29
1225 37
1226 28
1227 35
1228 21
1229 31
1230 33
1231 42
1232 25
1233 33
1234 31
1235 26
1236 38
1237 17
1238 23
1239 21
1240 31
1241 28
1242 34
1243 35
1244 31
1245 28
1246 31
1247 45
1248 30
1249 31
1250 32
1251 34
1252 29
1253 36
1254 33
1255 32
1256 32
1257 28
1258 40
1259 32
1260 40
1261 31
1262 33
1263 28
1264 31
1265 37
1266 40
1267 33
1268 32
1269 46
1270 47
1271 36
1272 37
1273 33
1274 38
1275 34
1276 32
1277 34
1278 42
1279 22
1280 31
1281 40
1282 34
1283 40
1284 40
1285 40
1286 33
1287 36
1288 39
1289 34
1290 36
1291 40
1292 29
1293 41
1294 36
1295 36
1296 38
1297 43
1298 45
1299 40
1300 49
1301 32
1302 30
1303 31
1304 32
1305 37
1306 34
1307 33
1308 33
1309 44
1310 33
1311 21
1312 49
1313 33
1314 47
1315 39
1316 48
1317 46
1318 43
1319 46
1320 44
1321 31
1322 37
1323 33
1324 48
1325 45
1326 44
1327 44
1328 26
1329 40
1330 43
1331 39
1332 47
1333 41
1334 44
1335 42
1336 46
1337 49
1338 31
1339 33
1340 44
1341 28
1342 50
1343 39
1344 46
1345 41
1346 33
1347 32
1348 42
1349 44
1350 37
1351 41
1352 57
1353 37
1354 33
1355 30
1356 50
1357 33
1358 44
1359 35
1360 56
1361 42
1362 49
1363 49
1364 38
1365 58
1366 38
1367 38
1368 38
1369 43
1370 45
1371 48
1372 32
1373 43
1374 44
1375 34
1376 38
1377 38
1378 53
1379 41
1380 41
1381 41
1382 50
1383 52
1384 45
1385 40
1386 44
1387 42
1388 33
1389 53
1390 27
1391 47
1392 46
1393 48
1394 39
1395 42
1396 44
1397 50
1398 43
1399 48
1400 44
1401 36
1402 44
1403 41
1404 44
1405 38
1406 39
1407 40
1408 47
1409 47
1410 33
1411 44
1412 42
1413 37
1414 43
1415 41
1416 36
1417 38
1418 43
1419 30
1420 50
1421 53
1422 48
1423 48
1424 34
1425 45
1426 43
1427 45
1428 41
1429 43
1430 40
1431 39
1432 53
1433 44
1434 39
1435 53
1436 38
1437 49
1438 42
1439 50
1440 48
1441 36
1442 48
1443 55
1444 44
1445 51
1446 49
1447 43
1448 35
1449 38
1450 42
1451 43
1452 41
1453 53
1454 42
1455 54
1456 44
1457 45
1458 49
1459 42
1460 48
1461 39
1462 46
1463 39
1464 53
1465 33
1466 46
1467 52
1468 46
1469 39
1470 39
1471 39
1472 45
1473 45
1474 50
1475 57
1476 43
1477 48
1478 49
1479 42
1480 38
1481 44
1482 45
1483 45
1484 45
1485 45
1486 65
1487 42
1488 51
1489 46
1490 38
1491 40
1492 60
1493 41
1494 47
1495 43
1496 44
1497 50
1498 37
1499 56
1500 49
1501 45
1502 44
1503 40
1504 48
1505 41
1506 38
1507 51
1508 47
1509 47
1510 53
1511 45
1512 50
1513 47
1514 54
1515 49
1516 50
1517 38
1518 52
1519 45
1520 52
1521 45
1522 45
1523 47
1524 42
1525 36
1526 40
1527 31
1528 44
1529 49
1530 64
1531 47
1532 36
1533 54
1534 60
1535 40
1536 52
1537 47
1538 44
1539 37
1540 37
1541 51
1542 49
1543 40
1544 38
1545 44
1546 51
1547 46
1548 48
1549 43
1550 54
1551 45
1552 44
1553 57
1554 41
1555 38
1556 52
1557 37
1558 39
1559 42
1560 51
1561 44
1562 40
1563 41
1564 44
1565 36
1566 42
1567 58
1568 26
1569 39
1570 54
1571 34
1572 38
1573 43
1574 47
1575 33
1576 38
1577 45
1578 55
1579 45
1580 42
1581 34
1582 43
1583 46
1584 38
1585 43
1586 37
1587 38
1588 45
1589 41
1590 38
1591 39
1592 46
1593 41
1594 55
1595 33
1596 34
1597 42
1598 40
1599 42
1600 37
1601 39
1602 43
1603 36
1604 46
1605 45
1606 44
1607 31
1608 50
1609 49
1610 33
1611 41
1612 37
1613 48
1614 39
1615 42
1616 46
1617 25
1618 35
1619 30
1620 34
1621 38
1622 40
1623 45
1624 45
1625 43
1626 45
1627 44
1628 35
1629 46
1630 45
1631 41
1632 30
1633 36
1634 45
1635 27
1636 34
1637 36
1638 30
1639 42
1640 40
1641 34
1642 37
1643 44
1644 29
1645 34
1646 35
1647 34
1648 46
1649 39
1650 43
1651 40
1652 29
1653 40
1654 39
1655 31
1656 27
1657 24
1658 40
1659 35
1660 38
1661 37
1662 38
1663 44
1664 37
1665 43
1666 46
1667 26
1668 44
1669 35
1670 40
1671 35
1672 36
1673 39
1674 34
1675 35
1676 44
1677 36
1678 37
1679 32
1680 27
1681 41
1682 38
1683 30
1684 35
1685 32
1686 34
1687 26
1688 35
1689 31
1690 35
1691 31
1692 37
1693 34
1694 28
1695 25
1696 29
1697 29
1698 31
1699 24
1700 38
1701 37
1702 30
1703 29
1704 32
1705 33
1706 20
1707 29
1708 32
1709 28
1710 32
1711 32
1712 24
1713 32
1714 38
1715 29
1716 29
1717 26
1718 29
1719 24
1720 30
1721 25
1722 35
1723 30
1724 29
1725 24
1726 36
1727 23
1728 18
1729 27
1730 31
1731 22
1732 32
1733 35
1734 25
1735 30
1736 30
1737 24
1738 29
1739 30
1740 26
1741 24
1742 38
1743 27
1744 18
1745 32
1746 22
1747 31
1748 23
1749 27
1750 28
1751 24
1752 24
1753 26
1754 22
1755 27
1756 19
1757 21
1758 34
1759 25
1760 22
1761 26
1762 23
1763 20
1764 26
1765 24
1766 20
1767 22
1768 21
1769 28
1770 21
1771 30
1772 20
1773 21
1774 32
1775 34
1776 26
1777 20
1778 28
1779 20
1780 19
1781 28
1782 19
1783 24
1784 29
1785 13
1786 25
1787 28
1788 27
1789 27
1790 23
1791 27
1792 22
1793 18
1794 25
1795 30
1796 23
1797 29
1798 21
1799 23
1800 26
1801 28
1802 23
1803 19
1804 23
1805 23
1806 23
1807 20
1808 27
1809 27
1810 27
1811 31
1812 19
1813 32
1814 23
1815 28
1816 22
1817 22
1818 12
1819 16
1820 28
1821 11
1822 13
1823 22
1824 15
1825 16
1826 20
1827 18
1828 22
1829 14
1830 15
1831 25
1832 19
1833 14
1834 19
1835 16
1836 18
1837 15
1838 15
1839 13
1840 17
1841 7
1842 24
1843 19
1844 19
1845 19
1846 22
1847 15
1848 16
1849 12
1850 18
1851 18
1852 17
1853 26
1854 20
1855 11
1856 15
1857 15
1858 26
1859 17
1860 15
1861 18
1862 16
1863 17
1864 20
1865 18
1866 19
1867 17
1868 20
1869 17
1870 18
1871 15
1872 16
1873 19
1874 21
1875 19
1876 23
1877 12
1878 20
1879 15
1880 11
1881 8
1882 18
1883 12
1884 11
1885 13
1886 12
1887 15
1888 11
1889 10
1890 13
1891 9
1892 14
1893 8
1894 10
1895 11
1896 14
1897 8
1898 11
1899 11
1900 11
1901 11
1902 9
1903 15
1904 9
1905 15
1906 11
1907 9
1908 8
1909 7
1910 6
1911 10
1912 5
1913 6
1914 12
1915 13
1916 13
1917 7
1918 17
1919 4
1920 11
1921 12
1922 9
1923 12
1924 13
1925 14
1926 11
1927 7
1928 9
1929 6
1930 13
1931 8
1932 9
1933 9
1934 10
1935 8
1936 7
1937 10
1938 4
1939 11
1940 14
1941 10
1942 2
1943 12
1944 11
1945 8
1946 7
1947 5
1948 7
1949 12
1950 8
1951 10
1952 12
1953 5
1954 10
1955 12
1956 10
1957 5
1958 8
1959 12
1960 9
1961 8
1962 8
1963 6
1964 6
1965 7
1966 7
1967 5
1968 5
1969 6
1970 12
1971 7
1972 8
1973 5
1974 5
1975 8
1976 4
1977 9
1978 2
1979 7
1980 6
1981 7
1982 9
1983 6
1984 4
1985 6
1986 5
1987 5
1988 3
1989 3
1990 4
1991 8
1992 6
1993 6
1994 7
1995 6
1996 4
1997 4
1998 9
1999 5
2000 9
2001 5
2002 3
2003 6
2004 4
2005 6
2006 9
2007 10
2008 4
2009 4
2010 9
2011 7
2012 6
2013 7
2014 3
2015 5
2016 6
2017 4
2018 3
2019 3
2020 4
2021 7
2022 5
2023 5
2024 6
2025 7
2026 2
2027 1
2028 3
2029 1
2030 4
2031 5
2032 5
2033 2
2034 4
2035 2
2036 2
2037 3
2038 1
2039 2
2040 6
2041 4
2042 2
2043 1
2045 2
2046 6
2047 4
2048 2
2049 2
2050 5
2051 2
2052 3
2053 3
2054 2
2056 2
2057 2
2058 5
2059 1
2060 2
2061 1
2062 1
2063 3
2064 2
2065 2
2066 1
2067 1
2068 4
2069 3
2070 5
2072 2
2073 3
2074 5
2075 3
2076 2
2077 3
2078 6
2079 3
2080 2
2081 1
2082 2
2083 5
2084 1
2085 2
2086 6
2087 1
2088 1
2090 3
2091 1
2093 2
2096 3
2097 5
2098 1
2100 2
2101 4
2102 2
2103 5
2104 1
2105 3
2106 3
2107 2
2109 2
2110 2
2111 2
2112 1
2115 2
2116 1
2118 1
2119 2
2120 2
2123 2
2125 2
2126 3
2127 2
2128 2
2129 3
2130 1
2133 2
2136 1
2137 1
2138 1
2139 2
2140 2
2141 1
2142 3
2144 3
2145 3
2147 2
2148 1
2149 1
2150 1
2151 1
2152 2
2157 1
2158 1
2159 1
2160 1
2161 2
2162 1
2163 2
2164 1
2165 2
2168 1
2169 2
2170 1
2171 3
2172 1
2173 2
2174 1
2175 2
2176 2
2180 1
2184 1
2186 1
2187 2
2188 1
2192 1
2198 1
2207 1
2210 2
2211 1
2212 1
2215 1
2216 1
2219 2
2220 1
2221 1
2223 1
2224 1
2228 1
2231 1
2232 1
2233 1
2235 2
2237 1
2245 1
2246 3
2250 1
2253 1
2255 1
2263 1
2264 1
2266 1
2273 1
2278 1
2279 1
2315 1
2318 2
2344 1
2362 1
2373 1
2375 1
2386 1
