500 600000 10
1 1981
2 1302
3 996
4 834
5 742
6 655
7 599
8 532
9 526
10 472
11 431
12 466
13 370
14 345
15 364
16 349
17 334
18 282
19 339
20 288
21 281
22 262
23 282
24 269
25 273
26 232
27 258
28 259
29 239
30 223
31 263
32 258
33 256
34 249
35 216
36 213
37 196
38 194
39 224
40 211
41 238
42 187
43 216
44 231
45 199
46 233
47 197
48 199
49 210
50 183
51 220
52 187
53 185
54 194
55 185
56 180
57 181
58 184
59 198
60 200
61 213
62 174
63 190
64 183
65 190
66 154
67 208
68 163
69 186
70 179
71 160
72 188
73 175
74 190
75 161
76 164
77 200
78 184
79 169
80 161
81 163
82 169
83 150
84 178
85 172
86 159
87 161
88 162
89 205
90 163
91 185
92 157
93 180
94 139
95 141
96 151
97 160
98 184
99 155
100 160
101 166
102 143
103 172
104 161
105 142
106 156
107 167
108 145
109 164
110 166
111 168
112 174
113 164
114 161
115 165
116 155
117 150
118 148
119 144
120 131
121 179
122 158
123 153
124 161
125 152
126 168
127 162
128 160
129 138
130 170
131 147
132 164
133 157
134 153
135 173
136 163
137 141
138 166
139 157
140 158
141 175
142 138
143 164
144 156
145 150
146 161
147 142
148 183
149 146
150 162
151 148
152 149
153 174
154 160
155 179
156 140
157 155
158 161
159 178
160 150
161 173
162 165
163 127
164 160
165 153
166 152
167 150
168 189
169 192
170 139
171 170
172 156
173 149
174 186
175 179
176 170
177 172
178 146
179 166
180 164
181 167
182 174
183 177
184 175
185 161
186 148
187 151
188 188
189 180
190 178
191 162
192 170
193 163
194 158
195 177
196 154
197 139
198 176
199 157
200 164
201 164
202 151
203 180
204 165
205 169
206 167
207 166
208 174
209 171
210 182
211 161
212 178
213 191
214 172
215 166
216 172
217 153
218 164
219 186
220 168
221 152
222 158
223 191
224 174
225 169
226 184
227 151
228 156
229 160
230 158
231 167
232 189
233 170
234 186
235 176
236 182
237 171
238 195
239 179
240 173
241 145
242 186
243 189
244 176
245 169
246 196
247 193
248 144
249 182
250 174
251 192
252 187
253 164
254 151
255 210
256 186
257 170
258 181
259 179
260 192
261 189
262 167
263 176
264 177
265 187
266 185
267 209
268 155
269 183
270 172
271 173
272 190
273 205
274 189
275 180
276 210
277 213
278 213
279 157
280 192
281 181
282 182
283 210
284 206
285 180
286 173
287 186
288 180
289 178
290 183
291 215
292 188
293 186
294 187
295 164
296 206
297 207
298 192
299 202
300 183
301 212
302 195
303 196
304 180
305 170
306 184
307 215
308 176
309 203
310 198
311 214
312 204
313 205
314 202
315 195
316 192
317 205
318 195
319 219
320 205
321 191
322 183
323 213
324 198
325 201
326 216
327 206
328 184
329 190
330 197
331 218
332 225
333 195
334 203
335 200
336 216
337 194
338 232
339 197
340 178
341 199
342 186
343 209
344 206
345 208
346 211
347 207
348 213
349 215
350 207
351 205
352 208
353 204
354 212
355 217
356 216
357 219
358 218
359 207
360 213
361 213
362 208
363 206
364 206
365 218
366 223
367 200
368 194
369 238
370 218
371 229
372 229
373 250
374 214
375 191
376 204
377 249
378 216
379 220
380 223
381 225
382 235
383 239
384 227
385 219
386 229
387 208
388 226
389 205
390 231
391 246
392 210
393 189
394 261
395 212
396 227
397 241
398 236
399 211
400 224
401 220
402 244
403 261
404 232
405 228
406 228
407 251
408 222
409 225
410 215
411 243
412 221
413 230
414 241
415 230
416 238
417 230
418 227
419 246
420 228
421 248
422 212
423 216
424 256
425 234
426 265
427 239
428 259
429 225
430 254
431 226
432 262
433 261
434 240
435 254
436 224
437 243
438 245
439 248
440 243
441 226
442 248
443 235
444 251
445 257
446 218
447 237
448 267
449 241
450 245
451 245
452 231
453 252
454 239
455 270
456 224
457 251
458 224
459 241
460 232
461 246
462 251
463 265
464 269
465 256
466 251
467 214
468 283
469 245
470 263
471 264
472 268
473 252
474 280
475 251
476 270
477 253
478 270
479 271
480 257
481 266
482 253
483 296
484 275
485 285
486 238
487 268
488 261
489 278
490 271
491 259
492 228
493 272
494 281
495 257
496 250
497 290
498 276
499 256
500 280
501 275
502 272
503 296
504 265
505 283
506 263
507 276
508 259
509 272
510 260
511 263
512 269
513 283
514 272
515 265
516 282
517 283
518 272
519 266
520 279
521 300
522 289
523 257
524 297
525 280
526 291
527 288
528 266
529 287
530 275
531 273
532 272
533 280
534 265
535 282
536 279
537 282
538 236
539 252
540 300
541 334
542 279
543 305
544 312
545 300
546 288
547 256
548 284
549 262
550 306
551 291
552 275
553 286
554 296
555 271
556 289
557 284
558 302
559 309
560 285
561 275
562 299
563 321
564 303
565 295
566 294
567 248
568 305
569 302
570 316
571 296
572 271
573 304
574 293
575 337
576 301
577 278
578 309
579 283
580 276
581 292
582 311
583 288
584 309
585 290
586 320
587 314
588 308
589 274
590 299
591 298
592 290
593 309
594 307
595 322
596 293
597 288
598 321
599 316
600 312
601 299
602 314
603 288
604 297
605 329
606 287
607 307
608 320
609 301
610 304
611 326
612 316
613 308
614 339
615 303
616 327
617 289
618 347
619 337
620 319
621 339
622 331
623 327
624 328
625 295
626 333
627 309
628 295
629 332
630 341
631 312
632 313
633 329
634 319
635 318
636 334
637 319
638 311
639 335
640 329
641 328
642 334
643 335
644 319
645 308
646 313
647 337
648 343
649 307
650 341
651 318
652 360
653 326
654 355
655 310
656 340
657 301
658 331
659 324
660 369
661 339
662 351
663 360
664 338
665 348
666 343
667 345
668 373
669 367
670 329
671 335
672 323
673 332
674 350
675 321
676 338
677 352
678 324
679 366
680 353
681 339
682 356
683 324
684 331
685 340
686 350
687 367
688 337
689 362
690 371
691 363
692 351
693 368
694 372
695 334
696 343
697 352
698 349
699 337
700 339
701 356
702 356
703 371
704 347
705 347
706 353
707 371
708 358
709 370
710 353
711 398
712 385
713 328
714 374
715 356
716 339
717 360
718 355
719 387
720 407
721 385
722 348
723 352
724 367
725 357
726 360
727 390
728 315
729 380
730 366
731 363
732 352
733 398
734 375
735 392
736 346
737 321
738 359
739 365
740 383
741 395
742 334
743 309
744 355
745 324
746 386
747 376
748 377
749 372
750 390
751 360
752 376
753 369
754 342
755 366
756 352
757 351
758 398
759 383
760 334
761 391
762 396
763 341
764 406
765 385
766 382
767 382
768 369
769 389
770 397
771 377
772 362
773 359
774 376
775 387
776 388
777 368
778 379
779 336
780 362
781 356
782 397
783 407
784 416
785 419
786 405
787 377
788 389
789 389
790 402
791 369
792 367
793 387
794 376
795 383
796 407
797 389
798 408
799 422
800 383
801 348
802 394
803 397
804 416
805 426
806 388
807 431
808 355
809 368
810 380
811 387
812 403
813 406
814 393
815 394
816 390
817 383
818 389
819 389
820 422
821 367
822 365
823 373
824 404
825 388
826 379
827 393
828 374
829 367
830 393
831 384
832 377
833 434
834 386
835 412
836 423
837 387
838 399
839 385
840 429
841 406
842 414
843 404
844 406
845 394
846 415
847 421
848 374
849 384
850 414
851 392
852 429
853 414
854 411
855 402
856 402
857 417
858 397
859 384
860 434
861 400
862 396
863 411
864 438
865 388
866 437
867 400
868 415
869 387
870 412
871 442
872 403
873 406
874 430
875 364
876 432
877 418
878 399
879 432
880 377
881 380
882 388
883 377
884 388
885 397
886 414
887 426
888 385
889 389
890 357
891 403
892 432
893 417
894 400
895 408
896 386
897 393
898 417
899 393
900 401
901 384
902 392
903 419
904 430
905 413
906 398
907 360
908 419
909 377
910 400
911 400
912 416
913 415
914 415
915 431
916 418
917 415
918 417
919 433
920 428
921 414
922 428
923 397
924 417
925 434
926 415
927 415
928 398
929 408
930 411
931 393
932 395
933 371
934 416
935 422
936 422
937 412
938 380
939 427
940 398
941 366
942 395
943 403
944 398
945 423
946 423
947 424
948 396
949 380
950 403
951 444
952 371
953 417
954 405
955 396
956 422
957 384
958 427
959 415
960 440
961 408
962 407
963 395
964 445
965 435
966 391
967 418
968 410
969 371
970 391
971 365
972 395
973 418
974 397
975 363
976 417
977 380
978 444
979 397
980 410
981 387
982 431
983 394
984 424
985 386
986 376
987 409
988 397
989 403
990 396
991 418
992 393
993 416
994 399
995 430
996 391
997 387
998 381
999 400
1000 389
1001 427
1002 396
1003 411
1004 397
1005 397
1006 368
1007 408
1008 399
1009 408
1010 383
1011 411
1012 419
1013 386
1014 382
1015 394
1016 385
1017 409
1018 403
1019 410
1020 372
1021 391
1022 393
1023 402
1024 411
1025 412
1026 417
1027 411
1028 404
1029 393
1030 358
1031 422
1032 381
1033 396
1034 380
1035 389
1036 410
1037 404
1038 374
1039 419
1040 382
1041 408
1042 344
1043 388
1044 406
1045 349
1046 401
1047 389
1048 410
1049 389
1050 370
1051 363
1052 378
1053 375
1054 386
1055 401
1056 413
1057 384
1058 382
1059 402
1060 402
1061 369
1062 385
1063 374
1064 378
1065 386
1066 382
1067 389
1068 372
1069 397
1070 366
1071 364
1072 391
1073 419
1074 366
1075 370
1076 370
1077 375
1078 359
1079 373
1080 390
1081 396
1082 367
1083 364
1084 385
1085 366
1086 392
1087 387
1088 360
1089 324
1090 366
1091 351
1092 317
1093 346
1094 350
1095 388
1096 351
1097 364
1098 360
1099 349
1100 353
1101 355
1102 365
1103 364
1104 375
1105 344
1106 340
1107 379
1108 378
1109 360
1110 370
1111 374
1112 347
1113 384
1114 346
1115 356
1116 360
1117 324
1118 347
1119 334
1120 351
1121 351
1122 341
1123 358
1124 353
1125 357
1126 354
1127 371
1128 354
1129 334
1130 306
1131 329
1132 333
1133 318
1134 295
1135 348
1136 307
1137 347
1138 320
1139 342
1140 310
1141 328
1142 338
1143 324
1144 323
1145 311
1146 320
1147 312
1148 349
1149 307
1150 316
1151 278
1152 335
1153 316
1154 309
1155 308
1156 342
1157 313
1158 298
1159 324
1160 297
1161 321
1162 337
1163 324
1164 305
1165 287
1166 313
1167 330
1168 265
1169 294
1170 312
1171 284
1172 285
1173 285
1174 277
1175 294
1176 295
1177 289
1178 326
1179 295
1180 282
1181 287
1182 265
1183 268
1184 289
1185 314
1186 304
1187 299
1188 280
1189 316
1190 279
1191 275
1192 299
1193 272
1194 268
1195 293
1196 267
1197 280
1198 288
1199 285
1200 299
1201 254
1202 268
1203 274
1204 301
1205 304
1206 267
1207 215
1208 274
1209 264
1210 259
1211 251
1212 250
1213 265
1214 263
1215 270
1216 245
1217 281
1218 269
1219 249
1220 266
1221 253
1222 282
1223 252
1224 272
1225 233
1226 278
1227 261
1228 265
1229 263
1230 255
1231 225
1232 245
1233 225
1234 222
1235 230
1236 221
1237 237
1238 234
1239 262
1240 236
1241 218
1242 240
1243 237
1244 245
1245 227
1246 238
1247 229
1248 243
1249 228
1250 199
1251 219
1252 238
1253 239
1254 206
1255 228
1256 229
1257 213
1258 198
1259 200
1260 248
1261 213
1262 200
1263 214
1264 227
1265 215
1266 211
1267 210
1268 221
1269 242
1270 202
1271 221
1272 185
1273 198
1274 194
1275 188
1276 183
1277 193
1278 202
1279 184
1280 163
1281 183
1282 198
1283 201
1284 214
1285 193
1286 221
1287 198
1288 165
1289 210
1290 178
1291 205
1292 196
1293 182
1294 200
1295 195
1296 188
1297 201
1298 164
1299 170
1300 182
1301 182
1302 177
1303 178
1304 171
1305 174
1306 172
1307 150
1308 179
1309 178
1310 192
1311 173
1312 156
1313 144
1314 173
1315 140
1316 162
1317 168
1318 177
1319 176
1320 157
1321 173
1322 159
1323 154
1324 157
1325 178
1326 154
1327 136
1328 148
1329 122
1330 119
1331 143
1332 140
1333 120
1334 134
1335 132
1336 140
1337 142
1338 144
1339 134
1340 142
1341 120
1342 123
1343 127
1344 126
1345 155
1346 127
1347 130
1348 134
1349 144
1350 128
1351 135
1352 118
1353 125
1354 132
1355 126
1356 123
1357 136
1358 119
1359 119
1360 124
1361 133
1362 112
1363 109
1364 115
1365 114
1366 109
1367 124
1368 119
1369 115
1370 118
1371 115
1372 113
1373 113
1374 96
1375 123
1376 98
1377 108
1378 103
1379 118
1380 102
1381 99
1382 95
1383 112
1384 100
1385 102
1386 105
1387 107
1388 98
1389 90
1390 109
1391 96
1392 94
1393 104
1394 79
1395 93
1396 89
1397 102
1398 96
1399 71
1400 99
1401 87
1402 90
1403 90
1404 93
1405 103
1406 92
1407 90
1408 96
1409 84
1410 85
1411 95
1412 73
1413 71
1414 81
1415 74
1416 80
1417 83
1418 77
1419 76
1420 74
1421 71
1422 83
1423 80
1424 76
1425 61
1426 82
1427 67
1428 83
1429 76
1430 65
1431 70
1432 64
1433 66
1434 77
1435 63
1436 64
1437 70
1438 69
1439 68
1440 56
1441 62
1442 63
1443 68
1444 75
1445 56
1446 60
1447 54
1448 59
1449 60
1450 55
1451 61
1452 72
1453 58
1454 60
1455 60
1456 53
1457 49
1458 62
1459 54
1460 49
1461 40
1462 44
1463 56
1464 53
1465 52
1466 49
1467 53
1468 61
1469 51
1470 59
1471 52
1472 43
1473 35
1474 49
1475 45
1476 57
1477 55
1478 46
1479 29
1480 38
1481 41
1482 49
1483 43
1484 38
1485 41
1486 39
1487 41
1488 42
1489 47
1490 39
1491 40
1492 33
1493 36
1494 39
1495 37
1496 32
1497 34
1498 37
1499 40
1500 40
1501 29
1502 26
1503 37
1504 29
1505 30
1506 31
1507 35
1508 33
1509 33
1510 33
1511 30
1512 33
1513 37
1514 26
1515 41
1516 32
1517 28
1518 29
1519 25
1520 21
1521 22
1522 31
1523 20
1524 28
1525 28
1526 20
1527 28
1528 26
1529 23
1530 25
1531 33
1532 16
1533 24
1534 17
1535 33
1536 21
1537 33
1538 29
1539 22
1540 23
1541 24
1542 22
1543 29
1544 27
1545 17
1546 19
1547 15
1548 18
1549 15
1550 16
1551 16
1552 17
1553 14
1554 20
1555 17
1556 10
1557 14
1558 15
1559 16
1560 15
1561 17
1562 15
1563 18
1564 14
1565 17
1566 11
1567 17
1568 14
1569 20
1570 18
1571 15
1572 8
1573 20
1574 12
1575 11
1576 13
1577 20
1578 8
1579 15
1580 7
1581 14
1582 11
1583 4
1584 11
1585 10
1586 13
1587 18
1588 16
1589 17
1590 13
1591 9
1592 11
1593 11
1594 13
1595 6
1596 7
1597 6
1598 13
1599 9
1600 11
1601 10
1602 12
1603 8
1604 9
1605 4
1606 9
1607 12
1608 8
1609 6
1610 5
1611 9
1612 11
1613 7
1614 8
1615 4
1616 13
1617 2
1618 4
1619 5
1620 3
1621 5
1622 3
1623 10
1624 5
1625 6
1626 7
1627 4
1628 8
1629 6
1630 2
1631 7
1632 3
1633 10
1634 2
1635 11
1636 5
1637 9
1638 5
1639 5
1640 7
1641 7
1642 3
1643 7
1644 4
1645 3
1646 5
1647 6
1648 4
1649 3
1650 3
1651 5
1652 5
1653 1
1654 6
1655 6
1656 4
1657 3
1658 5
1659 3
1660 2
1661 4
1662 2
1663 2
1664 5
1665 5
1666 4
1667 2
1668 1
1669 3
1670 2
1671 8
1672 5
1673 4
1674 3
1675 2
1676 5
1677 1
1678 1
1679 4
1680 1
1681 3
1682 2
1684 6
1685 2
1686 1
1687 2
1688 1
1689 2
1690 2
1691 3
1692 1
1693 1
1694 5
1695 3
1697 2
1698 1
1699 1
1700 1
1701 1
1702 2
1705 1
1706 5
1707 2
1708 2
1709 3
1711 3
1712 2
1714 2
1715 1
1716 1
1717 1
1718 1
1719 1
1722 1
1723 1
1726 1
1727 1
1728 1
1730 3
1731 1
1732 1
1733 1
1734 1
1735 3
1736 2
1738 1
1739 1
1741 1
1752 1
1754 1
1759 1
1762 1
1763 1
1764 1
1768 1
1769 1
1770 1
1772 2
1775 1
1783 1
1788 1
1793 1
1794 1
1808 1
1827 1
1849 1
1854 1
1857 1
1864 1
1914 1
