500 200000 10
1 3645
2 2378
3 1728
4 1440
5 1292
6 1107
7 1020
8 899
9 832
10 805
11 779
12 741
13 641
14 626
15 625
16 566
17 542
18 594
19 518
20 538
21 507
22 491
23 481
24 464
25 460
26 456
27 455
28 459
29 430
30 388
31 428
32 370
33 408
34 358
35 389
36 380
37 379
38 388
39 415
40 360
41 339
42 351
43 364
44 359
45 332
46 316
47 333
48 334
49 315
50 332
51 347
52 333
53 310
54 281
55 304
56 291
57 308
58 302
59 295
60 296
61 309
62 305
63 284
64 320
65 292
66 283
67 300
68 290
69 274
70 279
71 277
72 270
73 281
74 310
75 308
76 327
77 272
78 268
79 294
80 270
81 290
82 273
83 256
84 283
85 266
86 296
87 280
88 256
89 297
90 268
91 292
92 257
93 275
94 294
95 252
96 274
97 275
98 271
99 272
100 287
101 286
102 250
103 281
104 291
105 272
106 290
107 287
108 279
109 232
110 245
111 269
112 280
113 267
114 266
115 267
116 263
117 296
118 266
119 278
120 267
121 277
122 257
123 290
124 276
125 258
126 272
127 281
128 287
129 276
130 267
131 282
132 279
133 249
134 255
135 280
136 272
137 272
138 285
139 276
140 232
141 280
142 293
143 282
144 281
145 273
146 278
147 272
148 326
149 254
150 288
151 297
152 272
153 283
154 290
155 330
156 309
157 292
158 301
159 296
160 315
161 328
162 332
163 276
164 294
165 301
166 266
167 309
168 319
169 309
170 277
171 302
172 325
173 311
174 322
175 316
176 335
177 321
178 308
179 314
180 311
181 350
182 320
183 329
184 364
185 344
186 341
187 323
188 320
189 352
190 302
191 330
192 318
193 343
194 323
195 366
196 338
197 333
198 323
199 331
200 335
201 349
202 360
203 364
204 369
205 360
206 372
207 350
208 384
209 389
210 361
211 397
212 382
213 348
214 368
215 391
216 344
217 371
218 382
219 384
220 409
221 357
222 372
223 425
224 383
225 419
226 403
227 394
228 395
229 400
230 446
231 409
232 370
233 439
234 473
235 450
236 437
237 443
238 404
239 425
240 455
241 445
242 474
243 488
244 496
245 476
246 420
247 459
248 495
249 449
250 511
251 467
252 496
253 539
254 503
255 482
256 520
257 504
258 510
259 500
260 505
261 572
262 488
263 582
264 544
265 542
266 526
267 559
268 582
269 526
270 573
271 593
272 574
273 623
274 603
275 574
276 609
277 572
278 571
279 580
280 629
281 596
282 670
283 625
284 633
285 651
286 646
287 661
288 677
289 657
290 678
291 663
292 709
293 676
294 693
295 730
296 705
297 723
298 728
299 741
300 718
301 743
302 726
303 732
304 745
305 787
306 757
307 752
308 740
309 794
310 774
311 779
312 832
313 810
314 832
315 814
316 813
317 799
318 849
319 840
320 839
321 836
322 852
323 879
324 864
325 878
326 882
327 899
328 881
329 936
330 951
331 935
332 911
333 958
334 930
335 990
336 956
337 977
338 973
339 976
340 989
341 929
342 978
343 980
344 970
345 980
346 1032
347 1013
348 1023
349 1015
350 1014
351 1032
352 1042
353 1041
354 1034
355 1155
356 1038
357 1074
358 1015
359 1092
360 1069
361 1065
362 1102
363 1072
364 1127
365 1117
366 1109
367 1133
368 1094
369 1080
370 1106
371 1114
372 1162
373 1085
374 1152
375 1139
376 1103
377 1130
378 1148
379 1187
380 1152
381 1154
382 1192
383 1177
384 1110
385 1173
386 1148
387 1190
388 1129
389 1165
390 1172
391 1212
392 1112
393 1149
394 1105
395 1151
396 1200
397 1172
398 1207
399 1129
400 1141
401 1180
402 1215
403 1132
404 1173
405 1182
406 1124
407 1126
408 1132
409 1143
410 1164
411 1149
412 1120
413 1135
414 1088
415 1070
416 1049
417 1067
418 1102
419 1071
420 1065
421 1043
422 1082
423 1067
424 1094
425 1077
426 1107
427 1032
428 1011
429 1102
430 1047
431 1053
432 997
433 1018
434 985
435 1055
436 1015
437 966
438 1033
439 916
440 985
441 1017
442 916
443 991
444 901
445 971
446 937
447 889
448 945
449 923
450 890
451 883
452 858
453 808
454 799
455 867
456 820
457 827
458 822
459 738
460 774
461 793
462 764
463 821
464 766
465 715
466 744
467 761
468 723
469 769
470 684
471 681
472 673
473 653
474 647
475 671
476 659
477 637
478 582
479 657
480 557
481 606
482 588
483 548
484 597
485 550
486 536
487 542
488 531
489 523
490 482
491 496
492 507
493 498
494 451
495 481
496 449
497 457
498 469
499 436
500 413
501 371
502 425
503 386
504 394
505 344
506 364
507 338
508 336
509 331
510 335
511 322
512 337
513 283
514 327
515 316
516 281
517 302
518 293
519 283
520 275
521 281
522 266
523 230
524 234
525 250
526 251
527 221
528 220
529 209
530 209
531 186
532 190
533 186
534 171
535 186
536 164
537 155
538 161
539 133
540 142
541 145
542 137
543 127
544 119
545 138
546 139
547 125
548 111
549 110
550 106
551 101
552 106
553 99
554 97
555 98
556 89
557 101
558 97
559 80
560 84
561 84
562 74
563 67
564 71
565 65
566 55
567 58
568 55
569 40
570 51
571 50
572 55
573 49
574 51
575 41
576 36
577 44
578 41
579 35
580 29
581 23
582 33
583 22
584 30
585 35
586 27
587 26
588 33
589 29
590 24
591 24
592 15
593 26
594 10
595 19
596 18
597 11
598 11
599 17
600 15
601 23
602 13
603 9
604 15
605 12
606 11
607 4
608 9
609 6
610 11
611 6
612 6
613 10
614 7
615 5
616 11
617 2
618 7
619 3
620 3
621 5
622 4
623 1
624 4
625 8
626 5
627 2
628 2
629 1
630 5
631 2
633 1
634 3
635 1
636 1
637 3
639 4
640 2
641 3
642 2
643 1
644 4
645 3
646 2
648 1
649 1
651 2
652 2
654 1
655 2
656 1
658 2
659 1
661 1
666 1
669 1
