500 200000 10
1 3152
2 2025
3 1584
4 1327
5 1142
6 1077
7 897
8 865
9 789
10 779
11 745
12 735
13 703
14 667
15 655
16 631
17 621
18 540
19 585
20 589
21 649
22 542
23 577
24 497
25 551
26 561
27 527
28 538
29 537
30 518
31 503
32 514
33 528
34 501
35 535
36 516
37 501
38 499
39 513
40 526
41 517
42 504
43 482
44 475
45 498
46 536
47 510
48 506
49 465
50 519
51 507
52 504
53 503
54 505
55 523
56 501
57 515
58 506
59 489
60 500
61 532
62 504
63 533
64 542
65 501
66 521
67 535
68 513
69 527
70 531
71 516
72 504
73 536
74 535
75 552
76 542
77 508
78 467
79 558
80 548
81 533
82 529
83 551
84 521
85 568
86 517
87 520
88 542
89 583
90 512
91 558
92 606
93 542
94 620
95 570
96 564
97 590
98 542
99 555
100 564
101 541
102 602
103 584
104 592
105 620
106 619
107 619
108 566
109 601
110 566
111 589
112 636
113 616
114 600
115 583
116 602
117 615
118 611
119 617
120 612
121 616
122 577
123 648
124 643
125 671
126 655
127 639
128 648
129 676
130 661
131 674
132 718
133 654
134 665
135 672
136 699
137 649
138 686
139 700
140 668
141 679
142 677
143 667
144 701
145 723
146 700
147 677
148 736
149 685
150 679
151 734
152 706
153 742
154 682
155 694
156 734
157 715
158 713
159 730
160 696
161 738
162 751
163 742
164 748
165 821
166 755
167 703
168 778
169 706
170 767
171 762
172 759
173 757
174 756
175 806
176 822
177 790
178 765
179 755
180 826
181 814
182 808
183 763
184 795
185 805
186 849
187 856
188 884
189 827
190 769
191 848
192 803
193 836
194 858
195 883
196 796
197 907
198 855
199 907
200 869
201 892
202 857
203 875
204 852
205 823
206 825
207 879
208 901
209 888
210 929
211 882
212 900
213 894
214 899
215 952
216 919
217 903
218 910
219 941
220 906
221 948
222 951
223 937
224 912
225 926
226 980
227 953
228 935
229 1005
230 929
231 986
232 991
233 986
234 984
235 947
236 928
237 977
238 967
239 966
240 905
241 1000
242 1021
243 956
244 1028
245 956
246 994
247 1031
248 983
249 969
250 955
251 978
252 1038
253 1061
254 1038
255 1024
256 1069
257 1028
258 1028
259 1058
260 1093
261 1052
262 1082
263 1038
264 1028
265 1016
266 1053
267 1038
268 1095
269 1033
270 1103
271 1053
272 966
273 1059
274 1092
275 1053
276 1057
277 1066
278 1101
279 1068
280 1098
281 1133
282 1092
283 1062
284 1028
285 1072
286 1111
287 1066
288 1101
289 1069
290 1120
291 1108
292 1087
293 1122
294 1103
295 1135
296 1040
297 1095
298 1099
299 1077
300 1117
301 1126
302 1059
303 1094
304 1137
305 1070
306 1094
307 1069
308 1167
309 1114
310 1065
311 1066
312 1101
313 1111
314 1145
315 1112
316 1134
317 1056
318 1149
319 1114
320 1064
321 1083
322 1101
323 1097
324 1155
325 1081
326 1040
327 1002
328 1139
329 1042
330 1051
331 1095
332 1099
333 1039
334 1035
335 1062
336 1068
337 1076
338 1110
339 1100
340 1050
341 1074
342 1079
343 1073
344 1081
345 1073
346 1125
347 1075
348 1034
349 1041
350 1067
351 1042
352 1057
353 1050
354 1006
355 951
356 999
357 1065
358 1072
359 1012
360 1067
361 979
362 1052
363 1020
364 1055
365 983
366 1034
367 957
368 998
369 1042
370 960
371 920
372 1038
373 1025
374 983
375 988
376 991
377 947
378 996
379 971
380 952
381 927
382 941
383 945
384 915
385 931
386 942
387 911
388 856
389 921
390 902
391 848
392 847
393 911
394 903
395 838
396 866
397 826
398 845
399 898
400 861
401 856
402 824
403 827
404 777
405 725
406 838
407 760
408 746
409 724
410 772
411 767
412 798
413 769
414 727
415 759
416 737
417 728
418 736
419 758
420 667
421 693
422 733
423 712
424 693
425 638
426 677
427 665
428 663
429 661
430 652
431 618
432 566
433 610
434 613
435 629
436 582
437 564
438 589
439 584
440 601
441 609
442 540
443 508
444 561
445 475
446 471
447 525
448 495
449 480
450 479
451 462
452 447
453 430
454 447
455 445
456 468
457 423
458 406
459 449
460 411
461 412
462 429
463 468
464 427
465 370
466 378
467 370
468 356
469 373
470 377
471 377
472 346
473 325
474 351
475 316
476 337
477 312
478 324
479 281
480 314
481 290
482 320
483 266
484 310
485 274
486 277
487 254
488 247
489 266
490 282
491 236
492 220
493 241
494 203
495 226
496 227
497 220
498 221
499 179
500 193
501 190
502 188
503 201
504 183
505 169
506 164
507 164
508 161
509 154
510 155
511 140
512 153
513 146
514 156
515 124
516 107
517 127
518 114
519 130
520 102
521 121
522 115
523 118
524 110
525 81
526 105
527 91
528 93
529 102
530 94
531 94
532 72
533 100
534 90
535 89
536 63
537 71
538 72
539 61
540 70
541 79
542 76
543 63
544 60
545 48
546 42
547 48
548 54
549 45
550 45
551 50
552 45
553 37
554 40
555 40
556 50
557 47
558 32
559 25
560 28
561 33
562 25
563 29
564 23
565 28
566 17
567 22
568 29
569 31
570 21
571 22
572 21
573 25
574 18
575 14
576 14
577 12
578 15
579 16
580 11
581 11
582 11
583 15
584 10
585 10
586 13
587 19
588 6
589 8
590 12
591 6
592 8
593 7
594 9
595 9
596 7
597 9
598 4
599 5
600 7
601 2
602 4
603 5
604 3
605 4
606 7
607 2
608 1
609 2
610 2
611 1
612 4
613 2
614 1
615 1
616 4
618 4
619 6
620 5
621 3
622 1
623 3
624 2
625 1
626 1
627 2
628 3
629 1
630 4
631 1
634 1
635 1
637 2
638 1
639 2
640 2
641 1
642 1
643 1
644 1
648 3
649 1
651 1
666 1
668 1
