500 100000 5
1 76388
2 55289
3 46690
4 42447
5 39706
6 38699
7 38332
8 38184
9 39098
10 39453
11 41111
12 42575
13 44413
14 46439
15 48776
16 51043
17 53398
18 55754
19 58643
20 61215
21 63329
22 65421
23 67204
24 68558
25 70135
26 70403
27 69896
28 69120
29 67957
30 66372
31 63640
32 61207
33 57828
34 53539
35 49454
36 45458
37 41147
38 36566
39 32404
40 28384
41 24218
42 20842
43 17964
44 14976
45 12390
46 10062
47 8143
48 6416
49 5093
50 4023
51 3046
52 2330
53 1743
54 1325
55 995
56 743
57 482
58 349
59 256
60 199
61 118
62 81
63 62
64 30
65 31
66 13
67 11
68 10
69 5
70 2
72 1
74 3
76 1
82 1
