500 100000 40
1 42
2 29
3 30
4 9
5 12
6 11
7 5
8 10
9 10
10 7
11 2
12 3
13 4
14 6
15 5
16 2
17 6
18 2
19 5
20 3
21 4
22 3
23 6
24 2
25 2
26 2
27 1
28 3
29 4
30 2
31 2
32 2
33 1
34 2
35 2
37 3
38 4
39 1
41 2
42 2
43 3
44 2
45 1
46 1
47 1
49 1
50 1
51 1
52 1
54 1
55 1
58 2
61 1
67 2
68 1
69 1
71 2
74 1
75 1
77 1
79 1
81 1
82 2
85 2
86 1
87 2
89 2
90 1
95 1
99 1
100 1
103 1
105 2
111 1
112 1
114 1
115 1
117 2
118 1
121 2
122 2
125 1
127 1
128 2
132 3
133 1
134 3
137 2
138 1
142 2
143 1
144 1
148 1
151 1
161 1
165 1
168 1
173 1
174 1
181 1
182 1
185 1
192 2
193 1
195 1
196 2
203 1
210 1
217 1
218 2
220 1
227 1
234 1
236 2
240 2
253 1
255 1
257 1
263 1
267 1
272 2
278 1
280 1
282 1
296 1
301 1
306 1
315 2
316 1
320 1
325 1
332 1
341 1
350 1
351 2
353 1
361 1
362 1
365 1
367 1
368 1
375 1
377 1
382 2
390 1
393 1
405 1
415 2
416 1
419 1
422 1
446 1
461 1
462 1
463 1
475 2
477 2
479 2
481 1
484 1
488 1
489 1
494 2
497 2
507 1
519 1
533 1
534 1
550 1
554 1
557 1
561 1
572 1
589 1
593 1
600 1
602 1
612 1
618 1
619 1
639 1
646 1
648 1
662 1
664 1
684 1
685 1
690 1
699 1
701 1
709 1
710 1
715 1
725 1
727 1
728 1
733 1
740 1
741 1
751 1
761 1
763 1
772 1
780 1
790 1
794 1
797 1
807 1
833 1
839 2
845 1
856 1
861 1
875 1
879 1
884 1
906 1
914 1
915 1
916 1
920 1
925 1
926 1
933 1
937 1
938 1
945 1
959 1
963 1
968 1
970 1
980 1
982 1
992 2
999 1
1005 1
1048 1
1055 1
1068 1
1092 1
1100 1
1115 1
1133 1
1142 1
1144 2
1147 1
1150 1
1156 1
1184 1
1188 1
1194 1
1209 1
1210 1
1212 1
1223 1
1226 1
1227 1
1240 1
1241 1
1242 1
1247 1
1249 1
1264 1
1265 1
1277 1
1278 1
1280 1
1299 1
1303 1
1307 1
1320 2
1324 1
1332 1
1350 1
1351 1
1357 1
1367 1
1370 1
1394 2
1413 1
1420 1
1442 1
1458 1
1465 1
1466 1
1471 1
1475 1
1514 1
1516 1
1521 1
1542 1
1548 1
1553 1
1554 1
1557 1
1567 1
1569 1
1578 1
1581 1
1589 1
1601 1
1603 1
1617 1
1618 1
1619 1
1620 1
1629 1
1633 1
1675 1
1683 1
1691 1
1704 1
1712 1
1723 1
1727 1
1728 1
1755 1
1763 1
1776 1
1784 1
1791 1
1794 1
1800 1
1807 1
1813 1
1819 1
1820 1
1822 1
1854 1
1858 1
1862 1
1873 1
1876 1
1877 1
1890 1
1892 1
1902 1
1922 1
1935 1
1943 1
1946 1
1949 1
1964 1
1973 1
1976 1
1984 1
1986 1
2011 1
2027 1
2046 1
2050 1
2055 1
2090 1
2092 1
2095 1
2107 1
2112 1
2127 1
2134 1
2136 1
2142 1
2143 1
2144 1
2156 1
2161 2
2162 1
2175 1
2195 1
2203 1
2204 1
2233 1
2247 1
2252 1
2253 1
2254 1
2256 1
2266 1
2294 1
2300 1
2390 1
2407 1
2410 1
2419 1
2447 2
2453 1
2461 1
2487 1
2491 1
2492 1
2505 1
2511 1
2521 2
2522 2
2523 1
2538 1
2556 1
2562 1
2574 1
2596 1
2612 1
2613 1
2618 1
2619 1
2632 1
2634 1
2681 1
2699 1
2705 1
2707 1
2720 1
2728 1
2729 1
2736 1
2740 1
2746 1
2751 1
2752 1
2759 1
2785 1
2792 1
2796 1
2814 2
2835 1
2851 1
2865 1
2886 1
2902 1
2903 1
2912 1
2923 1
2940 1
2951 1
2958 1
2964 1
2988 1
2992 1
2993 1
3004 1
3009 1
3040 1
3042 1
3045 1
3046 1
3080 1
3098 1
3143 1
3147 1
3150 1
3152 1
3153 1
3163 1
3165 1
3166 1
3171 1
3175 1
3207 1
3236 1
3263 1
3269 1
3295 1
3298 1
3304 1
3312 1
3321 1
3329 1
3331 1
3335 1
3351 1
3353 1
3371 1
3379 1
3397 1
3409 1
3415 1
3423 1
3425 1
3435 1
3452 1
3453 1
3459 1
3491 1
3518 1
3536 1
3541 1
3558 1
3561 1
3596 1
3598 1
3602 1
3679 1
3681 1
3695 1
3696 1
3738 1
3753 1
3756 1
3758 1
3778 1
3786 1
3813 1
3814 1
3839 1
3843 1
3862 1
3873 1
3876 1
3896 1
3897 1
3900 1
3907 1
3917 1
3957 1
3961 1
3981 1
3985 1
3989 1
3991 1
4015 1
4032 1
4053 1
4060 1
4073 1
4078 1
4089 1
4102 1
4117 1
4136 1
4148 1
4158 1
4164 1
4185 1
4194 1
4203 1
4208 1
4229 1
4247 1
4276 1
4311 1
4313 1
4314 1
4316 1
4355 1
4358 1
4370 1
4372 1
4376 1
4379 1
4389 1
4410 1
4424 1
4431 1
4438 1
4443 1
4450 1
4457 1
4475 1
4487 2
4493 1
4507 1
4516 1
4517 1
4521 1
4531 1
4543 1
4551 1
4554 1
4558 1
4559 1
4570 1
4574 1
4595 1
4599 1
4606 1
4638 1
4667 1
4671 1
4672 1
4676 1
4687 1
4698 1
4708 1
4719 1
4721 2
4734 1
4736 1
4741 1
4743 2
4760 1
4765 1
4782 1
4785 1
4801 1
4808 1
4810 1
4816 1
4830 1
4857 1
4862 1
4866 1
4869 1
4870 1
4878 1
4880 1
4883 1
4896 1
4897 1
4917 1
4936 1
4940 2
4944 1
4953 1
4966 1
4971 1
4972 1
4980 1
4985 1
4989 1
4995 1
5003 2
5023 1
5041 1
5044 1
5053 1
5058 1
5062 1
5078 1
5082 1
5089 1
5091 1
5124 1
5134 1
5141 1
5153 1
5201 1
5209 1
5216 1
5239 1
5241 1
5248 1
5250 1
5266 1
5277 1
5288 2
5290 1
5293 1
5298 1
5302 1
5303 1
5330 1
5339 1
5369 1
5393 1
5398 1
5423 1
5425 1
5430 1
5459 1
5478 1
5486 1
5498 1
5501 1
5516 1
5517 1
5530 1
5532 2
5535 2
5566 1
5572 1
5581 1
5611 1
5618 1
5622 2
5631 1
5648 2
5649 1
5662 1
5676 1
5687 1
5723 1
5728 1
5731 1
5736 1
5743 2
5772 1
5793 1
5817 1
5818 1
5823 2
5829 1
5830 1
5867 1
5882 1
5883 1
5895 1
5906 1
5907 1
5914 1
5916 1
5923 1
5924 1
5927 1
5944 1
5952 1
5961 1
5962 1
5966 1
5967 1
5973 1
5978 1
5981 1
5982 2
6050 1
6056 2
6058 1
6070 1
6084 1
6090 1
6095 1
6104 1
6122 1
6123 1
6128 1
6130 1
6135 1
6137 1
6142 1
6148 1
6153 1
6176 1
6180 1
6209 1
6210 1
6212 1
6213 2
6231 1
6233 1
6235 1
6252 1
6253 1
6266 1
6277 1
6278 1
6283 1
6288 1
6296 1
6297 1
6312 1
6315 1
6325 1
6326 1
6331 1
6332 1
6337 1
6345 1
6353 1
6359 1
6376 1
6378 1
6379 2
6380 1
6384 1
6390 1
6396 2
6411 1
6428 1
6433 1
6434 2
6435 1
6441 1
6465 1
6484 2
6493 1
6505 2
6506 1
6514 1
6520 1
6536 1
6548 1
6551 1
6552 1
6564 1
6565 1
6566 1
6567 1
6569 1
6589 1
6605 1
6610 1
6613 1
6617 1
6621 1
6628 1
6648 1
6656 3
6670 1
6682 1
6689 1
6692 1
6700 1
6703 1
6720 2
6721 1
6727 1
6738 1
6740 1
6760 1
6766 1
6770 1
6781 1
6788 1
6790 1
6795 1
6799 1
6802 1
6806 1
6815 1
6817 1
6818 1
6819 1
6822 1
6823 1
6827 2
6836 1
6838 2
6840 1
6857 1
6863 1
6869 1
6892 1
6895 1
6899 1
6903 1
6911 1
6919 1
6930 1
6936 1
6938 1
6941 1
6953 1
6958 3
6960 1
6967 1
6972 1
6977 1
6981 2
6984 1
6992 1
6998 1
7005 1
7006 1
7036 1
7037 1
7039 1
7049 1
7053 1
7057 1
7058 1
7061 1
7083 1
7095 1
7097 1
7103 2
7107 1
7116 1
7123 1
7124 1
7127 1
7128 2
7140 1
7151 1
7157 1
7181 1
7182 2
7190 1
7206 1
7220 1
7223 1
7231 2
7234 1
7235 1
7236 1
7271 1
7277 2
7288 2
7293 1
7294 1
7295 1
7300 1
7301 1
7307 2
7310 1
7313 2
7316 1
7320 1
7321 1
7324 1
7325 1
7328 1
7340 1
7345 1
7354 1
7360 1
7365 1
7368 2
7372 1
7373 1
7380 1
7393 1
7404 1
7407 1
7413 1
7415 1
7416 1
7417 1
7429 1
7434 1
7435 1
7437 1
7439 1
7440 1
7444 1
7450 1
7460 1
7462 1
7471 2
7472 1
7479 1
7482 1
7484 1
7485 1
7490 1
7492 1
7496 1
7498 1
7499 1
7513 2
7528 1
7529 1
7539 1
7541 1
7542 2
7549 1
7550 1
7551 1
7553 1
7558 1
7575 1
7584 1
7590 1
7592 1
7594 1
7597 1
7598 1
7599 1
7603 2
7609 1
7612 1
7619 1
7627 1
7633 1
7635 1
7636 1
7641 1
7647 1
7661 1
7664 1
7673 1
7688 1
7692 1
7693 1
7695 1
7701 1
7702 1
7709 2
7710 1
7717 1
7723 1
7725 1
7728 1
7736 1
7741 1
7753 1
7757 1
7770 1
7775 1
7776 1
7799 1
7800 1
7802 1
7805 2
7807 2
7808 1
7819 2
7820 1
7826 1
7832 1
7835 1
7838 1
7840 1
7853 1
7854 1
7860 1
7861 1
7862 1
7863 1
7867 1
7871 1
7873 1
7875 1
7885 1
7898 1
7899 2
7901 1
7906 1
7917 1
7918 1
7924 1
7927 2
7931 1
7934 1
7938 1
7943 1
7952 1
7956 1
7964 1
7974 2
7977 1
7978 1
7983 1
7985 1
7987 1
7989 1
7992 1
7997 1
7999 1
8000 1
8001 1
8006 1
8008 2
8019 1
8031 1
8033 1
8036 2
8038 1
8039 2
8042 1
8047 2
8048 1
8051 1
8057 1
8058 1
8059 2
8067 1
8069 1
8070 1
8075 1
8078 1
8085 1
8090 1
8091 2
8092 1
8097 1
8106 1
8117 1
8122 1
8125 1
8127 1
8130 1
8134 1
8137 1
8143 2
8155 1
8157 1
8159 1
8160 1
8161 2
8162 1
8163 1
8170 1
8175 1
8176 1
8188 1
8192 1
8196 1
8201 1
8203 1
8204 1
8205 1
8208 1
8209 1
8213 1
8226 1
8227 1
8229 1
8231 1
8233 2
8239 1
8240 1
8243 1
8247 1
8248 1
8251 1
8253 1
8258 1
8270 1
8271 1
8285 1
8289 1
8291 1
8294 1
8295 1
8298 1
8300 1
8302 2
8303 1
8308 1
8309 1
8310 1
8314 1
8320 1
8327 1
8329 1
8330 1
8331 1
8334 1
8337 1
8339 1
8342 1
8345 1
8351 2
8357 1
8358 1
8361 1
8369 1
8370 1
8379 1
8388 1
8391 1
8394 1
8395 1
8398 2
8399 1
8402 1
8404 1
8405 1
8406 1
8407 1
8414 1
8415 2
8419 2
8420 1
8421 1
8425 1
8427 1
8428 1
8430 1
8435 1
8437 1
8438 1
8440 1
8444 1
8451 2
8452 1
8456 1
8457 1
8460 1
8463 2
8464 1
8467 4
8470 1
8471 1
8472 1
8477 1
8478 1
8480 1
8481 1
8484 1
8500 1
8504 1
8517 1
8518 1
8521 1
8524 1
8525 1
8527 1
8528 1
8530 2
8534 1
8535 1
8536 2
8538 1
8540 1
8541 1
8542 1
8543 2
8545 1
8547 1
8548 1
8550 1
8552 1
8553 1
8556 1
8557 1
8562 2
8564 1
8565 1
8568 1
8582 1
8590 2
8596 1
8597 2
8598 1
8600 1
8601 1
8605 1
8607 1
8612 2
8614 1
8617 1
8619 1
8620 3
8628 2
8629 1
8630 1
8635 2
8639 1
8641 1
8642 1
8644 1
8645 2
8646 2
8662 1
8663 1
8667 1
8674 1
8676 1
8678 1
8681 1
8686 1
8687 1
8689 1
8691 1
8695 1
8698 2
8699 1
8703 1
8714 1
8720 1
8724 1
8729 2
8735 1
8738 1
8741 1
8743 1
8744 1
8747 1
8748 1
8750 1
8754 1
8755 1
8757 1
8760 1
8764 1
8771 1
8775 1
8776 1
8789 1
8790 1
8792 2
8797 1
8798 1
8800 1
8803 3
8805 3
8809 1
8810 1
8811 1
8813 1
8815 1
8816 1
8823 1
8826 1
8827 1
8828 1
8829 1
8831 1
8837 1
8842 1
8844 1
8845 1
8850 1
8852 1
8854 1
8855 2
8856 1
8859 1
8862 1
8867 1
8868 2
8869 1
8872 1
8876 1
8881 1
8882 1
8883 2
8887 1
8888 1
8889 1
8891 1
8892 1
8893 3
8894 1
8898 1
8905 2
8906 1
8912 3
8916 2
8917 1
8919 1
8922 2
8924 3
8925 1
8926 1
8927 1
8929 1
8937 1
8938 1
8944 2
8946 1
8947 1
8951 1
8952 1
8955 1
8957 1
8960 1
8964 1
8968 1
8971 1
8976 1
8981 1
8983 1
8984 1
8985 1
8987 1
8989 2
8990 1
8997 1
8998 1
8999 1
9001 1
9002 1
9006 1
9015 2
9020 1
9021 3
9025 1
9026 1
9028 1
9029 1
9030 2
9032 2
9034 1
9036 2
9037 2
9038 1
9040 1
9046 1
9048 1
9052 1
9053 1
9055 1
9059 1
9061 2
9070 3
9074 1
9075 1
9076 1
9077 2
9080 3
9088 1
9090 1
9094 2
9095 1
9098 1
9101 1
9102 1
9105 1
9106 1
9113 2
9116 2
9120 2
9121 1
9126 1
9130 1
9135 1
9137 2
9139 1
9141 2
9143 1
9145 1
9146 4
9150 2
9152 1
9154 1
9156 2
9158 2
9159 1
9160 1
9162 1
9164 1
9165 2
9166 1
9167 1
9168 1
9173 1
9177 2
9178 1
9184 1
9188 1
9190 3
9191 1
9193 1
9199 1
9200 1
9201 1
9202 1
9204 2
9206 1
9207 1
9211 1
9212 2
9213 1
9216 1
9221 2
9224 2
9229 1
9232 1
9233 1
9237 2
9241 1
9242 3
9243 1
9244 1
9245 1
9247 1
9248 1
9249 1
9254 2
9258 1
9259 2
9263 1
9267 1
9268 1
9270 1
9275 1
9277 2
9278 4
9279 2
9282 2
9283 1
9286 3
9287 1
9291 1
9292 3
9293 1
9295 1
9296 3
9300 1
9304 2
9305 1
9307 1
9308 1
9311 1
9312 2
9315 2
9320 1
9321 2
9322 1
9323 1
9324 1
9325 1
9326 1
9328 2
9329 1
9333 2
9338 3
9341 3
9342 1
9345 2
9351 3
9353 1
9354 1
9355 3
9357 1
9360 4
9362 1
9363 1
9367 1
9370 1
9371 1
9372 2
9374 3
9378 2
9380 1
9381 1
9382 1
9383 2
9384 2
9386 1
9388 1
9391 1
9395 1
9396 1
9398 2
9407 1
9409 1
9413 2
9419 1
9421 3
9423 2
9427 2
9428 1
9430 1
9431 1
9433 1
9434 2
9437 1
9438 3
9440 1
9442 1
9444 1
9446 1
9448 2
9449 1
9450 1
9454 1
9456 1
9457 2
9458 2
9459 3
9462 1
9463 2
9466 1
9467 2
9471 3
9473 1
9474 2
9475 2
9478 1
9482 3
9484 2
9485 1
9487 1
9488 1
9493 1
9495 1
9498 1
9499 1
9501 1
9504 1
9512 1
9516 1
9517 1
9518 2
9522 1
9523 1
9524 1
9525 2
9527 1
9528 1
9529 1
9530 1
9532 2
9535 1
9536 1
9537 2
9538 2
9539 1
9542 2
9543 1
9545 2
9546 1
9547 1
9549 1
9550 1
9551 1
9552 2
9554 1
9555 1
9556 1
9559 2
9562 1
9564 1
9565 1
9566 1
9567 1
9571 1
9574 1
9576 1
9579 1
9581 1
9582 1
9583 1
9586 1
9588 1
9589 1
9590 2
9592 1
9593 1
9598 1
9600 1
9603 1
9605 2
9609 1
9614 1
9616 1
9617 1
9620 1
9621 1
9625 1
9626 1
9628 2
9629 1
9632 1
9633 2
9635 1
9638 1
9642 1
9643 1
9644 1
9645 1
9648 1
9649 1
9650 1
9651 1
9654 1
9656 1
9660 2
9661 1
9662 3
9663 1
9665 2
9668 2
9669 2
9670 2
9675 2
9677 1
9678 1
9682 1
9683 1
9684 1
9685 2
9686 1
9689 1
9690 1
9691 1
9692 1
9693 2
9694 1
9697 1
9699 3
9701 2
9706 1
9708 2
9710 1
9711 1
9712 2
9715 1
9719 2
9720 1
9721 1
9722 3
9723 1
9727 1
9729 1
9730 1
9732 1
9735 2
9737 2
9738 1
9739 1
9742 1
9745 4
9747 1
9748 1
9749 1
9750 1
9752 1
9753 1
9754 2
9756 2
9757 1
9759 1
9760 1
9764 1
9765 1
9766 1
9767 1
9769 1
9770 1
9771 1
9772 1
9773 3
9774 1
9776 1
9779 1
9781 1
9783 2
9784 3
9786 2
9787 2
9788 1
9789 1
9792 1
9795 1
9799 1
9802 2
9803 1
9804 1
9815 2
9818 1
9821 1
9822 2
9823 1
9829 1
9830 1
9833 1
9834 2
9836 1
9840 2
9842 2
9844 1
9845 1
9846 1
9847 4
9849 3
9850 1
9851 1
9853 1
9854 1
9855 3
9858 2
9859 1
9860 1
9861 2
9862 2
9863 2
9866 2
9869 1
9872 1
9876 1
9879 1
9880 1
9881 2
9882 1
9884 1
9886 1
9887 2
9888 3
9894 3
9896 2
9897 1
9899 1
9901 2
9903 1
9904 1
9905 1
9908 1
9909 1
9911 2
9914 1
9916 2
9923 2
9924 1
9925 1
9926 2
9931 3
9932 3
9936 3
9941 1
9946 1
9950 2
9952 1
9953 6
9955 1
9956 1
9959 3
9960 3
9963 2
9964 3
9967 1
9969 1
9971 2
9972 1
9973 1
9974 2
9976 1
9978 1
9979 2
9985 2
9986 2
9987 1
9988 1
9990 1
9992 1
9993 1
9994 1
9996 2
9997 1
9998 1
9999 1
10000 2
10004 2
10005 1
10007 1
10008 2
10013 1
10014 2
10016 1
10017 1
10020 3
10022 3
10025 1
10026 1
10030 1
10032 1
10033 1
10034 1
10037 1
10042 1
10044 1
10045 1
10047 1
10048 1
10052 1
10053 1
10059 3
10060 1
10061 1
10065 3
10067 2
10068 2
10071 1
10072 1
10073 2
10074 1
10077 1
10082 1
10087 2
10088 1
10089 4
10091 2
10092 2
10095 1
10096 2
10098 1
10100 1
10102 2
10103 2
10105 1
10106 1
10107 1
10110 1
10112 1
10113 2
10114 1
10115 1
10116 2
10117 3
10118 1
10119 2
10120 2
10121 1
10122 2
10127 1
10128 1
10130 1
10132 2
10133 1
10134 1
10135 1
10136 1
10137 2
10139 1
10140 2
10141 1
10142 1
10144 2
10146 1
10147 1
10148 1
10149 1
10151 1
10152 2
10154 1
10156 1
10157 2
10158 1
10159 4
10160 2
10161 1
10163 2
10166 1
10168 2
10169 3
10170 2
10171 2
10173 2
10174 1
10177 2
10178 2
10180 1
10183 1
10184 2
10185 1
10188 1
10190 1
10192 2
10193 1
10194 1
10198 1
10200 1
10206 5
10208 2
10209 1
10210 1
10211 3
10213 1
10214 2
10216 2
10219 1
10221 1
10222 1
10223 1
10227 3
10228 2
10229 1
10232 2
10233 2
10237 1
10238 1
10241 2
10242 1
10243 1
10244 1
10245 2
10246 2
10249 1
10250 3
10252 1
10255 2
10256 3
10257 2
10259 1
10261 2
10262 2
10263 1
10264 2
10265 1
10267 2
10269 1
10271 2
10272 1
10273 1
10274 3
10275 1
10278 4
10280 1
10281 1
10282 4
10285 1
10287 1
10289 1
10292 1
10293 3
10296 1
10299 1
10304 2
10312 1
10314 3
10316 1
10317 1
10318 2
10319 1
10321 4
10323 3
10326 1
10327 1
10328 3
10329 1
10330 2
10333 2
10334 2
10336 2
10337 1
10338 2
10342 1
10343 1
10344 1
10345 1
10346 1
10347 2
10348 2
10349 1
10350 1
10351 3
10352 2
10354 1
10356 1
10362 1
10363 1
10366 3
10367 1
10368 3
10371 1
10372 1
10374 2
10376 2
10377 2
10378 1
10380 1
10381 3
10384 2
10385 2
10386 1
10387 2
10388 3
10390 1
10392 1
10393 1
10394 1
10395 3
10398 1
10401 1
10402 3
10403 2
10404 2
10406 3
10413 1
10418 1
10420 1
10421 1
10422 1
10423 1
10424 1
10425 1
10426 1
10427 1
10428 1
10429 2
10430 1
10432 2
10433 1
10434 1
10435 1
10436 2
10437 1
10438 1
10439 1
10441 1
10443 1
10445 1
10446 1
10447 1
10449 1
10451 2
10452 2
10453 2
10455 1
10456 2
10457 1
10458 1
10460 1
10463 1
10466 1
10469 2
10470 1
10472 1
10473 2
10474 1
10475 1
10476 1
10478 2
10479 2
10481 1
10483 1
10484 3
10485 1
10487 1
10488 2
10490 1
10491 1
10494 1
10495 3
10496 1
10497 1
10498 3
10500 1
10501 1
10502 1
10503 1
10505 1
10506 2
10507 3
10508 1
10510 1
10513 1
10514 1
10515 1
10516 1
10517 3
10518 2
10520 1
10522 2
10523 1
10524 1
10527 1
10528 3
10529 3
10532 2
10533 2
10535 1
10538 1
10539 1
10540 2
10542 1
10544 1
10546 3
10547 2
10548 2
10551 2
10552 1
10555 3
10556 1
10557 1
10558 1
10559 1
10560 1
10564 1
10565 1
10568 1
10571 1
10572 1
10573 2
10574 1
10575 1
10576 3
10577 3
10578 4
10580 1
10582 1
10583 2
10584 1
10585 1
10588 2
10589 1
10590 1
10592 1
10593 1
10594 3
10596 1
10598 3
10600 2
10603 1
10608 2
10609 2
10610 1
10611 1
10612 1
10613 2
10615 4
10617 1
10618 1
10620 1
10622 3
10623 1
10624 1
10626 3
10627 1
10632 1
10634 1
10635 1
10639 2
10640 1
10642 1
10644 2
10645 2
10646 3
10648 1
10649 2
10653 3
10654 1
10656 2
10658 1
10659 1
10661 1
10663 1
10665 1
10667 2
10668 1
10670 1
10671 1
10672 1
10674 1
10675 3
10676 3
10678 2
10681 1
10682 1
10684 1
10685 1
10686 1
10687 2
10688 1
10689 2
10690 2
10692 1
10693 1
10694 1
10695 2
10700 1
10701 1
10702 2
10703 1
10705 3
10706 1
10710 1
10713 2
10714 4
10715 1
10716 2
10718 2
10720 2
10722 1
10724 2
10725 2
10727 1
10730 2
10731 1
10732 1
10735 2
10736 1
10738 1
10740 1
10741 2
10744 1
10745 1
10746 2
10749 1
10750 1
10752 1
10753 1
10754 1
10755 1
10759 2
10760 1
10761 1
10762 1
10764 3
10770 1
10771 3
10774 1
10776 3
10777 1
10778 1
10779 1
10781 2
10783 1
10785 1
10787 1
10788 1
10791 1
10793 1
10795 2
10798 1
10801 1
10802 2
10803 1
10804 2
10805 1
10806 3
10807 1
10809 1
10810 1
10811 4
10812 1
10815 1
10818 1
10821 3
10822 1
10823 2
10824 3
10826 2
10827 1
10830 1
10831 2
10832 1
10833 2
10834 2
10835 4
10838 1
10839 1
10842 2
10843 1
10844 1
10847 2
10848 2
10849 1
10850 2
10851 1
10853 2
10856 2
10857 2
10858 3
10859 3
10861 2
10862 1
10864 1
10865 2
10866 2
10868 1
10869 2
10870 1
10872 2
10873 2
10874 1
10875 1
10876 1
10879 1
10881 2
10882 1
10883 2
10884 2
10885 1
10887 1
10889 1
10892 1
10893 1
10896 1
10898 4
10900 1
10901 2
10902 2
10903 1
10904 1
10907 1
10910 1
10912 1
10915 2
10917 2
10921 1
10922 1
10925 1
10929 1
10932 1
10933 3
10934 4
10935 2
10936 1
10937 1
10938 2
10943 2
10949 1
10951 1
10952 1
10954 2
10955 1
10957 1
10958 3
10959 1
10962 1
10965 1
10966 1
10971 1
10972 1
10973 1
10974 2
10975 2
10977 2
10979 1
10981 2
10982 1
10986 5
10988 4
10989 2
10990 2
10991 1
10992 1
10993 1
10994 1
10995 2
10997 2
10998 2
10999 1
11000 1
11001 2
11002 1
11004 3
11005 1
11006 1
11007 1
11008 1
11009 1
11010 1
11011 1
11013 1
11014 1
11015 1
11016 3
11017 1
11019 1
11021 1
11022 2
11023 1
11024 1
11025 2
11029 5
11030 1
11033 1
11034 2
11035 1
11036 1
11037 1
11038 2
11039 1
11041 2
11042 1
11043 1
11047 1
11048 1
11049 1
11050 1
11052 2
11053 2
11054 1
11056 1
11058 1
11060 1
11061 1
11062 2
11066 1
11067 2
11068 1
11070 1
11072 2
11073 2
11075 5
11078 1
11079 2
11080 1
11082 2
11083 2
11084 1
11086 3
11087 1
11088 1
11089 1
11090 3
11091 1
11092 3
11093 1
11095 2
11096 1
11097 2
11099 1
11100 1
11102 1
11105 1
11108 1
11110 1
11111 2
11117 1
11118 1
11119 3
11121 2
11123 2
11125 3
11127 2
11128 1
11129 3
11130 1
11131 2
11132 1
11133 1
11135 2
11137 1
11138 1
11141 1
11142 1
11143 2
11144 1
11146 1
11147 1
11148 1
11149 1
11150 1
11152 2
11153 1
11154 1
11155 1
11156 1
11157 1
11159 1
11160 1
11164 4
11165 1
11166 2
11167 2
11168 2
11170 1
11171 1
11172 3
11173 2
11174 1
11176 1
11177 3
11178 4
11180 1
11181 1
11182 1
11183 1
11184 1
11186 1
11187 1
11188 2
11191 1
11192 2
11193 1
11195 3
11198 2
11201 3
11202 1
11204 2
11206 2
11207 1
11208 3
11209 2
11210 2
11211 1
11212 1
11213 2
11214 2
11216 1
11217 4
11218 1
11219 1
11220 1
11221 3
11222 1
11223 1
11226 2
11227 2
11228 2
11229 1
11231 1
11232 3
11233 1
11235 1
11236 2
11237 1
11238 1
11239 2
11240 2
11241 1
11242 1
11244 3
11247 1
11248 5
11249 2
11250 4
11251 1
11253 3
11254 2
11255 1
11257 2
11259 1
11260 1
11261 4
11262 1
11265 1
11267 1
11268 1
11270 1
11271 1
11273 1
11274 1
11277 2
11278 2
11279 2
11280 3
11282 1
11286 1
11287 1
11288 3
11290 2
11293 2
11294 1
11295 1
11296 1
11298 2
11299 2
11301 2
11302 1
11303 1
11305 1
11306 2
11308 4
11309 2
11310 3
11311 2
11313 1
11314 1
11316 1
11317 1
11322 3
11323 1
11325 1
11326 2
11327 1
11329 2
11330 1
11332 3
11335 1
11337 1
11340 1
11342 1
11343 1
11344 3
11345 2
11346 1
11348 2
11350 1
11351 2
11352 1
11353 1
11354 1
11356 1
11357 2
11358 1
11359 1
11360 3
11361 2
11364 1
11365 1
11367 1
11369 1
11373 1
11374 2
11378 1
11379 1
11381 1
11384 1
11386 2
11387 3
11389 1
11392 2
11393 1
11396 2
11397 3
11398 1
11399 1
11400 1
11401 1
11402 3
11403 1
11404 2
11405 1
11406 1
11407 1
11408 3
11409 2
11410 1
11411 1
11414 1
11416 1
11417 2
11418 2
11420 1
11421 1
11426 1
11430 3
11433 1
11434 1
11438 2
11440 3
11442 1
11444 2
11446 3
11447 2
11448 1
11449 1
11454 1
11455 3
11457 2
11458 1
11459 1
11460 2
11461 1
11462 2
11464 2
11465 3
11466 1
11467 3
11469 2
11470 1
11471 2
11472 1
11473 1
11475 1
11476 1
11478 1
11479 1
11480 4
11481 1
11483 2
11485 1
11492 2
11493 1
11494 4
11495 2
11496 1
11497 2
11498 1
11499 1
11500 2
11502 1
11503 1
11504 1
11505 1
11508 2
11510 1
11511 1
11513 1
11516 1
11517 1
11518 1
11520 2
11521 2
11522 2
11523 2
11526 2
11527 1
11528 1
11530 2
11532 1
11534 2
11535 2
11537 4
11538 2
11539 1
11543 1
11545 1
11546 1
11548 3
11549 1
11551 2
11553 1
11554 1
11556 2
11560 2
11563 2
11564 1
11565 1
11567 1
11570 1
11573 1
11576 3
11577 1
11580 1
11582 2
11584 1
11587 1
11588 1
11589 2
11590 1
11591 1
11593 1
11595 2
11601 1
11603 1
11604 1
11605 2
11606 5
11607 3
11608 1
11609 2
11610 1
11611 2
11612 1
11613 1
11618 1
11619 1
11620 3
11624 2
11625 1
11626 3
11627 2
11628 2
11629 2
11630 1
11631 1
11632 1
11633 1
11635 1
11636 3
11637 2
11639 1
11640 3
11642 1
11643 4
11645 1
11646 1
11647 2
11650 3
11651 2
11652 2
11654 1
11655 1
11659 2
11661 1
11662 2
11664 1
11665 2
11666 1
11668 1
11672 1
11675 2
11678 1
11679 1
11680 2
11681 1
11683 1
11684 1
11687 3
11689 2
11692 1
11693 1
11694 1
11695 1
11696 1
11698 1
11699 2
11701 1
11703 2
11704 1
11706 3
11708 2
11709 2
11712 1
11713 1
11714 1
11715 1
11716 1
11717 4
11719 1
11722 1
11723 2
11724 5
11725 1
11729 1
11732 1
11734 3
11735 1
11736 3
11738 1
11739 1
11742 1
11745 1
11748 1
11749 2
11750 1
11751 1
11753 2
11754 2
11756 3
11757 2
11758 1
11759 2
11764 1
11765 2
11766 1
11767 3
11769 2
11770 2
11771 1
11772 1
11773 2
11775 1
11776 1
11778 1
11779 1
11780 1
11781 1
11782 1
11783 2
11787 4
11790 1
11791 1
11792 1
11796 1
11797 2
11798 2
11799 1
11800 1
11802 1
11803 1
11806 1
11807 2
11808 2
11809 1
11810 3
11811 1
11813 2
11814 1
11818 1
11819 1
11822 1
11824 1
11826 1
11829 2
11830 2
11831 2
11833 3
11834 1
11839 4
11841 1
11843 2
11844 1
11845 1
11847 1
11848 1
11849 1
11853 1
11854 1
11855 1
11856 1
11860 2
11866 2
11867 1
11872 2
11873 3
11876 3
11877 1
11878 1
11880 1
11883 2
11885 1
11886 1
11887 1
11888 3
11890 1
11894 3
11895 2
11896 2
11897 1
11898 1
11899 2
11901 2
11902 1
11903 2
11906 1
11909 1
11910 1
11911 1
11912 1
11915 2
11916 1
11917 3
11918 1
11919 1
11920 1
11922 1
11924 2
11926 1
11927 1
11928 3
11929 1
11930 1
11932 1
11936 2
11937 2
11941 1
11942 1
11943 4
11945 2
11946 1
11948 2
11950 1
11953 1
11954 3
11956 1
11960 3
11961 1
11962 1
11965 1
11966 1
11969 3
11970 1
11973 1
11975 2
11976 1
11977 2
11978 1
11981 2
11982 2
11984 1
11985 1
11986 2
11987 1
11989 1
11991 2
11992 1
11993 1
11994 2
11995 2
11996 1
12000 2
12006 1
12007 2
12008 1
12012 2
12013 1
12014 1
12019 2
12022 1
12023 1
12025 2
12028 1
12029 3
12030 1
12033 3
12034 1
12035 3
12037 4
12038 2
12039 1
12040 1
12041 1
12043 1
12046 1
12048 2
12050 1
12051 1
12052 1
12053 3
12055 2
12058 1
12059 3
12060 1
12062 1
12063 2
12064 1
12065 1
12066 3
12067 1
12068 1
12069 3
12070 2
12071 1
12073 1
12074 1
12075 3
12077 1
12078 3
12081 1
12083 2
12088 1
12089 1
12090 1
12091 1
12093 3
12095 1
12097 1
12098 2
12100 1
12101 1
12102 1
12103 1
12104 2
12106 1
12108 1
12109 1
12111 1
12113 1
12114 2
12115 1
12116 1
12119 2
12121 1
12123 3
12124 2
12125 3
12126 1
12127 1
12128 1
12130 2
12131 1
12132 1
12136 1
12137 3
12138 2
12139 1
12141 2
12142 3
12144 1
12146 2
12147 1
12148 1
12149 1
12150 1
12154 1
12155 2
12156 2
12157 2
12158 1
12159 2
12162 1
12164 3
12167 2
12168 2
12169 1
12171 1
12172 2
12177 2
12183 1
12184 1
12186 1
12187 1
12189 3
12190 2
12191 1
12194 2
12195 3
12197 2
12200 1
12203 1
12204 1
12206 2
12207 2
12208 1
12210 1
12211 1
12212 1
12216 1
12218 1
12219 1
12221 1
12222 1
12223 1
12224 1
12227 2
12235 1
12237 1
12238 1
12239 1
12240 2
12241 1
12242 2
12243 1
12244 2
12245 1
12246 1
12249 1
12250 1
12251 2
12252 1
12253 1
12254 1
12255 1
12256 2
12258 1
12260 1
12262 2
12266 1
12269 1
12270 1
12274 1
12275 2
12276 1
12278 2
12279 1
12282 1
12284 3
12285 1
12286 2
12287 1
12291 2
12294 2
12296 1
12300 2
12301 1
12302 1
12305 2
12306 1
12307 1
12309 3
12310 1
12311 1
12315 1
12316 1
12317 1
12318 1
12324 1
12326 1
12327 1
12329 2
12331 2
12333 1
12334 2
12336 1
12337 1
12340 2
12341 2
12342 1
12346 1
12350 2
12351 1
12352 2
12353 1
12354 1
12355 3
12356 1
12357 2
12362 1
12364 1
12365 1
12366 1
12368 1
12370 1
12371 1
12372 2
12373 1
12374 2
12376 3
12377 1
12378 1
12379 1
12382 1
12385 1
12386 1
12390 1
12392 3
12394 1
12395 2
12396 1
12398 1
12400 1
12404 2
12406 1
12407 1
12409 1
12410 1
12412 1
12415 1
12418 3
12419 2
12420 1
12421 1
12422 1
12423 3
12426 1
12427 2
12429 1
12430 1
12431 2
12432 2
12434 1
12435 1
12437 1
12438 1
12439 2
12442 1
12444 2
12445 1
12446 1
12447 1
12448 1
12453 1
12457 1
12460 3
12461 2
12462 1
12464 1
12468 1
12470 2
12471 1
12474 1
12475 3
12476 1
12479 1
12482 1
12484 3
12488 1
12491 1
12492 1
12495 1
12498 1
12499 2
12501 2
12502 1
12503 1
12506 2
12508 1
12509 1
12514 1
12515 1
12517 1
12519 2
12521 2
12524 1
12525 1
12527 1
12533 1
12534 1
12537 1
12539 2
12541 2
12545 1
12547 1
12548 2
12549 1
12550 1
12551 1
12556 1
12557 2
12558 1
12559 1
12560 1
12562 1
12564 1
12568 1
12570 1
12572 1
12573 2
12574 1
12575 1
12576 1
12578 1
12583 1
12585 1
12587 3
12589 1
12591 1
12592 1
12595 2
12596 2
12597 1
12598 1
12599 1
12601 3
12602 1
12603 1
12605 1
12610 1
12612 1
12613 1
12616 1
12620 3
12621 2
12624 3
12625 2
12626 1
12627 1
12630 1
12632 2
12635 1
12637 2
12638 1
12639 1
12640 1
12641 1
12642 1
12643 2
12644 1
12645 1
12646 2
12647 1
12651 1
12653 1
12654 1
12655 2
12657 1
12658 1
12659 2
12662 1
12663 1
12666 2
12667 2
12668 1
12671 1
12672 1
12673 1
12680 1
12681 1
12682 4
12683 2
12685 1
12686 1
12687 1
12691 2
12694 1
12695 1
12697 1
12699 1
12700 1
12705 1
12708 2
12709 2
12711 1
12712 1
12713 1
12717 2
12721 1
12723 1
12725 1
12728 2
12729 1
12732 1
12733 1
12734 2
12735 1
12738 1
12741 1
12742 1
12743 1
12746 1
12747 1
12748 2
12751 1
12752 1
12754 1
12755 1
12758 1
12760 1
12762 1
12763 1
12764 1
12770 1
12771 2
12773 2
12775 1
12777 1
12778 1
12779 1
12782 2
12783 1
12784 1
12785 2
12788 2
12789 1
12790 1
12795 1
12796 1
12800 1
12802 2
12803 1
12805 1
12806 1
12807 1
12809 1
12810 1
12811 1
12812 1
12814 1
12815 1
12821 2
12822 1
12823 1
12824 1
12825 1
12826 1
12830 1
12832 2
12835 1
12836 1
12837 3
12838 1
12840 1
12843 1
12845 1
12847 2
12854 1
12863 1
12864 1
12865 1
12866 1
12867 3
12869 1
12871 1
12872 1
12873 1
12874 2
12877 1
12878 1
12879 1
12881 1
12889 1
12890 2
12892 1
12893 1
12895 2
12899 1
12901 2
12903 2
12904 1
12905 1
12906 1
12911 1
12915 1
12919 1
12922 2
12923 1
12927 1
12928 1
12932 1
12933 1
12935 2
12937 1
12940 1
12941 1
12943 1
12945 2
12946 3
12949 2
12950 1
12951 1
12952 2
12961 1
12962 1
12963 1
12966 2
12969 1
12972 3
12977 2
12989 2
12993 3
12994 2
12998 3
13001 2
13002 2
13003 1
13006 1
13007 1
13008 1
13009 2
13010 2
13014 1
13020 2
13021 2
13024 1
13026 2
13030 1
13032 2
13035 1
13036 1
13037 1
13053 1
13054 3
13057 1
13058 1
13060 1
13061 1
13063 1
13066 1
13068 1
13069 1
13070 1
13073 2
13074 1
13075 1
13076 2
13078 1
13080 2
13081 1
13083 1
13084 3
13085 1
13086 3
13087 1
13088 2
13095 1
13097 1
13099 1
13100 1
13102 1
13103 1
13104 1
13106 1
13109 2
13112 3
13114 1
13116 2
13118 1
13119 1
13121 1
13122 1
13123 1
13127 1
13128 3
13129 1
13137 1
13138 1
13141 1
13142 3
13147 1
13149 1
13150 2
13151 2
13152 1
13153 1
13158 1
13159 1
13160 1
13163 1
13164 1
13165 1
13168 1
13172 2
13173 1
13176 2
13178 1
13180 1
13181 1
13190 1
13192 1
13196 1
13201 1
13208 2
13214 1
13215 2
13222 1
13224 1
13229 1
13230 1
13231 1
13237 1
13240 2
13243 1
13245 2
13248 1
13250 1
13254 1
13257 1
13258 2
13259 1
13263 1
13265 1
13273 2
13275 1
13280 1
13286 1
13289 1
13292 2
13295 1
13297 1
13303 1
13306 2
13307 2
13310 1
13311 2
13313 1
13315 1
13316 1
13320 1
13321 1
13322 1
13324 1
13327 1
13332 1
13335 1
13336 2
13339 2
13344 1
13346 2
13347 1
13348 1
13356 2
13363 1
13365 1
13366 1
13367 1
13371 1
13373 1
13374 1
13382 1
13387 1
13389 1
13392 1
13395 2
13397 1
13401 1
13403 1
13404 1
13413 1
13417 1
13419 1
13420 1
13422 1
13425 1
13431 1
13433 1
13435 1
13436 1
13438 2
13439 1
13441 1
13444 1
13445 2
13448 2
13451 1
13452 1
13455 1
13457 1
13458 3
13459 1
13460 2
13461 1
13463 1
13469 1
13478 1
13481 1
13483 1
13486 1
13490 1
13497 1
13500 1
13501 1
13505 1
13512 1
13525 2
13532 1
13537 3
13538 1
13539 1
13545 2
13547 1
13552 2
13553 1
13560 1
13562 2
13565 1
13567 1
13569 1
13571 1
13574 1
13579 2
13583 1
13585 1
13587 1
13596 2
13603 1
13606 1
13607 1
13616 1
13618 3
13626 1
13633 1
13635 2
13637 3
13641 1
13642 1
13648 1
13650 1
13651 1
13660 2
13663 1
13666 1
13669 1
13673 1
13680 1
13681 1
13682 1
13687 3
13688 1
13696 1
13698 1
13700 1
13714 1
13717 1
13718 1
13728 1
13729 1
13731 1
13732 1
13736 1
13737 1
13743 1
13752 1
13758 2
13759 1
13763 1
13764 1
13766 1
13769 1
13775 1
13784 1
13786 1
13789 1
13794 1
13801 1
13805 1
13809 1
13814 2
13818 1
13819 1
13830 1
13836 1
13838 1
13839 1
13841 1
13845 1
13846 1
13850 2
13853 1
13861 1
13862 1
13869 1
13871 2
13872 1
13878 1
13880 1
13940 1
13943 1
13945 1
13949 1
13954 1
13959 1
13960 1
13974 1
13979 1
13989 2
13996 1
14013 1
14016 1
14021 1
14036 1
14037 1
14045 1
14056 1
14057 1
14064 2
14065 1
14071 1
14072 1
14079 2
14083 1
14087 1
14091 1
14097 1
14115 1
14124 2
14125 1
14135 1
14138 1
14139 1
14142 1
14156 2
14164 1
14168 1
14174 1
14175 1
14185 1
14194 1
14197 1
14198 1
14212 1
14227 1
14228 1
14236 1
14238 1
14261 1
14268 1
14283 1
14296 1
14301 2
14307 1
14309 1
14311 2
14325 1
14332 1
14334 1
14339 1
14344 1
14350 3
14379 1
14381 1
14394 1
14395 1
14420 1
14428 1
14453 1
14490 1
14513 1
14516 1
14521 1
14528 1
14544 1
14552 1
14560 1
14565 1
14570 1
14573 1
14590 1
14615 1
14645 1
14650 1
14658 1
14685 1
14687 1
14694 1
14697 1
14710 1
14715 1
14727 1
14735 1
14746 1
14755 1
14797 1
14804 1
14805 1
14819 1
14831 1
14834 1
14835 1
14838 1
14877 1
14930 1
14937 1
14957 1
14964 1
15008 1
15040 1
15075 1
15086 1
15142 1
15149 1
15187 1
15328 1
15395 1
15572 1
15634 1
15810 1
15909 1
15958 1
