500 400000 10
1 3000
2 1847
3 1415
4 1179
5 942
6 845
7 789
8 701
9 603
10 582
11 556
12 518
13 502
14 518
15 437
16 442
17 441
18 393
19 409
20 375
21 359
22 334
23 359
24 334
25 307
26 309
27 304
28 286
29 310
30 310
31 298
32 283
33 279
34 266
35 260
36 261
37 249
38 256
39 250
40 236
41 228
42 230
43 244
44 214
45 228
46 246
47 206
48 245
49 219
50 209
51 214
52 217
53 216
54 202
55 202
56 195
57 194
58 231
59 192
60 203
61 196
62 193
63 196
64 198
65 175
66 208
67 170
68 178
69 185
70 174
71 186
72 184
73 156
74 179
75 171
76 212
77 159
78 188
79 178
80 172
81 141
82 170
83 160
84 174
85 181
86 148
87 158
88 169
89 174
90 174
91 168
92 155
93 155
94 151
95 157
96 154
97 159
98 172
99 149
100 157
101 161
102 142
103 160
104 153
105 133
106 176
107 161
108 154
109 139
110 156
111 158
112 158
113 161
114 159
115 172
116 157
117 158
118 146
119 169
120 157
121 158
122 174
123 165
124 158
125 146
126 154
127 147
128 138
129 129
130 152
131 136
132 143
133 151
134 135
135 149
136 134
137 152
138 136
139 141
140 162
141 144
142 159
143 141
144 138
145 156
146 144
147 136
148 144
149 119
150 136
151 153
152 152
153 139
154 123
155 148
156 160
157 157
158 146
159 127
160 155
161 137
162 151
163 160
164 130
165 128
166 145
167 130
168 124
169 152
170 162
171 120
172 133
173 126
174 128
175 151
176 138
177 133
178 133
179 142
180 131
181 134
182 138
183 151
184 154
185 111
186 147
187 124
188 127
189 102
190 133
191 147
192 139
193 136
194 129
195 152
196 150
197 138
198 139
199 131
200 129
201 142
202 129
203 130
204 110
205 148
206 150
207 131
208 134
209 130
210 133
211 149
212 145
213 131
214 138
215 148
216 136
217 137
218 128
219 137
220 141
221 152
222 134
223 136
224 133
225 137
226 140
227 139
228 124
229 137
230 133
231 132
232 165
233 135
234 120
235 128
236 138
237 117
238 148
239 112
240 131
241 151
242 129
243 132
244 128
245 146
246 149
247 136
248 133
249 127
250 112
251 131
252 131
253 132
254 143
255 134
256 137
257 159
258 147
259 144
260 143
261 131
262 150
263 149
264 123
265 156
266 127
267 141
268 147
269 135
270 149
271 154
272 134
273 127
274 125
275 131
276 152
277 137
278 145
279 148
280 135
281 132
282 131
283 140
284 148
285 149
286 129
287 169
288 139
289 134
290 145
291 143
292 128
293 134
294 149
295 145
296 145
297 129
298 141
299 136
300 102
301 140
302 143
303 144
304 163
305 128
306 143
307 142
308 147
309 128
310 155
311 150
312 135
313 147
314 160
315 148
316 147
317 146
318 139
319 175
320 150
321 187
322 154
323 136
324 145
325 159
326 148
327 135
328 160
329 148
330 147
331 154
332 169
333 142
334 180
335 139
336 138
337 144
338 133
339 153
340 143
341 166
342 160
343 135
344 157
345 155
346 163
347 157
348 183
349 163
350 191
351 148
352 152
353 178
354 167
355 162
356 145
357 149
358 156
359 168
360 158
361 154
362 157
363 184
364 187
365 171
366 156
367 167
368 171
369 166
370 178
371 158
372 177
373 167
374 168
375 182
376 175
377 181
378 158
379 160
380 161
381 159
382 170
383 160
384 179
385 175
386 184
387 157
388 168
389 161
390 184
391 173
392 168
393 171
394 166
395 204
396 185
397 189
398 153
399 161
400 169
401 179
402 180
403 188
404 190
405 184
406 166
407 173
408 175
409 158
410 189
411 168
412 176
413 178
414 186
415 183
416 168
417 193
418 184
419 197
420 213
421 188
422 191
423 216
424 211
425 167
426 200
427 185
428 185
429 201
430 209
431 188
432 210
433 190
434 193
435 215
436 217
437 192
438 207
439 193
440 220
441 191
442 212
443 200
444 198
445 189
446 184
447 222
448 223
449 210
450 224
451 201
452 213
453 216
454 197
455 243
456 201
457 222
458 203
459 244
460 203
461 240
462 220
463 214
464 221
465 192
466 202
467 201
468 223
469 227
470 200
471 241
472 215
473 231
474 226
475 231
476 252
477 247
478 241
479 235
480 259
481 222
482 238
483 253
484 240
485 260
486 230
487 210
488 220
489 259
490 235
491 244
492 242
493 261
494 230
495 253
496 248
497 255
498 259
499 284
500 244
501 235
502 250
503 278
504 290
505 246
506 241
507 239
508 278
509 257
510 264
511 281
512 306
513 253
514 272
515 277
516 300
517 293
518 282
519 259
520 282
521 302
522 267
523 305
524 287
525 314
526 290
527 265
528 280
529 314
530 321
531 290
532 286
533 313
534 296
535 299
536 332
537 310
538 294
539 312
540 354
541 292
542 312
543 341
544 314
545 334
546 310
547 310
548 306
549 327
550 335
551 294
552 326
553 334
554 361
555 330
556 351
557 347
558 372
559 372
560 345
561 352
562 313
563 353
564 346
565 339
566 362
567 375
568 350
569 344
570 353
571 362
572 378
573 359
574 364
575 397
576 388
577 386
578 350
579 370
580 401
581 368
582 379
583 384
584 389
585 363
586 359
587 389
588 389
589 400
590 435
591 411
592 394
593 415
594 401
595 389
596 375
597 444
598 465
599 417
600 398
601 436
602 395
603 423
604 438
605 440
606 431
607 407
608 421
609 403
610 466
611 440
612 435
613 422
614 438
615 423
616 423
617 455
618 448
619 472
620 488
621 431
622 449
623 493
624 455
625 472
626 475
627 490
628 509
629 449
630 468
631 454
632 541
633 509
634 523
635 490
636 490
637 469
638 495
639 463
640 503
641 491
642 494
643 505
644 517
645 503
646 460
647 519
648 504
649 525
650 553
651 519
652 483
653 501
654 528
655 533
656 532
657 519
658 568
659 504
660 548
661 556
662 566
663 536
664 510
665 517
666 510
667 567
668 579
669 540
670 547
671 573
672 551
673 509
674 572
675 583
676 607
677 622
678 581
679 560
680 582
681 532
682 588
683 600
684 614
685 609
686 577
687 606
688 599
689 607
690 644
691 603
692 597
693 600
694 605
695 584
696 613
697 645
698 626
699 649
700 636
701 597
702 609
703 611
704 611
705 602
706 615
707 615
708 622
709 633
710 569
711 612
712 619
713 672
714 619
715 632
716 632
717 616
718 598
719 622
720 639
721 631
722 660
723 670
724 643
725 624
726 656
727 620
728 660
729 621
730 642
731 660
732 658
733 634
734 632
735 631
736 627
737 636
738 630
739 594
740 665
741 648
742 682
743 649
744 616
745 603
746 676
747 611
748 671
749 720
750 670
751 699
752 686
753 676
754 623
755 659
756 653
757 681
758 661
759 641
760 653
761 668
762 629
763 710
764 664
765 676
766 640
767 639
768 632
769 630
770 635
771 658
772 634
773 697
774 661
775 682
776 677
777 614
778 693
779 659
780 644
781 661
782 609
783 637
784 630
785 672
786 608
787 648
788 592
789 658
790 605
791 615
792 663
793 643
794 632
795 608
796 667
797 656
798 626
799 607
800 638
801 620
802 578
803 641
804 619
805 622
806 629
807 632
808 581
809 650
810 633
811 583
812 634
813 596
814 598
815 610
816 616
817 636
818 613
819 601
820 622
821 592
822 616
823 602
824 589
825 588
826 593
827 572
828 590
829 556
830 542
831 596
832 571
833 570
834 575
835 576
836 490
837 577
838 563
839 579
840 556
841 565
842 574
843 560
844 543
845 527
846 533
847 537
848 523
849 542
850 515
851 556
852 559
853 557
854 531
855 548
856 549
857 513
858 510
859 538
860 528
861 516
862 520
863 551
864 506
865 507
866 477
867 487
868 480
869 499
870 516
871 534
872 450
873 489
874 522
875 521
876 514
877 445
878 452
879 431
880 437
881 452
882 459
883 442
884 469
885 451
886 455
887 445
888 434
889 434
890 506
891 446
892 434
893 455
894 427
895 371
896 410
897 414
898 393
899 388
900 401
901 418
902 381
903 378
904 349
905 404
906 416
907 367
908 357
909 315
910 380
911 364
912 361
913 399
914 373
915 346
916 342
917 358
918 355
919 352
920 371
921 340
922 333
923 333
924 325
925 334
926 346
927 280
928 340
929 339
930 333
931 301
932 305
933 345
934 279
935 288
936 265
937 300
938 302
939 294
940 280
941 269
942 273
943 296
944 288
945 283
946 266
947 262
948 241
949 261
950 256
951 211
952 235
953 257
954 269
955 227
956 243
957 238
958 247
959 252
960 229
961 232
962 247
963 234
964 224
965 233
966 229
967 193
968 194
969 215
970 215
971 221
972 199
973 200
974 184
975 203
976 199
977 192
978 194
979 184
980 173
981 188
982 180
983 154
984 144
985 145
986 151
987 171
988 160
989 169
990 155
991 167
992 165
993 148
994 172
995 141
996 152
997 152
998 114
999 132
1000 113
1001 137
1002 121
1003 126
1004 155
1005 120
1006 139
1007 134
1008 128
1009 100
1010 102
1011 122
1012 119
1013 107
1014 132
1015 115
1016 132
1017 96
1018 115
1019 99
1020 107
1021 101
1022 106
1023 97
1024 102
1025 93
1026 100
1027 88
1028 84
1029 95
1030 93
1031 76
1032 94
1033 94
1034 79
1035 83
1036 76
1037 75
1038 94
1039 70
1040 78
1041 91
1042 78
1043 73
1044 77
1045 63
1046 64
1047 53
1048 78
1049 70
1050 62
1051 66
1052 62
1053 64
1054 55
1055 49
1056 59
1057 54
1058 52
1059 55
1060 66
1061 52
1062 49
1063 57
1064 58
1065 45
1066 51
1067 30
1068 50
1069 40
1070 47
1071 31
1072 51
1073 43
1074 38
1075 39
1076 26
1077 37
1078 39
1079 32
1080 29
1081 38
1082 37
1083 41
1084 33
1085 39
1086 29
1087 32
1088 22
1089 22
1090 24
1091 28
1092 25
1093 23
1094 14
1095 25
1096 29
1097 22
1098 20
1099 27
1100 20
1101 19
1102 27
1103 21
1104 24
1105 24
1106 22
1107 26
1108 21
1109 23
1110 15
1111 16
1112 16
1113 10
1114 13
1115 23
1116 11
1117 16
1118 13
1119 18
1120 15
1121 17
1122 3
1123 12
1124 8
1125 15
1126 14
1127 11
1128 7
1129 13
1130 15
1131 14
1132 11
1133 10
1134 10
1135 6
1136 9
1137 10
1138 7
1139 6
1140 10
1141 8
1142 7
1143 4
1144 5
1145 8
1146 4
1147 6
1148 5
1149 9
1150 6
1151 7
1152 8
1153 6
1154 4
1155 3
1156 6
1157 5
1158 7
1159 4
1160 5
1161 4
1162 3
1163 2
1164 1
1165 3
1166 1
1167 3
1168 1
1169 4
1170 4
1171 4
1172 6
1173 3
1174 6
1175 1
1176 3
1177 4
1178 4
1179 1
1180 6
1181 3
1183 1
1185 3
1186 1
1187 4
1188 1
1189 2
1190 4
1191 4
1192 2
1193 1
1195 3
1197 3
1198 1
1199 1
1201 1
1202 1
1203 1
1204 2
1205 1
1206 1
1207 2
1208 2
1209 1
1210 1
1212 1
1213 2
1217 2
1218 2
1220 1
1221 1
1222 1
1224 1
1225 1
1234 1
1242 1
1250 1
1257 1
1264 1
1280 1
