500 400000 10
1 2485
2 1510
3 1228
4 1011
5 793
6 773
7 659
8 663
9 609
10 530
11 557
12 479
13 483
14 435
15 413
16 406
17 404
18 405
19 357
20 394
21 367
22 380
23 328
24 323
25 348
26 355
27 333
28 325
29 321
30 323
31 314
32 290
33 326
34 301
35 287
36 284
37 290
38 277
39 258
40 268
41 264
42 303
43 259
44 282
45 304
46 280
47 285
48 246
49 229
50 270
51 278
52 290
53 274
54 246
55 247
56 238
57 244
58 251
59 251
60 261
61 243
62 237
63 245
64 246
65 250
66 270
67 251
68 266
69 237
70 251
71 244
72 229
73 230
74 243
75 241
76 265
77 251
78 257
79 253
80 231
81 247
82 205
83 228
84 242
85 224
86 267
87 257
88 229
89 225
90 239
91 244
92 255
93 242
94 258
95 237
96 266
97 255
98 269
99 242
100 261
101 230
102 209
103 259
104 223
105 236
106 260
107 239
108 237
109 250
110 234
111 255
112 270
113 259
114 225
115 223
116 253
117 246
118 260
119 236
120 251
121 254
122 244
123 300
124 289
125 238
126 253
127 266
128 281
129 254
130 240
131 263
132 255
133 270
134 267
135 287
136 242
137 262
138 261
139 281
140 292
141 292
142 268
143 252
144 253
145 261
146 285
147 257
148 255
149 260
150 243
151 249
152 248
153 274
154 275
155 253
156 283
157 261
158 290
159 243
160 254
161 266
162 260
163 278
164 298
165 284
166 270
167 280
168 236
169 255
170 236
171 289
172 276
173 265
174 266
175 266
176 236
177 283
178 269
179 291
180 274
181 270
182 284
183 267
184 269
185 283
186 296
187 273
188 282
189 295
190 291
191 292
192 303
193 276
194 261
195 284
196 304
197 292
198 271
199 305
200 293
201 300
202 286
203 298
204 275
205 294
206 276
207 298
208 302
209 334
210 302
211 299
212 298
213 312
214 278
215 280
216 277
217 301
218 280
219 308
220 290
221 310
222 316
223 332
224 286
225 287
226 307
227 308
228 284
229 280
230 332
231 315
232 308
233 290
234 311
235 305
236 296
237 309
238 289
239 326
240 296
241 299
242 302
243 324
244 326
245 331
246 314
247 284
248 304
249 336
250 308
251 355
252 312
253 341
254 336
255 313
256 354
257 365
258 320
259 289
260 317
261 331
262 311
263 337
264 344
265 352
266 328
267 371
268 359
269 315
270 362
271 343
272 360
273 362
274 361
275 363
276 338
277 333
278 370
279 349
280 336
281 377
282 344
283 351
284 363
285 338
286 388
287 333
288 364
289 374
290 347
291 368
292 353
293 328
294 383
295 368
296 349
297 339
298 343
299 374
300 387
301 375
302 344
303 396
304 339
305 390
306 378
307 392
308 359
309 370
310 395
311 441
312 350
313 330
314 383
315 409
316 393
317 384
318 400
319 372
320 372
321 364
322 405
323 372
324 362
325 381
326 374
327 395
328 387
329 369
330 404
331 406
332 403
333 379
334 399
335 412
336 400
337 397
338 387
339 409
340 387
341 383
342 398
343 406
344 409
345 367
346 387
347 425
348 410
349 426
350 389
351 372
352 388
353 407
354 366
355 420
356 412
357 424
358 416
359 428
360 415
361 422
362 392
363 420
364 406
365 406
366 403
367 439
368 388
369 393
370 416
371 408
372 446
373 415
374 430
375 443
376 373
377 439
378 418
379 449
380 435
381 398
382 450
383 455
384 426
385 432
386 470
387 442
388 468
389 460
390 419
391 426
392 450
393 448
394 425
395 435
396 438
397 458
398 438
399 442
400 442
401 454
402 448
403 472
404 459
405 436
406 473
407 462
408 478
409 457
410 426
411 477
412 470
413 453
414 466
415 432
416 484
417 432
418 468
419 489
420 479
421 478
422 510
423 440
424 471
425 515
426 472
427 496
428 481
429 479
430 464
431 467
432 498
433 454
434 484
435 462
436 528
437 488
438 470
439 482
440 471
441 502
442 480
443 487
444 459
445 471
446 522
447 475
448 497
449 484
450 542
451 491
452 497
453 491
454 484
455 521
456 470
457 518
458 502
459 514
460 518
461 508
462 509
463 490
464 515
465 516
466 491
467 529
468 503
469 549
470 558
471 488
472 489
473 481
474 526
475 510
476 517
477 546
478 492
479 529
480 472
481 523
482 493
483 502
484 491
485 493
486 552
487 502
488 503
489 475
490 496
491 552
492 548
493 520
494 543
495 530
496 539
497 535
498 543
499 568
500 511
501 551
502 546
503 550
504 548
505 505
506 538
507 510
508 517
509 520
510 566
511 510
512 523
513 550
514 565
515 531
516 582
517 555
518 533
519 558
520 569
521 574
522 557
523 519
524 539
525 594
526 531
527 537
528 535
529 565
530 591
531 524
532 542
533 593
534 553
535 561
536 566
537 535
538 556
539 564
540 573
541 578
542 548
543 520
544 532
545 558
546 588
547 557
548 618
549 531
550 514
551 593
552 576
553 594
554 580
555 625
556 563
557 597
558 619
559 560
560 568
561 543
562 539
563 579
564 551
565 563
566 563
567 618
568 570
569 549
570 583
571 603
572 580
573 613
574 563
575 602
576 555
577 628
578 583
579 572
580 583
581 584
582 603
583 557
584 592
585 617
586 579
587 606
588 566
589 551
590 548
591 523
592 551
593 559
594 613
595 569
596 558
597 577
598 562
599 594
600 578
601 580
602 605
603 577
604 593
605 581
606 604
607 592
608 625
609 556
610 600
611 604
612 587
613 638
614 581
615 550
616 592
617 637
618 547
619 589
620 597
621 606
622 599
623 627
624 626
625 562
626 597
627 628
628 665
629 588
630 604
631 622
632 559
633 562
634 574
635 589
636 594
637 561
638 617
639 581
640 601
641 601
642 591
643 603
644 597
645 588
646 609
647 608
648 645
649 603
650 556
651 565
652 526
653 591
654 592
655 577
656 611
657 601
658 562
659 546
660 562
661 582
662 644
663 586
664 557
665 581
666 609
667 614
668 586
669 635
670 592
671 541
672 603
673 580
674 584
675 579
676 614
677 566
678 588
679 597
680 608
681 583
682 557
683 587
684 591
685 573
686 535
687 560
688 558
689 571
690 569
691 573
692 559
693 582
694 592
695 627
696 535
697 589
698 556
699 590
700 548
701 591
702 578
703 604
704 564
705 542
706 545
707 559
708 537
709 529
710 563
711 543
712 538
713 546
714 544
715 522
716 590
717 528
718 581
719 540
720 520
721 561
722 557
723 513
724 490
725 529
726 508
727 564
728 564
729 506
730 557
731 516
732 525
733 508
734 531
735 515
736 536
737 488
738 497
739 554
740 496
741 550
742 523
743 496
744 510
745 492
746 508
747 487
748 519
749 486
750 509
751 448
752 512
753 512
754 486
755 475
756 472
757 468
758 475
759 517
760 521
761 495
762 449
763 493
764 464
765 476
766 454
767 443
768 531
769 446
770 499
771 440
772 485
773 467
774 481
775 480
776 466
777 453
778 495
779 449
780 421
781 440
782 474
783 423
784 436
785 430
786 497
787 467
788 445
789 473
790 434
791 431
792 399
793 460
794 444
795 407
796 433
797 395
798 407
799 415
800 442
801 405
802 449
803 406
804 392
805 375
806 414
807 390
808 385
809 393
810 406
811 425
812 407
813 391
814 370
815 394
816 364
817 380
818 368
819 379
820 364
821 369
822 380
823 384
824 376
825 361
826 340
827 356
828 375
829 372
830 347
831 359
832 351
833 376
834 363
835 346
836 354
837 386
838 347
839 341
840 321
841 346
842 315
843 334
844 335
845 339
846 331
847 309
848 331
849 301
850 300
851 339
852 307
853 331
854 355
855 293
856 325
857 307
858 298
859 306
860 324
861 293
862 280
863 286
864 334
865 283
866 294
867 293
868 277
869 297
870 283
871 274
872 226
873 292
874 248
875 280
876 279
877 239
878 217
879 261
880 294
881 224
882 257
883 246
884 273
885 246
886 232
887 255
888 274
889 236
890 223
891 252
892 249
893 245
894 228
895 195
896 228
897 210
898 233
899 232
900 198
901 255
902 225
903 218
904 217
905 196
906 194
907 193
908 194
909 215
910 183
911 209
912 173
913 197
914 205
915 215
916 200
917 187
918 183
919 177
920 190
921 193
922 174
923 169
924 167
925 160
926 179
927 140
928 154
929 174
930 152
931 152
932 151
933 164
934 131
935 145
936 147
937 150
938 160
939 170
940 141
941 130
942 135
943 158
944 127
945 133
946 142
947 116
948 143
949 138
950 129
951 145
952 116
953 130
954 108
955 126
956 122
957 107
958 121
959 124
960 104
961 131
962 116
963 116
964 110
965 105
966 91
967 103
968 107
969 108
970 108
971 111
972 93
973 99
974 101
975 107
976 96
977 90
978 98
979 88
980 82
981 84
982 99
983 68
984 94
985 86
986 92
987 102
988 79
989 68
990 71
991 58
992 73
993 75
994 90
995 71
996 82
997 76
998 68
999 70
1000 67
1001 68
1002 58
1003 70
1004 70
1005 70
1006 70
1007 60
1008 58
1009 60
1010 64
1011 55
1012 60
1013 54
1014 52
1015 59
1016 70
1017 51
1018 46
1019 50
1020 50
1021 40
1022 38
1023 52
1024 50
1025 44
1026 45
1027 30
1028 45
1029 51
1030 45
1031 35
1032 35
1033 49
1034 26
1035 34
1036 34
1037 32
1038 33
1039 45
1040 45
1041 41
1042 29
1043 39
1044 38
1045 18
1046 40
1047 26
1048 35
1049 30
1050 40
1051 20
1052 28
1053 24
1054 31
1055 29
1056 20
1057 27
1058 25
1059 18
1060 27
1061 29
1062 19
1063 33
1064 14
1065 18
1066 29
1067 17
1068 26
1069 21
1070 23
1071 14
1072 24
1073 26
1074 22
1075 22
1076 25
1077 12
1078 25
1079 14
1080 15
1081 21
1082 12
1083 17
1084 16
1085 16
1086 16
1087 16
1088 19
1089 12
1090 20
1091 16
1092 9
1093 13
1094 7
1095 12
1096 12
1097 10
1098 13
1099 14
1100 9
1101 14
1102 10
1103 6
1104 11
1105 15
1106 10
1107 7
1108 18
1109 5
1110 10
1111 7
1112 8
1113 9
1114 13
1115 9
1116 6
1117 6
1118 3
1119 7
1120 8
1121 10
1122 6
1123 4
1124 7
1125 6
1126 4
1127 5
1128 6
1129 6
1130 3
1131 2
1132 6
1133 2
1134 6
1135 5
1136 2
1137 3
1138 3
1139 3
1140 6
1141 2
1142 3
1143 8
1144 3
1145 3
1146 2
1147 5
1148 4
1149 1
1150 2
1151 2
1152 2
1153 6
1154 2
1155 3
1156 3
1157 1
1158 2
1159 2
1160 1
1161 3
1162 1
1163 5
1164 2
1166 1
1167 1
1168 1
1169 3
1170 2
1171 2
1173 1
1174 4
1175 1
1176 1
1177 1
1178 2
1179 3
1180 6
1181 1
1182 1
1183 2
1184 2
1185 2
1186 2
1187 1
1188 1
1189 1
1190 3
1192 2
1193 2
1195 2
1196 2
1197 2
1198 2
1200 1
1201 1
1202 1
1203 2
1204 2
1206 1
1208 2
1211 2
1212 1
1223 1
1229 1
1233 1
1237 1
1249 1
1250 1
