500 800000 10
1 36415
2 23252
3 17762
4 14850
5 12977
6 11454
7 10499
8 9485
9 8960
10 8476
11 8092
12 7620
13 7399
14 7044
15 6689
16 6711
17 6396
18 6208
19 6046
20 5995
21 5884
22 5587
23 5522
24 5520
25 5263
26 5149
27 5165
28 5024
29 5184
30 4944
31 4883
32 4912
33 4814
34 4887
35 4771
36 4770
37 4564
38 4726
39 4592
40 4673
41 4558
42 4550
43 4558
44 4410
45 4488
46 4491
47 4483
48 4531
49 4467
50 4505
51 4404
52 4351
53 4442
54 4335
55 4426
56 4577
57 4282
58 4415
59 4417
60 4383
61 4396
62 4512
63 4515
64 4592
65 4491
66 4543
67 4445
68 4547
69 4613
70 4488
71 4596
72 4522
73 4474
74 4568
75 4683
76 4667
77 4535
78 4677
79 4700
80 4554
81 4735
82 4840
83 4736
84 4885
85 4850
86 4868
87 4855
88 4929
89 4905
90 5237
91 5096
92 5063
93 5226
94 5228
95 5232
96 5232
97 5251
98 5411
99 5407
100 5406
101 5352
102 5496
103 5705
104 5747
105 5751
106 5807
107 5856
108 5876
109 6021
110 5874
111 6058
112 6160
113 6418
114 6305
115 6397
116 6426
117 6502
118 6779
119 6825
120 6733
121 6916
122 6862
123 7103
124 7123
125 7256
126 7410
127 7282
128 7576
129 7799
130 7829
131 7919
132 8061
133 8215
134 8137
135 8441
136 8333
137 8481
138 8672
139 8736
140 8778
141 8783
142 9330
143 9372
144 9146
145 9597
146 9662
147 9763
148 9931
149 9912
150 10221
151 10517
152 10597
153 10683
154 10897
155 11157
156 11007
157 11187
158 11275
159 11697
160 11861
161 11779
162 12021
163 12070
164 12134
165 12286
166 12669
167 12552
168 12914
169 13085
170 13239
171 13191
172 13290
173 13650
174 13888
175 14143
176 14177
177 14012
178 14319
179 14230
180 14348
181 14868
182 14706
183 14843
184 15140
185 15253
186 15197
187 15338
188 15567
189 15229
190 15451
191 15725
192 15604
193 15643
194 15615
195 15583
196 16010
197 15998
198 16161
199 15883
200 16050
201 15939
202 16156
203 15987
204 15809
205 16088
206 15968
207 15858
208 16027
209 16020
210 15777
211 15795
212 15489
213 15459
214 15391
215 15222
216 15451
217 15368
218 14962
219 14963
220 14794
221 14628
222 14565
223 14442
224 14293
225 14138
226 14005
227 13910
228 13591
229 13411
230 13293
231 13072
232 12715
233 12412
234 12661
235 12196
236 11850
237 11878
238 11550
239 11296
240 11179
241 10959
242 10747
243 10365
244 10233
245 9933
246 9694
247 9660
248 9254
249 8992
250 8716
251 8496
252 8144
253 7947
254 7848
255 7761
256 7169
257 7103
258 6796
259 6572
260 6398
261 6224
262 6093
263 5721
264 5528
265 5373
266 5213
267 4903
268 4711
269 4538
270 4527
271 4181
272 4044
273 3933
274 3758
275 3555
276 3414
277 3219
278 3073
279 2997
280 2775
281 2713
282 2474
283 2408
284 2325
285 2080
286 2117
287 1986
288 1875
289 1763
290 1711
291 1545
292 1490
293 1387
294 1357
295 1251
296 1205
297 1140
298 1030
299 934
300 853
301 835
302 826
303 711
304 678
305 598
306 549
307 527
308 520
309 462
310 373
311 420
312 408
313 367
314 353
315 312
316 286
317 255
318 219
319 216
320 189
321 164
322 162
323 134
324 156
325 127
326 114
327 100
328 113
329 84
330 72
331 77
332 79
333 54
334 47
335 52
336 37
337 28
338 38
339 35
340 32
341 23
342 15
343 26
344 19
345 18
346 15
347 11
348 9
349 12
350 4
351 13
352 9
353 7
354 6
355 4
356 4
357 3
358 2
359 3
360 3
361 2
362 1
363 2
364 2
365 2
366 3
369 3
372 1
373 1
375 1
376 1
385 1
