500 100000 20
1 581
2 639
3 679
4 667
5 756
6 719
7 679
8 731
9 741
10 744
11 772
12 724
13 721
14 754
15 703
16 771
17 799
18 725
19 740
20 749
21 765
22 763
23 738
24 792
25 789
26 771
27 792
28 771
29 767
30 809
31 800
32 786
33 801
34 729
35 849
36 766
37 737
38 765
39 769
40 793
41 739
42 780
43 755
44 814
45 795
46 785
47 831
48 814
49 823
50 844
51 823
52 793
53 819
54 782
55 785
56 859
57 810
58 804
59 782
60 758
61 807
62 775
63 807
64 785
65 796
66 847
67 770
68 823
69 814
70 855
71 794
72 812
73 849
74 779
75 778
76 821
77 811
78 797
79 827
80 822
81 813
82 800
83 776
84 792
85 809
86 779
87 762
88 743
89 761
90 816
91 785
92 786
93 809
94 780
95 763
96 736
97 815
98 777
99 777
100 784
101 772
102 774
103 793
104 803
105 792
106 784
107 780
108 735
109 797
110 794
111 772
112 769
113 780
114 742
115 771
116 708
117 787
118 769
119 733
120 753
121 753
122 769
123 734
124 770
125 720
126 716
127 743
128 715
129 759
130 726
131 717
132 689
133 697
134 711
135 697
136 646
137 725
138 709
139 768
140 673
141 681
142 741
143 704
144 739
145 720
146 676
147 695
148 697
149 645
150 610
151 695
152 678
153 684
154 712
155 642
156 656
157 725
158 640
159 687
160 647
161 661
162 653
163 674
164 669
165 645
166 693
167 647
168 656
169 656
170 669
171 655
172 663
173 708
174 644
175 609
176 674
177 668
178 618
179 626
180 636
181 644
182 668
183 579
184 645
185 625
186 634
187 616
188 608
189 587
190 615
191 605
192 581
193 575
194 565
195 580
196 573
197 596
198 602
199 538
200 570
201 599
202 567
203 577
204 592
205 597
206 549
207 546
208 553
209 561
210 574
211 588
212 552
213 569
214 570
215 553
216 544
217 577
218 529
219 542
220 522
221 553
222 517
223 530
224 542
225 524
226 519
227 489
228 534
229 553
230 548
231 504
232 562
233 505
234 557
235 531
236 511
237 489
238 538
239 482
240 541
241 491
242 486
243 477
244 489
245 452
246 490
247 482
248 479
249 492
250 432
251 458
252 435
253 480
254 509
255 474
256 449
257 469
258 488
259 443
260 437
261 477
262 467
263 448
264 461
265 455
266 450
267 428
268 424
269 450
270 433
271 411
272 421
273 458
274 433
275 424
276 425
277 425
278 417
279 384
280 413
281 416
282 386
283 428
284 401
285 405
286 374
287 411
288 417
289 396
290 398
291 387
292 397
293 390
294 383
295 380
296 361
297 387
298 351
299 389
300 344
301 359
302 366
303 346
304 386
305 395
306 359
307 357
308 383
309 351
310 376
311 366
312 353
313 375
314 333
315 402
316 339
317 323
318 380
319 352
320 315
321 320
322 300
323 331
324 304
325 327
326 339
327 316
328 302
329 328
330 360
331 314
332 286
333 326
334 297
335 320
336 324
337 305
338 290
339 297
340 305
341 314
342 278
343 295
344 321
345 293
346 270
347 262
348 279
349 281
350 256
351 288
352 252
353 257
354 299
355 259
356 271
357 255
358 270
359 263
360 282
361 252
362 265
363 274
364 239
365 267
366 253
367 274
368 239
369 242
370 236
371 244
372 273
373 255
374 223
375 223
376 224
377 228
378 234
379 209
380 251
381 226
382 250
383 215
384 222
385 237
386 189
387 245
388 218
389 233
390 241
391 212
392 197
393 210
394 244
395 207
396 217
397 233
398 228
399 211
400 222
401 202
402 202
403 230
404 192
405 198
406 195
407 187
408 204
409 192
410 198
411 172
412 179
413 183
414 182
415 193
416 189
417 177
418 188
419 192
420 187
421 178
422 174
423 174
424 173
425 189
426 172
427 166
428 181
429 170
430 164
431 179
432 185
433 184
434 167
435 152
436 178
437 163
438 153
439 142
440 162
441 169
442 153
443 162
444 154
445 152
446 138
447 163
448 144
449 139
450 147
451 155
452 142
453 136
454 148
455 141
456 168
457 155
458 138
459 139
460 130
461 111
462 114
463 140
464 140
465 128
466 127
467 131
468 125
469 141
470 104
471 109
472 131
473 135
474 109
475 107
476 129
477 152
478 130
479 132
480 106
481 118
482 124
483 130
484 110
485 108
486 105
487 119
488 109
489 106
490 110
491 105
492 109
493 123
494 111
495 114
496 117
497 112
498 85
499 107
500 96
501 103
502 107
503 85
504 112
505 87
506 125
507 104
508 90
509 102
510 97
511 94
512 100
513 104
514 104
515 86
516 88
517 92
518 103
519 94
520 82
521 96
522 83
523 93
524 84
525 85
526 81
527 87
528 84
529 88
530 74
531 79
532 84
533 75
534 77
535 105
536 87
537 67
538 78
539 72
540 75
541 89
542 78
543 85
544 77
545 59
546 71
547 65
548 77
549 71
550 62
551 60
552 67
553 76
554 88
555 61
556 58
557 93
558 63
559 59
560 66
561 68
562 58
563 68
564 64
565 58
566 66
567 60
568 60
569 61
570 56
571 52
572 66
573 60
574 56
575 57
576 66
577 67
578 48
579 41
580 49
581 54
582 50
583 48
584 49
585 55
586 70
587 62
588 43
589 45
590 59
591 44
592 51
593 49
594 32
595 47
596 51
597 46
598 46
599 48
600 50
601 50
602 41
603 48
604 42
605 43
606 43
607 43
608 29
609 44
610 41
611 46
612 56
613 40
614 41
615 48
616 45
617 50
618 38
619 49
620 41
621 55
622 40
623 37
624 46
625 39
626 45
627 34
628 35
629 36
630 29
631 38
632 42
633 38
634 42
635 35
636 41
637 33
638 40
639 34
640 39
641 31
642 34
643 34
644 32
645 34
646 24
647 27
648 30
649 37
650 31
651 29
652 25
653 20
654 29
655 27
656 34
657 18
658 30
659 31
660 25
661 26
662 32
663 20
664 18
665 26
666 29
667 31
668 20
669 28
670 27
671 25
672 31
673 17
674 25
675 21
676 21
677 28
678 30
679 27
680 27
681 23
682 18
683 35
684 29
685 21
686 17
687 20
688 31
689 21
690 26
691 25
692 29
693 14
694 20
695 18
696 15
697 20
698 20
699 18
700 17
701 23
702 15
703 16
704 22
705 16
706 30
707 17
708 20
709 15
710 19
711 17
712 15
713 21
714 21
715 17
716 14
717 19
718 17
719 21
720 18
721 16
722 17
723 18
724 16
725 19
726 9
727 18
728 11
729 11
730 21
731 17
732 20
733 12
734 12
735 14
736 16
737 7
738 16
739 20
740 12
741 11
742 12
743 11
744 11
745 13
746 15
747 10
748 12
749 11
750 10
751 12
752 13
753 14
754 10
755 11
756 14
757 16
758 16
759 9
760 10
761 10
762 9
763 14
764 16
765 12
766 17
767 7
768 9
769 11
770 18
771 12
772 12
773 6
774 8
775 11
776 6
777 10
778 9
779 15
780 13
781 10
782 13
783 15
784 9
785 7
786 5
787 10
788 4
789 6
790 7
791 10
792 7
793 5
794 9
795 9
796 5
797 12
798 9
799 7
800 2
801 6
802 6
803 8
804 8
805 9
806 9
807 8
808 6
809 5
810 5
811 9
812 8
813 3
814 7
815 10
816 5
817 6
818 4
819 4
820 7
821 7
822 8
823 3
824 4
825 4
826 8
827 5
828 7
829 7
830 7
831 8
832 7
833 2
834 1
835 9
836 8
837 4
838 7
839 5
840 3
841 5
842 5
843 8
844 5
845 3
846 8
847 3
848 3
849 6
850 5
851 6
852 3
853 5
854 5
855 5
856 3
857 5
858 5
859 4
860 9
861 1
862 3
863 1
864 3
865 3
866 4
867 4
868 4
869 2
870 6
871 2
872 2
873 2
874 4
875 5
876 9
877 4
878 2
879 2
880 8
881 5
882 1
883 5
884 4
885 5
886 6
887 1
888 2
889 2
890 4
891 4
892 3
893 3
894 3
895 2
896 4
897 4
898 2
899 6
900 3
901 3
902 2
903 4
904 2
905 1
906 5
907 4
908 5
909 2
910 4
911 2
912 4
913 3
915 3
916 4
917 2
918 2
919 2
920 3
921 2
922 6
924 1
925 4
926 2
928 2
929 4
930 1
932 2
933 1
934 4
935 2
936 2
937 1
938 3
939 1
940 1
942 3
943 4
944 3
945 3
946 3
947 5
948 2
949 2
952 3
953 3
956 2
957 3
959 2
960 1
961 1
962 2
964 2
965 3
966 1
967 1
968 4
969 2
973 3
974 1
975 3
977 3
978 3
980 2
981 1
982 1
983 2
985 2
987 1
989 1
991 1
993 1
994 1
995 1
996 2
998 1
1002 2
1004 1
1006 1
1007 6
1008 2
1010 2
1011 1
1012 4
1014 1
1015 1
1016 1
1017 1
1018 1
1019 1
1022 1
1024 1
1025 2
1026 2
1029 1
1032 1
1035 1
1037 1
1038 1
1043 2
1044 1
1049 1
1052 2
1057 1
1059 1
1060 1
1063 1
1064 1
1065 2
1069 1
1070 1
1072 3
1073 2
1079 2
1080 1
1083 1
1085 1
1086 1
1087 1
1088 1
1090 1
1095 1
1097 1
1098 1
1100 2
1104 1
1112 1
1114 1
1123 1
1137 1
1139 1
1141 2
1171 1
1173 1
1175 1
1189 1
1212 1
1215 1
1230 1
1259 1
1328 1
1432 1
