500 800000 10
1 36121
2 23368
3 17670
4 14622
5 12884
6 11464
7 10302
8 9535
9 8930
10 8290
11 8021
12 7620
13 7126
14 7059
15 6779
16 6449
17 6383
18 6206
19 6007
20 5818
21 5688
22 5650
23 5594
24 5420
25 5418
26 5275
27 5204
28 5151
29 4999
30 5056
31 4962
32 4844
33 4815
34 4802
35 4763
36 4857
37 4749
38 4600
39 4538
40 4684
41 4583
42 4681
43 4536
44 4540
45 4431
46 4557
47 4496
48 4454
49 4539
50 4506
51 4387
52 4522
53 4485
54 4529
55 4476
56 4454
57 4424
58 4460
59 4326
60 4456
61 4383
62 4586
63 4460
64 4570
65 4616
66 4498
67 4549
68 4698
69 4489
70 4582
71 4618
72 4605
73 4641
74 4615
75 4774
76 4668
77 4738
78 4527
79 4743
80 4783
81 4856
82 4872
83 4889
84 4932
85 4889
86 4888
87 5109
88 5099
89 5109
90 5074
91 5102
92 5266
93 5313
94 5284
95 5182
96 5445
97 5407
98 5649
99 5585
100 5511
101 5734
102 5525
103 5809
104 5644
105 5796
106 6034
107 6050
108 5935
109 6088
110 6353
111 6387
112 6252
113 6327
114 6498
115 6619
116 6634
117 6916
118 6909
119 6917
120 6982
121 7113
122 7190
123 7278
124 7311
125 7438
126 7565
127 7678
128 7874
129 7937
130 8157
131 8412
132 8111
133 8296
134 8528
135 8545
136 8449
137 8627
138 8927
139 9195
140 9174
141 9301
142 9455
143 9537
144 9619
145 9732
146 9937
147 10219
148 10392
149 10513
150 10259
151 10752
152 10840
153 10899
154 11366
155 11195
156 11347
157 11553
158 11653
159 11654
160 11813
161 12282
162 12210
163 12714
164 12593
165 12697
166 12805
167 12858
168 13033
169 13287
170 13493
171 13503
172 13794
173 13735
174 14275
175 13828
176 14243
177 14393
178 14462
179 14787
180 14765
181 14705
182 14860
183 14972
184 14991
185 15582
186 15383
187 15493
188 15621
189 15446
190 15740
191 15621
192 15608
193 15933
194 15851
195 15899
196 15968
197 15981
198 16141
199 15903
200 16163
201 16003
202 15955
203 16109
204 16040
205 16053
206 15867
207 15837
208 15954
209 15875
210 15847
211 15453
212 15563
213 15459
214 15387
215 14994
216 15039
217 15047
218 14934
219 14833
220 14852
221 14395
222 14386
223 14193
224 14139
225 13962
226 13848
227 13467
228 13419
229 13077
230 13069
231 12758
232 12798
233 12493
234 12084
235 11911
236 11956
237 11540
238 11358
239 11238
240 10966
241 10663
242 10356
243 10278
244 9943
245 9697
246 9512
247 9341
248 9087
249 8696
250 8578
251 8351
252 7947
253 7851
254 7642
255 7407
256 7047
257 6762
258 6817
259 6493
260 6475
261 5969
262 5777
263 5630
264 5506
265 5286
266 5042
267 4802
268 4549
269 4542
270 4310
271 4029
272 3927
273 3721
274 3602
275 3485
276 3321
277 3249
278 3019
279 2848
280 2714
281 2575
282 2461
283 2326
284 2205
285 2064
286 1893
287 1789
288 1802
289 1625
290 1574
291 1513
292 1365
293 1384
294 1266
295 1233
296 1100
297 1050
298 956
299 925
300 827
301 815
302 760
303 678
304 655
305 595
306 541
307 500
308 480
309 457
310 431
311 392
312 383
313 330
314 299
315 293
316 267
317 227
318 201
319 215
320 178
321 199
322 153
323 159
324 133
325 116
326 113
327 79
328 89
329 100
330 83
331 65
332 69
333 54
334 49
335 44
336 42
337 32
338 44
339 32
340 27
341 27
342 23
343 18
344 22
345 17
346 15
347 19
348 13
349 11
350 4
351 11
352 3
353 5
354 3
355 3
356 4
357 4
358 6
359 2
360 3
361 3
362 2
363 3
364 3
365 1
367 1
368 1
369 2
370 1
371 1
372 2
377 1
385 2
