500 100000 40
1 866
2 933
3 894
4 908
5 920
6 928
7 925
8 956
9 935
10 937
11 933
12 889
13 948
14 964
15 972
16 964
17 930
18 949
19 902
20 918
21 971
22 926
23 979
24 964
25 872
26 895
27 902
28 935
29 959
30 959
31 943
32 867
33 964
34 895
35 937
36 835
37 891
38 890
39 954
40 975
41 864
42 893
43 929
44 858
45 931
46 930
47 877
48 860
49 864
50 894
51 872
52 883
53 892
54 863
55 900
56 850
57 894
58 851
59 877
60 860
61 883
62 827
63 874
64 831
65 875
66 881
67 853
68 842
69 874
70 848
71 821
72 832
73 841
74 803
75 777
76 873
77 859
78 822
79 808
80 826
81 821
82 798
83 841
84 828
85 795
86 854
87 795
88 813
89 810
90 778
91 748
92 867
93 851
94 768
95 775
96 764
97 791
98 802
99 823
100 738
101 743
102 785
103 753
104 768
105 744
106 744
107 742
108 740
109 740
110 699
111 755
112 709
113 732
114 799
115 718
116 738
117 741
118 724
119 703
120 697
121 700
122 700
123 720
124 686
125 691
126 734
127 725
128 680
129 701
130 724
131 709
132 625
133 700
134 679
135 645
136 675
137 685
138 690
139 698
140 741
141 656
142 656
143 680
144 679
145 671
146 670
147 580
148 645
149 653
150 635
151 652
152 638
153 647
154 614
155 594
156 626
157 571
158 625
159 607
160 638
161 622
162 599
163 618
164 556
165 612
166 610
167 629
168 577
169 569
170 611
171 577
172 578
173 614
174 588
175 580
176 525
177 563
178 566
179 598
180 555
181 577
182 560
183 576
184 579
185 569
186 530
187 521
188 530
189 570
190 566
191 546
192 537
193 579
194 492
195 583
196 504
197 523
198 530
199 562
200 514
201 489
202 499
203 522
204 509
205 494
206 508
207 500
208 523
209 520
210 476
211 457
212 470
213 460
214 467
215 515
216 472
217 494
218 467
219 489
220 498
221 498
222 495
223 485
224 446
225 480
226 450
227 462
228 436
229 428
230 456
231 442
232 436
233 454
234 451
235 456
236 419
237 463
238 433
239 471
240 418
241 422
242 431
243 445
244 469
245 386
246 396
247 412
248 426
249 386
250 405
251 421
252 406
253 427
254 430
255 398
256 399
257 394
258 398
259 414
260 388
261 427
262 369
263 418
264 401
265 412
266 406
267 374
268 362
269 386
270 352
271 327
272 371
273 365
274 362
275 344
276 308
277 372
278 369
279 369
280 354
281 355
282 390
283 364
284 331
285 379
286 338
287 341
288 347
289 340
290 327
291 344
292 351
293 352
294 331
295 365
296 317
297 321
298 371
299 332
300 359
301 330
302 348
303 312
304 336
305 359
306 307
307 323
308 328
309 288
310 286
311 320
312 311
313 328
314 287
315 278
316 312
317 288
318 281
319 306
320 308
321 319
322 279
323 288
324 274
325 325
326 311
327 297
328 267
329 281
330 280
331 266
332 294
333 297
334 284
335 250
336 266
337 274
338 297
339 268
340 245
341 283
342 254
343 289
344 270
345 271
346 258
347 230
348 258
349 220
350 251
351 240
352 255
353 240
354 274
355 242
356 254
357 246
358 222
359 223
360 246
361 227
362 222
363 215
364 238
365 239
366 265
367 216
368 207
369 257
370 246
371 223
372 213
373 237
374 216
375 242
376 198
377 217
378 252
379 208
380 238
381 220
382 206
383 209
384 201
385 208
386 203
387 245
388 182
389 193
390 217
391 209
392 196
393 210
394 205
395 189
396 217
397 221
398 202
399 201
400 172
401 206
402 173
403 209
404 175
405 163
406 168
407 189
408 196
409 184
410 190
411 163
412 181
413 166
414 182
415 164
416 191
417 195
418 174
419 156
420 175
421 166
422 160
423 179
424 186
425 160
426 161
427 208
428 138
429 150
430 168
431 167
432 172
433 158
434 160
435 143
436 163
437 158
438 168
439 175
440 154
441 146
442 142
443 122
444 175
445 149
446 134
447 140
448 159
449 135
450 134
451 120
452 138
453 135
454 166
455 149
456 140
457 145
458 154
459 143
460 131
461 151
462 160
463 117
464 146
465 117
466 127
467 125
468 133
469 125
470 133
471 134
472 124
473 118
474 125
475 137
476 140
477 135
478 111
479 128
480 119
481 128
482 132
483 120
484 116
485 112
486 117
487 117
488 112
489 128
490 99
491 143
492 104
493 94
494 91
495 120
496 114
497 98
498 105
499 85
500 108
501 119
502 119
503 117
504 118
505 84
506 82
507 112
508 105
509 96
510 89
511 87
512 74
513 101
514 88
515 97
516 105
517 97
518 94
519 83
520 96
521 90
522 80
523 83
524 88
525 70
526 94
527 92
528 81
529 98
530 94
531 108
532 86
533 100
534 98
535 76
536 110
537 76
538 80
539 86
540 68
541 75
542 79
543 74
544 87
545 80
546 89
547 88
548 94
549 78
550 65
551 94
552 90
553 70
554 70
555 79
556 66
557 68
558 71
559 68
560 65
561 76
562 80
563 60
564 60
565 80
566 67
567 81
568 67
569 59
570 75
571 71
572 73
573 73
574 67
575 67
576 61
577 64
578 55
579 78
580 68
581 69
582 71
583 75
584 66
585 70
586 57
587 51
588 68
589 68
590 65
591 63
592 60
593 51
594 61
595 53
596 60
597 54
598 63
599 54
600 54
601 56
602 54
603 53
604 70
605 48
606 57
607 47
608 53
609 50
610 54
611 55
612 54
613 54
614 61
615 50
616 58
617 60
618 54
619 56
620 45
621 59
622 45
623 40
624 43
625 50
626 58
627 56
628 39
629 37
630 47
631 54
632 50
633 43
634 52
635 53
636 48
637 38
638 43
639 41
640 44
641 52
642 50
643 37
644 38
645 54
646 47
647 47
648 45
649 35
650 46
651 42
652 46
653 35
654 33
655 38
656 41
657 28
658 37
659 44
660 50
661 28
662 40
663 30
664 51
665 40
666 42
667 34
668 28
669 39
670 33
671 36
672 21
673 45
674 47
675 33
676 38
677 36
678 44
679 41
680 27
681 41
682 24
683 33
684 39
685 39
686 33
687 32
688 37
689 39
690 39
691 32
692 34
693 37
694 24
695 26
696 28
697 31
698 28
699 30
700 22
701 39
702 37
703 34
704 35
705 22
706 26
707 34
708 21
709 24
710 32
711 29
712 24
713 38
714 33
715 28
716 26
717 30
718 14
719 31
720 36
721 22
722 32
723 24
724 19
725 22
726 15
727 24
728 23
729 22
730 25
731 22
732 22
733 23
734 21
735 16
736 18
737 13
738 24
739 24
740 22
741 24
742 24
743 20
744 25
745 22
746 24
747 32
748 24
749 16
750 13
751 19
752 23
753 17
754 25
755 18
756 19
757 20
758 15
759 21
760 22
761 13
762 30
763 26
764 18
765 22
766 25
767 19
768 21
769 19
770 20
771 21
772 15
773 18
774 10
775 26
776 15
777 17
778 21
779 19
780 10
781 8
782 17
783 12
784 18
785 22
786 11
787 20
788 12
789 15
790 19
791 19
792 15
793 18
794 14
795 16
796 15
797 19
798 16
799 15
800 19
801 12
802 21
803 23
804 14
805 19
806 9
807 9
808 19
809 19
810 17
811 10
812 12
813 10
814 16
815 17
816 11
817 12
818 17
819 7
820 18
821 14
822 14
823 5
824 10
825 16
826 10
827 17
828 13
829 13
830 11
831 9
832 19
833 10
834 12
835 14
836 11
837 14
838 11
839 9
840 14
841 9
842 10
843 13
844 16
845 18
846 6
847 17
848 10
849 13
850 4
851 16
852 8
853 12
854 18
855 9
856 4
857 6
858 16
859 6
860 15
861 11
862 10
863 9
864 6
865 4
866 9
867 15
868 12
869 13
870 13
871 8
872 10
873 10
874 9
875 11
876 10
877 17
878 11
879 16
880 14
881 6
882 12
883 10
884 11
885 12
886 10
887 8
888 7
889 4
890 7
891 10
892 5
893 5
894 6
895 6
896 9
897 10
898 11
899 4
900 8
901 4
902 4
903 10
904 6
905 5
906 7
907 9
908 6
909 4
910 7
911 10
912 9
913 9
914 5
915 7
916 6
917 4
918 9
919 5
920 4
921 5
922 7
923 9
924 1
925 10
926 5
927 5
928 5
929 5
930 5
931 2
932 5
933 4
934 4
935 4
936 9
937 9
938 8
939 4
940 3
941 4
942 11
943 1
944 4
945 12
946 4
947 8
948 6
949 3
950 2
951 4
952 3
953 6
954 2
955 5
956 5
957 4
958 5
959 6
960 4
961 6
962 2
963 8
964 5
965 4
966 3
967 4
968 7
969 4
970 10
971 8
972 5
973 5
974 5
975 2
976 2
978 8
979 3
980 5
981 4
982 5
983 7
984 5
985 1
987 8
988 4
989 3
990 4
991 3
992 6
993 7
994 4
995 2
996 3
997 4
999 3
1000 4
1001 1
1002 4
1003 3
1004 4
1005 6
1006 6
1007 7
1008 5
1009 1
1010 3
1011 1
1012 6
1013 3
1014 4
1016 1
1017 2
1018 2
1019 3
1020 4
1021 6
1022 7
1023 3
1024 2
1025 5
1026 4
1027 7
1029 3
1030 3
1031 5
1032 1
1033 2
1034 2
1035 3
1036 3
1037 2
1038 3
1039 2
1040 1
1041 3
1042 2
1043 5
1044 2
1045 4
1046 1
1047 1
1048 3
1049 1
1050 1
1051 4
1052 2
1054 4
1055 3
1056 2
1057 2
1058 3
1059 6
1061 1
1062 2
1063 2
1064 5
1065 1
1066 3
1067 1
1068 2
1069 5
1070 3
1071 2
1072 2
1074 1
1075 1
1076 3
1077 2
1079 1
1080 1
1081 2
1082 3
1083 2
1084 1
1085 1
1086 6
1087 1
1088 1
1089 1
1090 1
1091 1
1093 1
1095 1
1096 3
1097 1
1101 1
1102 2
1103 2
1104 2
1106 3
1107 1
1108 3
1109 1
1110 3
1112 3
1113 1
1114 3
1115 2
1116 3
1117 5
1118 1
1119 1
1120 1
1121 3
1122 3
1123 1
1124 1
1125 2
1126 3
1128 2
1130 2
1131 1
1132 2
1133 2
1134 1
1136 1
1137 1
1138 2
1139 2
1140 1
1142 1
1143 2
1144 1
1145 2
1146 1
1148 1
1149 1
1150 1
1151 2
1152 2
1153 2
1154 2
1155 4
1156 2
1157 2
1158 2
1159 1
1160 1
1161 2
1165 1
1166 1
1168 1
1170 1
1171 4
1173 2
1174 3
1176 2
1179 2
1181 4
1184 1
1188 2
1189 1
1190 1
1193 2
1194 1
1195 2
1198 1
1199 2
1200 2
1202 2
1205 1
1207 1
1209 1
1210 3
1212 1
1213 1
1215 1
1216 1
1220 1
1221 1
1225 2
1226 3
1230 2
1231 1
1232 1
1234 2
1236 1
1237 1
1238 1
1239 1
1246 1
1247 1
1251 2
1252 1
1254 1
1258 1
1260 1
1262 1
1264 1
1267 1
1268 1
1269 1
1271 4
1274 1
1277 1
1279 1
1280 1
1282 1
1283 1
1288 3
1289 1
1290 1
1291 1
1294 2
1295 1
1303 1
1304 1
1305 1
1306 1
1307 1
1309 1
1313 1
1319 1
1322 1
1340 1
1353 1
1360 1
1363 1
1366 1
1367 1
1368 1
1371 1
1374 1
1385 1
1393 1
1397 1
1413 2
1420 1
1424 1
1428 1
1429 1
1436 1
1471 1
1473 1
1480 1
1491 1
1504 1
1514 1
1640 1
1661 1
1663 1
1874 1
