100 300000 15
1 78
2 50
3 42
4 40
5 22
6 30
7 25
8 25
9 21
10 33
11 18
12 20
13 23
14 16
15 20
16 13
17 12
18 20
19 12
20 16
21 13
22 14
23 19
24 19
25 15
26 15
27 12
28 7
29 13
30 18
31 8
32 13
33 12
34 6
35 11
36 9
37 13
38 11
39 16
40 10
41 12
42 11
43 17
44 14
45 8
46 12
47 16
48 7
49 14
50 8
51 11
52 18
53 15
54 13
55 11
56 17
57 14
58 8
59 6
60 6
61 9
62 10
63 12
64 14
65 13
66 10
67 18
68 10
69 13
70 10
71 11
72 6
73 16
74 15
75 14
76 9
77 14
78 13
79 6
80 13
81 9
82 17
83 11
84 13
85 10
86 15
87 8
88 8
89 7
90 9
91 15
92 8
93 5
94 9
95 11
96 17
97 13
98 10
99 14
100 12
101 10
102 11
103 12
104 16
105 8
106 13
107 12
108 10
109 11
110 8
111 12
112 10
113 6
114 13
115 11
116 12
117 21
118 12
119 13
120 11
121 14
122 11
123 11
124 8
125 11
126 7
127 11
128 10
129 9
130 11
131 13
132 8
133 15
134 10
135 12
136 13
137 7
138 7
139 12
140 17
141 15
142 8
143 6
144 10
145 8
146 10
147 8
148 11
149 8
150 15
151 11
152 8
153 19
154 18
155 13
156 12
157 10
158 6
159 11
160 10
161 11
162 5
163 14
164 13
165 12
166 4
167 4
168 9
169 16
170 10
171 13
172 14
173 12
174 15
175 9
176 12
177 17
178 16
179 15
180 16
181 10
182 7
183 12
184 12
185 12
186 12
187 6
188 12
189 17
190 8
191 15
192 13
193 13
194 17
195 10
196 8
197 9
198 14
199 11
200 10
201 9
202 15
203 14
204 11
205 17
206 11
207 17
208 11
209 10
210 14
211 10
212 8
213 15
214 11
215 6
216 10
217 15
218 17
219 9
220 12
221 11
222 12
223 11
224 4
225 14
226 15
227 13
228 5
229 16
230 8
231 15
232 11
233 12
234 16
235 18
236 18
237 14
238 6
239 13
240 19
241 18
242 12
243 11
244 15
245 10
246 14
247 13
248 14
249 16
250 14
251 11
252 12
253 18
254 19
255 16
256 11
257 13
258 9
259 14
260 13
261 17
262 13
263 13
264 10
265 12
266 9
267 11
268 23
269 9
270 17
271 14
272 11
273 15
274 13
275 10
276 12
277 15
278 16
279 15
280 12
281 13
282 16
283 14
284 21
285 19
286 12
287 10
288 6
289 12
290 8
291 13
292 16
293 17
294 15
295 12
296 13
297 14
298 11
299 12
300 6
301 16
302 11
303 12
304 12
305 12
306 7
307 10
308 17
309 14
310 17
311 15
312 12
313 14
314 9
315 9
316 13
317 15
318 12
319 18
320 22
321 13
322 10
323 13
324 14
325 18
326 12
327 12
328 16
329 9
330 17
331 18
332 8
333 8
334 17
335 14
336 12
337 10
338 15
339 18
340 12
341 16
342 12
343 4
344 17
345 11
346 16
347 11
348 12
349 13
350 13
351 9
352 12
353 12
354 17
355 15
356 15
357 14
358 19
359 17
360 10
361 15
362 10
363 15
364 15
365 14
366 17
367 12
368 11
369 11
370 12
371 14
372 21
373 18
374 7
375 22
376 15
377 10
378 10
379 11
380 16
381 10
382 11
383 10
384 19
385 12
386 12
387 9
388 15
389 18
390 22
391 9
392 22
393 17
394 10
395 17
396 11
397 17
398 17
399 17
400 6
401 12
402 20
403 16
404 14
405 18
406 16
407 13
408 14
409 11
410 10
411 14
412 16
413 14
414 10
415 9
416 11
417 15
418 22
419 18
420 18
421 20
422 12
423 11
424 22
425 15
426 17
427 16
428 22
429 17
430 17
431 18
432 15
433 11
434 18
435 15
436 15
437 21
438 7
439 12
440 13
441 13
442 13
443 18
444 13
445 11
446 19
447 19
448 15
449 18
450 20
451 19
452 5
453 15
454 10
455 15
456 13
457 8
458 13
459 15
460 19
461 19
462 13
463 17
464 20
465 14
466 13
467 22
468 13
469 13
470 16
471 14
472 10
473 17
474 18
475 11
476 20
477 13
478 21
479 17
480 12
481 13
482 15
483 17
484 15
485 20
486 19
487 16
488 12
489 14
490 26
491 21
492 18
493 16
494 10
495 22
496 18
497 20
498 10
499 16
500 13
501 19
502 14
503 19
504 22
505 13
506 14
507 14
508 12
509 10
510 18
511 16
512 8
513 24
514 20
515 16
516 17
517 21
518 16
519 19
520 21
521 17
522 18
523 14
524 15
525 17
526 11
527 22
528 11
529 15
530 18
531 13
532 20
533 17
534 20
535 14
536 18
537 17
538 15
539 21
540 14
541 15
542 17
543 15
544 12
545 15
546 18
547 18
548 9
549 11
550 9
551 15
552 24
553 16
554 13
555 16
556 19
557 13
558 16
559 13
560 23
561 25
562 14
563 16
564 11
565 9
566 17
567 14
568 15
569 16
570 24
571 11
572 17
573 16
574 20
575 7
576 15
577 16
578 10
579 11
580 11
581 18
582 16
583 18
584 15
585 17
586 15
587 19
588 18
589 14
590 19
591 17
592 14
593 21
594 19
595 14
596 17
597 17
598 17
599 15
600 14
601 11
602 10
603 15
604 19
605 12
606 15
607 10
608 11
609 18
610 21
611 24
612 18
613 20
614 20
615 22
616 17
617 18
618 25
619 21
620 16
621 15
622 15
623 22
624 12
625 19
626 18
627 19
628 11
629 11
630 21
631 16
632 17
633 26
634 14
635 28
636 11
637 17
638 18
639 17
640 15
641 22
642 24
643 13
644 16
645 13
646 20
647 19
648 13
649 25
650 17
651 15
652 18
653 8
654 12
655 15
656 15
657 17
658 25
659 14
660 11
661 24
662 16
663 21
664 15
665 13
666 16
667 19
668 15
669 13
670 18
671 23
672 17
673 17
674 21
675 20
676 20
677 17
678 19
679 22
680 19
681 15
682 14
683 16
684 11
685 9
686 18
687 18
688 14
689 15
690 13
691 15
692 14
693 17
694 25
695 15
696 12
697 17
698 17
699 20
700 9
701 15
702 22
703 31
704 21
705 14
706 16
707 22
708 20
709 20
710 20
711 24
712 7
713 17
714 19
715 12
716 16
717 9
718 15
719 24
720 18
721 21
722 11
723 20
724 22
725 15
726 16
727 17
728 19
729 11
730 18
731 32
732 20
733 20
734 9
735 15
736 13
737 20
738 19
739 13
740 17
741 18
742 15
743 18
744 22
745 17
746 13
747 16
748 16
749 16
750 14
751 10
752 22
753 16
754 23
755 15
756 14
757 12
758 12
759 12
760 18
761 20
762 16
763 10
764 13
765 21
766 12
767 18
768 17
769 17
770 24
771 21
772 16
773 15
774 15
775 22
776 15
777 24
778 23
779 18
780 16
781 12
782 21
783 15
784 10
785 15
786 22
787 22
788 17
789 19
790 24
791 10
792 18
793 24
794 19
795 16
796 23
797 19
798 23
799 15
800 21
801 18
802 9
803 12
804 10
805 14
806 25
807 18
808 24
809 20
810 22
811 15
812 14
813 13
814 13
815 18
816 15
817 19
818 19
819 12
820 25
821 18
822 9
823 16
824 14
825 14
826 19
827 20
828 12
829 26
830 20
831 18
832 11
833 13
834 14
835 18
836 13
837 16
838 16
839 26
840 15
841 14
842 15
843 14
844 25
845 12
846 18
847 15
848 16
849 21
850 22
851 21
852 17
853 13
854 12
855 22
856 18
857 14
858 23
859 17
860 22
861 18
862 24
863 15
864 24
865 16
866 16
867 19
868 22
869 21
870 12
871 21
872 19
873 21
874 14
875 19
876 22
877 16
878 18
879 14
880 19
881 14
882 19
883 6
884 19
885 22
886 15
887 24
888 19
889 15
890 16
891 14
892 17
893 21
894 14
895 21
896 15
897 18
898 20
899 22
900 18
901 16
902 13
903 21
904 18
905 14
906 17
907 15
908 25
909 15
910 12
911 22
912 25
913 18
914 20
915 9
916 22
917 21
918 20
919 12
920 24
921 18
922 8
923 14
924 18
925 21
926 22
927 19
928 11
929 18
930 18
931 22
932 15
933 16
934 19
935 20
936 10
937 14
938 12
939 12
940 18
941 17
942 24
943 20
944 20
945 15
946 18
947 13
948 17
949 11
950 16
951 17
952 12
953 14
954 18
955 13
956 14
957 19
958 23
959 20
960 27
961 21
962 18
963 14
964 12
965 21
966 23
967 17
968 23
969 15
970 8
971 10
972 20
973 25
974 17
975 18
976 12
977 20
978 20
979 16
980 18
981 17
982 17
983 26
984 21
985 12
986 16
987 19
988 17
989 16
990 19
991 23
992 11
993 14
994 15
995 18
996 23
997 18
998 14
999 13
1000 15
1001 19
1002 24
1003 19
1004 22
1005 20
1006 24
1007 18
1008 22
1009 23
1010 21
1011 19
1012 19
1013 16
1014 22
1015 14
1016 14
1017 18
1018 13
1019 12
1020 19
1021 21
1022 22
1023 17
1024 14
1025 19
1026 17
1027 15
1028 23
1029 16
1030 24
1031 13
1032 16
1033 21
1034 15
1035 18
1036 21
1037 14
1038 26
1039 20
1040 28
1041 19
1042 20
1043 14
1044 15
1045 23
1046 12
1047 22
1048 19
1049 19
1050 18
1051 17
1052 13
1053 20
1054 14
1055 26
1056 14
1057 19
1058 18
1059 15
1060 20
1061 25
1062 12
1063 17
1064 18
1065 20
1066 18
1067 15
1068 16
1069 24
1070 18
1071 20
1072 13
1073 17
1074 23
1075 19
1076 16
1077 27
1078 24
1079 22
1080 12
1081 24
1082 23
1083 15
1084 21
1085 14
1086 11
1087 11
1088 16
1089 18
1090 16
1091 14
1092 19
1093 17
1094 15
1095 21
1096 18
1097 17
1098 18
1099 16
1100 19
1101 17
1102 16
1103 15
1104 14
1105 13
1106 15
1107 16
1108 24
1109 17
1110 18
1111 12
1112 12
1113 17
1114 12
1115 15
1116 16
1117 14
1118 21
1119 17
1120 17
1121 18
1122 13
1123 19
1124 16
1125 23
1126 21
1127 24
1128 17
1129 13
1130 19
1131 19
1132 23
1133 18
1134 13
1135 15
1136 20
1137 16
1138 16
1139 15
1140 21
1141 16
1142 18
1143 14
1144 17
1145 24
1146 19
1147 19
1148 10
1149 17
1150 14
1151 16
1152 19
1153 20
1154 15
1155 26
1156 17
1157 15
1158 10
1159 17
1160 24
1161 21
1162 19
1163 9
1164 23
1165 13
1166 15
1167 14
1168 15
1169 13
1170 10
1171 20
1172 15
1173 25
1174 13
1175 23
1176 15
1177 15
1178 21
1179 22
1180 25
1181 25
1182 16
1183 14
1184 14
1185 17
1186 18
1187 16
1188 16
1189 15
1190 16
1191 25
1192 13
1193 17
1194 15
1195 14
1196 20
1197 12
1198 11
1199 26
1200 15
1201 11
1202 13
1203 18
1204 18
1205 24
1206 20
1207 17
1208 12
1209 11
1210 18
1211 18
1212 16
1213 7
1214 19
1215 15
1216 13
1217 20
1218 12
1219 18
1220 17
1221 18
1222 18
1223 22
1224 22
1225 18
1226 21
1227 19
1228 11
1229 7
1230 19
1231 22
1232 17
1233 12
1234 19
1235 17
1236 24
1237 12
1238 12
1239 15
1240 21
1241 15
1242 23
1243 19
1244 24
1245 11
1246 22
1247 13
1248 23
1249 19
1250 16
1251 16
1252 19
1253 24
1254 18
1255 17
1256 15
1257 14
1258 14
1259 15
1260 11
1261 16
1262 14
1263 14
1264 17
1265 9
1266 27
1267 19
1268 13
1269 22
1270 18
1271 16
1272 14
1273 23
1274 15
1275 19
1276 23
1277 13
1278 21
1279 16
1280 16
1281 11
1282 13
1283 10
1284 15
1285 19
1286 13
1287 21
1288 22
1289 14
1290 15
1291 19
1292 17
1293 12
1294 21
1295 16
1296 18
1297 14
1298 16
1299 14
1300 15
1301 13
1302 10
1303 17
1304 15
1305 15
1306 18
1307 20
1308 21
1309 11
1310 18
1311 14
1312 13
1313 8
1314 21
1315 17
1316 12
1317 9
1318 11
1319 21
1320 14
1321 21
1322 14
1323 15
1324 8
1325 17
1326 9
1327 15
1328 12
1329 18
1330 13
1331 17
1332 19
1333 17
1334 16
1335 18
1336 11
1337 18
1338 18
1339 19
1340 17
1341 23
1342 21
1343 10
1344 14
1345 17
1346 17
1347 17
1348 16
1349 18
1350 13
1351 13
1352 25
1353 15
1354 12
1355 14
1356 19
1357 14
1358 14
1359 15
1360 13
1361 8
1362 14
1363 14
1364 14
1365 15
1366 12
1367 14
1368 16
1369 19
1370 11
1371 17
1372 19
1373 11
1374 19
1375 14
1376 13
1377 20
1378 16
1379 11
1380 15
1381 13
1382 17
1383 12
1384 18
1385 17
1386 13
1387 16
1388 22
1389 11
1390 17
1391 14
1392 18
1393 16
1394 12
1395 15
1396 10
1397 17
1398 15
1399 12
1400 7
1401 22
1402 14
1403 22
1404 15
1405 10
1406 21
1407 15
1408 12
1409 13
1410 18
1411 22
1412 15
1413 16
1414 17
1415 27
1416 18
1417 16
1418 25
1419 16
1420 13
1421 12
1422 14
1423 16
1424 13
1425 14
1426 16
1427 15
1428 15
1429 16
1430 16
1431 16
1432 11
1433 17
1434 14
1435 12
1436 18
1437 11
1438 18
1439 22
1440 14
1441 14
1442 21
1443 15
1444 18
1445 11
1446 6
1447 15
1448 15
1449 12
1450 24
1451 10
1452 13
1453 14
1454 11
1455 13
1456 9
1457 13
1458 13
1459 13
1460 22
1461 14
1462 11
1463 13
1464 13
1465 17
1466 16
1467 12
1468 16
1469 11
1470 17
1471 16
1472 19
1473 18
1474 16
1475 25
1476 16
1477 7
1478 17
1479 15
1480 9
1481 13
1482 18
1483 10
1484 10
1485 15
1486 15
1487 15
1488 14
1489 16
1490 16
1491 16
1492 15
1493 14
1494 13
1495 10
1496 18
1497 9
1498 18
1499 10
1500 19
1501 14
1502 14
1503 14
1504 15
1505 9
1506 17
1507 12
1508 11
1509 12
1510 16
1511 11
1512 15
1513 14
1514 8
1515 18
1516 15
1517 11
1518 15
1519 17
1520 10
1521 13
1522 13
1523 7
1524 14
1525 10
1526 14
1527 10
1528 15
1529 21
1530 14
1531 16
1532 10
1533 12
1534 10
1535 13
1536 19
1537 18
1538 18
1539 10
1540 13
1541 11
1542 13
1543 14
1544 17
1545 7
1546 21
1547 14
1548 13
1549 17
1550 19
1551 12
1552 12
1553 15
1554 15
1555 9
1556 21
1557 10
1558 12
1559 7
1560 6
1561 11
1562 6
1563 12
1564 15
1565 12
1566 17
1567 15
1568 9
1569 13
1570 14
1571 13
1572 11
1573 16
1574 14
1575 14
1576 14
1577 12
1578 8
1579 10
1580 8
1581 13
1582 7
1583 10
1584 15
1585 11
1586 12
1587 8
1588 15
1589 12
1590 7
1591 13
1592 12
1593 19
1594 6
1595 13
1596 19
1597 14
1598 14
1599 13
1600 12
1601 6
1602 13
1603 11
1604 11
1605 6
1606 9
1607 9
1608 12
1609 12
1610 15
1611 15
1612 15
1613 20
1614 14
1615 11
1616 13
1617 20
1618 16
1619 12
1620 10
1621 14
1622 10
1623 18
1624 12
1625 14
1626 15
1627 8
1628 16
1629 15
1630 12
1631 18
1632 8
1633 17
1634 18
1635 14
1636 9
1637 11
1638 14
1639 8
1640 10
1641 13
1642 13
1643 12
1644 7
1645 17
1646 10
1647 12
1648 11
1649 12
1650 5
1651 26
1652 10
1653 8
1654 16
1655 15
1656 5
1657 13
1658 9
1659 11
1660 14
1661 10
1662 7
1663 13
1664 14
1665 12
1666 6
1667 12
1668 6
1669 14
1670 11
1671 11
1672 10
1673 11
1674 12
1675 15
1676 13
1677 12
1678 10
1679 17
1680 10
1681 17
1682 13
1683 10
1684 13
1685 12
1686 11
1687 17
1688 8
1689 9
1690 13
1691 9
1692 14
1693 14
1694 14
1695 12
1696 8
1697 10
1698 13
1699 9
1700 17
1701 12
1702 6
1703 13
1704 10
1705 7
1706 8
1707 15
1708 11
1709 16
1710 10
1711 10
1712 11
1713 12
1714 12
1715 15
1716 7
1717 11
1718 8
1719 19
1720 20
1721 13
1722 11
1723 13
1724 14
1725 7
1726 11
1727 9
1728 3
1729 11
1730 10
1731 17
1732 16
1733 9
1734 8
1735 12
1736 6
1737 9
1738 18
1739 10
1740 11
1741 11
1742 7
1743 11
1744 6
1745 8
1746 11
1747 11
1748 16
1749 7
1750 9
1751 16
1752 12
1753 12
1754 4
1755 10
1756 11
1757 9
1758 11
1759 6
1760 6
1761 9
1762 10
1763 16
1764 8
1765 11
1766 13
1767 8
1768 13
1769 6
1770 10
1771 9
1772 6
1773 11
1774 12
1775 8
1776 14
1777 12
1778 21
1779 8
1780 11
1781 8
1782 5
1783 6
1784 19
1785 10
1786 13
1787 10
1788 11
1789 8
1790 7
1791 12
1792 3
1793 12
1794 9
1795 8
1796 9
1797 12
1798 12
1799 5
1800 9
1801 9
1802 6
1803 10
1804 4
1805 11
1806 6
1807 8
1808 5
1809 6
1810 14
1811 16
1812 6
1813 9
1814 7
1815 7
1816 7
1817 5
1818 3
1819 10
1820 12
1821 9
1822 4
1823 8
1824 10
1825 6
1826 13
1827 14
1828 10
1829 10
1830 14
1831 7
1832 16
1833 9
1834 8
1835 7
1836 6
1837 6
1838 5
1839 14
1840 10
1841 9
1842 5
1843 11
1844 15
1845 10
1846 6
1847 6
1848 6
1849 15
1850 10
1851 13
1852 4
1853 9
1854 13
1855 9
1856 6
1857 5
1858 11
1859 7
1860 7
1861 10
1862 8
1863 5
1864 3
1865 13
1866 9
1867 10
1868 8
1869 7
1870 9
1871 11
1872 12
1873 11
1874 5
1875 7
1876 8
1877 11
1878 7
1879 6
1880 7
1881 12
1882 7
1883 8
1884 6
1885 5
1886 8
1887 3
1888 15
1889 9
1890 9
1891 16
1892 9
1893 11
1894 4
1895 9
1896 4
1897 7
1898 7
1899 7
1900 10
1901 10
1902 12
1903 9
1904 9
1905 8
1906 7
1907 8
1908 9
1909 4
1910 4
1911 8
1912 7
1913 10
1914 7
1915 5
1916 6
1917 5
1918 4
1919 5
1920 4
1921 8
1922 7
1923 5
1924 5
1925 7
1926 6
1927 7
1928 9
1929 7
1930 5
1931 9
1932 5
1933 8
1934 6
1935 5
1936 2
1937 2
1938 8
1939 5
1940 4
1941 4
1942 6
1943 9
1944 10
1945 8
1946 4
1947 6
1948 6
1949 6
1950 5
1951 8
1952 3
1953 7
1954 8
1955 11
1956 4
1957 5
1958 2
1959 7
1960 8
1961 6
1962 7
1963 8
1964 4
1965 3
1966 2
1967 9
1968 8
1969 3
1970 8
1971 6
1972 11
1973 6
1974 4
1975 7
1976 10
1977 3
1978 6
1979 7
1980 3
1981 10
1982 9
1983 7
1984 6
1985 1
1986 3
1987 7
1988 6
1989 6
1990 7
1991 8
1992 4
1993 2
1994 7
1995 6
1996 5
1997 6
1998 5
1999 4
2000 6
2001 6
2002 6
2003 7
2004 3
2005 7
2006 3
2007 6
2008 4
2009 3
2010 7
2011 6
2012 5
2013 7
2014 7
2015 5
2016 7
2017 5
2018 8
2019 5
2020 12
2021 1
2022 7
2023 5
2024 4
2025 10
2026 9
2027 3
2028 12
2029 5
2030 5
2031 7
2032 2
2033 7
2034 6
2035 6
2036 3
2037 7
2038 1
2039 3
2040 2
2041 5
2042 5
2043 6
2044 7
2045 4
2046 9
2047 5
2048 1
2049 5
2050 6
2051 7
2052 9
2053 6
2054 5
2055 13
2056 4
2057 5
2058 7
2059 6
2060 4
2061 3
2062 3
2063 7
2064 4
2065 4
2066 6
2067 1
2068 2
2069 1
2070 5
2071 3
2072 3
2073 4
2074 5
2075 5
2076 5
2077 12
2078 5
2079 2
2080 5
2081 7
2082 1
2083 8
2084 6
2085 3
2086 5
2087 5
2088 4
2089 5
2090 6
2091 4
2092 3
2093 4
2094 4
2095 3
2096 6
2097 3
2098 4
2099 3
2101 3
2102 5
2103 7
2104 5
2105 6
2106 7
2107 2
2108 5
2109 6
2110 4
2111 5
2112 4
2113 4
2114 2
2115 1
2116 2
2117 4
2118 10
2119 5
2120 2
2121 5
2122 2
2123 1
2124 5
2125 5
2126 4
2127 3
2128 6
2129 5
2130 5
2131 7
2132 4
2133 4
2134 2
2135 5
2136 8
2137 4
2138 3
2139 3
2141 5
2142 1
2144 4
2145 5
2146 6
2147 3
2148 3
2149 3
2150 4
2151 4
2152 1
2153 4
2154 1
2155 2
2156 4
2157 2
2158 7
2159 5
2160 3
2161 1
2162 2
2163 4
2165 4
2166 2
2167 4
2168 5
2169 4
2170 5
2171 3
2172 5
2173 3
2174 6
2175 3
2176 1
2177 2
2178 3
2179 2
2180 3
2181 5
2182 2
2183 3
2184 3
2185 3
2186 1
2187 3
2188 2
2189 2
2190 4
2191 11
2192 7
2193 5
2194 4
2195 1
2196 2
2197 2
2198 2
2199 4
2200 1
2201 3
2202 3
2203 2
2204 5
2205 4
2206 1
2207 2
2208 2
2209 2
2210 5
2211 2
2212 3
2213 6
2214 1
2215 1
2216 3
2217 3
2218 4
2220 4
2221 2
2222 1
2223 2
2224 2
2225 2
2226 3
2227 3
2228 3
2229 5
2230 1
2231 2
2232 2
2233 2
2234 3
2235 4
2236 2
2237 1
2238 4
2239 1
2240 4
2242 2
2243 2
2245 3
2246 2
2247 2
2248 1
2250 2
2251 4
2252 2
2253 1
2254 2
2256 1
2257 2
2258 2
2261 3
2262 2
2263 2
2264 6
2265 5
2266 4
2267 4
2268 2
2269 4
2271 1
2272 4
2273 1
2275 3
2276 1
2277 1
2279 4
2280 2
2281 2
2282 2
2283 4
2284 1
2285 2
2286 2
2287 2
2288 2
2290 2
2291 2
2292 1
2293 1
2294 2
2295 2
2296 1
2297 1
2298 3
2299 1
2301 2
2302 1
2303 2
2304 2
2305 3
2306 1
2307 4
2308 1
2309 5
2310 3
2311 4
2312 3
2314 3
2315 2
2316 1
2319 1
2320 2
2321 3
2322 4
2323 3
2324 1
2325 2
2326 2
2327 2
2328 1
2329 1
2330 3
2332 2
2333 2
2334 2
2335 2
2336 1
2337 1
2338 1
2339 3
2341 2
2342 1
2344 1
2345 1
2346 3
2347 1
2348 2
2349 1
2352 3
2353 2
2354 2
2356 3
2357 1
2359 1
2360 2
2361 1
2364 3
2365 2
2366 1
2367 2
2368 2
2369 4
2370 2
2371 1
2373 3
2374 1
2375 1
2376 1
2377 1
2378 1
2379 1
2380 2
2381 2
2383 3
2384 1
2386 1
2387 1
2392 2
2393 1
2396 1
2398 1
2401 1
2402 2
2403 1
2404 1
2405 2
2406 2
2407 1
2408 2
2409 2
2411 1
2412 1
2413 1
2414 1
2415 1
2416 3
2418 2
2419 1
2421 2
2422 1
2424 1
2425 3
2426 2
2427 1
2431 1
2432 1
2435 1
2437 1
2438 1
2441 1
2442 1
2443 2
2445 1
2446 2
2449 1
2453 2
2458 2
2459 1
2461 1
2462 1
2464 2
2465 4
2468 1
2470 1
2473 1
2475 1
2478 1
2479 1
2481 2
2482 1
2483 1
2484 1
2485 2
2486 1
2488 1
2492 1
2494 1
2495 1
2503 1
2505 3
2507 1
2508 1
2509 1
2512 1
2513 1
2515 1
2516 1
2518 1
2519 1
2520 1
2521 2
2523 2
2524 1
2525 1
2526 1
2527 1
2530 3
2533 1
2537 1
2539 1
2543 1
2545 1
2552 1
2555 1
2557 1
2560 1
2564 1
2565 2
2569 1
2570 1
2574 1
2579 1
2581 2
2582 2
2584 1
2589 1
2598 1
2599 1
2602 1
2618 1
2620 1
2624 1
2631 1
2632 1
2666 1
2675 1
2677 1
2687 1
2725 1
2748 1
2756 1
2772 1
2879 1
2907 1
