500 100000 80
1 4
4 2
7 1
8 2
15 1
35 1
38 1
39 1
41 1
68 1
77 1
78 1
96 1
150 1
168 1
366 1
515 1
578 1
930 1
1065 1
1919 1
1992 1
2023 1
3020 1
3845 1
3853 1
4461 1
4702 1
5615 1
6593 1
6983 1
7017 1
7716 1
7870 1
8118 1
8348 1
8374 1
8490 1
8862 1
9141 1
9227 1
9395 1
9422 1
9910 1
9931 1
10054 1
10224 1
10426 1
10497 1
10857 1
10868 1
11069 1
11155 1
11251 1
11380 1
11595 1
11656 1
11771 1
11861 1
11874 1
11941 1
12022 1
12082 1
12154 1
12162 1
12190 1
12239 1
12363 1
12498 1
12625 1
12729 1
12750 1
12763 1
12787 1
12840 1
12957 1
13060 1
13288 1
13316 1
13436 1
13566 1
13725 1
13863 1
14074 1
14562 1
14616 1
14622 1
14714 1
14895 1
14915 1
15046 1
15076 1
15125 1
15130 1
15356 1
15418 1
15432 1
15516 1
15558 1
15572 1
15595 1
15839 1
15867 1
15918 1
15971 1
16284 1
16318 1
16321 1
16405 1
16522 1
16556 1
16593 1
16703 1
16795 1
16866 1
17027 1
17325 1
17335 1
17651 1
17688 1
17749 1
17819 1
17892 1
17924 1
18048 1
18199 1
18271 1
18656 1
18699 1
18786 1
18813 1
18815 1
18926 1
19063 1
19104 1
19244 1
19565 1
19634 1
19719 1
19723 1
19733 1
19824 1
19858 1
19938 1
20010 1
20144 1
20279 1
20404 1
20482 1
20513 1
20561 1
20670 1
20748 1
20789 1
21257 1
21312 1
21337 1
21470 1
21574 1
21619 1
21714 1
21726 1
21785 1
21867 1
21870 1
21949 1
21950 1
22052 1
22108 1
22198 1
22233 1
22248 1
22323 1
22492 1
22569 1
22580 1
22641 1
22764 1
22918 1
22942 1
22951 1
23001 1
23262 1
23287 1
23309 1
23357 1
23370 1
23606 1
23704 1
23780 1
23875 1
23877 1
24035 1
24238 1
24442 1
24458 1
24464 1
24525 1
24791 1
24887 1
24992 1
24995 1
24996 1
25034 1
25137 1
25163 1
25238 1
25394 1
25559 1
25570 1
25587 1
25609 1
25634 1
25776 1
25796 1
25877 1
25919 1
25990 1
26010 1
26092 1
26416 1
26421 1
26762 1
26911 1
26995 1
27086 1
27154 1
27183 1
27237 1
27327 1
27387 1
27692 1
27703 1
27711 1
27823 1
27863 1
27923 1
28007 1
28025 1
28056 1
28183 1
28254 1
28350 1
28538 1
28566 1
28636 1
28778 1
28818 1
29012 1
29028 1
29125 1
29197 1
29223 1
29384 1
29401 1
29450 1
29630 1
29727 1
29760 1
29892 1
29969 1
29972 1
30268 1
30469 1
30512 1
30546 1
30755 1
30761 1
30763 1
30866 1
30971 1
31033 1
31035 1
31046 1
31064 1
31139 1
31161 1
31179 1
31395 1
31501 1
31560 1
31633 1
31711 1
31801 1
31810 1
31922 1
31961 1
31989 1
32220 1
32319 1
32495 1
32739 1
32838 1
32959 1
33073 1
33209 1
33415 1
33719 1
33772 1
34026 1
34233 1
34283 1
34561 1
35161 1
35301 1
35415 1
35444 1
35660 1
35811 1
36031 1
36047 1
36051 1
36062 1
36233 1
36242 1
36266 1
36287 1
36332 1
36475 1
36504 1
36527 1
36567 1
36587 1
36627 1
36705 1
36815 1
36900 1
36933 1
37045 1
37297 1
37462 1
37499 1
37599 1
37678 1
37683 1
37745 1
37806 1
37814 1
38092 1
38105 1
38264 1
38277 1
38340 1
38346 1
38381 1
38418 1
38463 1
38551 1
38556 1
38592 1
38639 1
38653 1
38680 1
38738 1
38830 1
38866 1
38915 1
38980 1
39073 1
39089 1
39235 1
39242 1
39316 1
39329 1
39358 1
39400 1
39455 1
39490 1
39536 1
39827 1
39875 1
39881 1
39957 1
40012 1
40034 1
40147 1
40244 1
40251 1
40306 1
40326 1
40524 1
40653 1
40714 1
40793 1
40912 1
40940 1
41209 1
41261 1
41277 1
41279 1
41295 1
41368 1
41370 1
41401 1
41478 1
41504 1
41583 1
41605 1
41777 1
41838 1
41863 1
41890 1
41986 1
42093 1
42123 1
42169 1
42179 1
42255 1
42260 1
42274 1
42276 1
42337 1
42438 1
42470 1
42530 1
42564 1
42681 1
42717 1
42760 1
42767 1
42889 1
42988 1
43023 1
43095 1
43108 1
43121 1
43160 1
43343 1
43377 1
43463 1
43477 1
43551 1
43616 1
43668 1
43677 1
43710 1
43718 1
43729 1
43760 1
43803 1
43850 1
43855 1
43866 1
43901 1
43927 1
44005 1
44026 1
44030 1
44071 1
44087 1
44282 1
44289 1
44336 1
44368 1
44427 1
44457 1
44511 1
44520 1
44621 1
44667 1
44771 1
44844 1
44893 1
44909 1
44999 1
45112 1
45178 1
45190 1
45201 1
45238 1
45291 1
45313 1
45340 1
45396 1
45424 1
45455 1
45514 1
45521 1
45594 1
45691 1
45785 1
45800 1
45902 1
45956 1
45980 1
46009 1
46019 1
46022 1
46156 1
46213 1
46233 1
46247 1
46328 1
46446 1
46477 1
46483 1
46484 1
46580 1
46779 1
46815 1
47051 1
47079 1
47083 1
47181 1
47210 1
47332 1
47407 1
47496 1
47512 1
47546 1
47549 1
47597 1
47626 1
47706 1
47747 1
47786 1
47809 1
47933 1
47980 1
48004 1
48049 1
48058 1
48064 1
48166 1
48219 1
48360 1
48400 1
48409 1
48463 1
48511 1
48616 1
48690 1
48828 1
48839 1
48851 1
48881 1
48964 1
48979 1
49091 1
49156 1
49206 1
49231 1
49249 1
49309 1
49320 1
49371 1
49396 1
49486 1
49747 1
49798 1
49851 1
49855 1
49953 1
49959 1
50041 1
50047 1
50106 1
50145 1
50149 1
50253 1
50514 1
50604 1
50629 1
50680 1
50691 1
50736 1
50769 1
50794 1
50844 1
50886 1
50909 1
51021 1
51036 1
51119 1
51149 1
51161 1
51168 1
51310 1
51373 1
51384 1
51489 1
51591 1
51600 1
51632 1
51781 1
51829 1
51834 1
51936 1
51942 1
51996 1
52008 1
52020 1
52067 1
52191 1
52214 1
52253 1
52294 1
52403 1
52451 1
52454 1
52478 1
52488 1
52504 1
52593 1
52668 1
52687 1
52780 1
52790 1
52804 1
52917 1
52921 1
52949 1
53185 1
53221 1
53420 1
53516 1
53517 1
53523 1
53554 1
53753 1
53767 1
53787 1
53844 1
53978 1
53981 1
53991 1
54020 1
54098 1
54200 1
54215 1
54309 1
54406 1
54479 1
54486 1
54545 1
54576 1
54578 1
54604 1
54660 1
54687 1
54709 1
54787 1
54799 1
54810 1
54822 1
54888 1
55001 1
55091 1
55107 1
55143 1
55229 1
55333 1
55379 1
55489 1
55543 1
55573 1
55632 1
55711 1
55718 1
55913 1
55929 1
55970 1
55974 1
55995 1
55996 1
56099 1
56134 1
56150 1
56197 1
56271 1
56282 1
56290 1
56332 1
56384 1
56449 1
56537 1
56596 1
56840 1
56879 1
56892 1
56905 1
56977 1
57012 1
57111 1
57233 1
57240 1
57262 1
57283 1
57319 1
57436 1
57470 1
57492 1
57562 1
57663 1
57724 1
57726 1
57745 1
57821 1
57831 1
57877 1
57907 1
58014 1
58110 1
58137 1
58162 1
58223 1
58388 1
58395 1
58417 1
58496 1
58522 1
58599 1
58630 1
58632 1
58705 1
58721 1
58723 1
58739 1
58791 1
59060 1
59088 1
59207 1
59234 1
59286 1
59347 1
59476 1
59638 1
59674 1
59703 1
59756 1
59966 1
59988 1
60043 1
60119 1
60125 1
60464 1
60510 1
60545 1
60642 1
60671 1
60684 1
60698 1
60758 1
60765 1
60911 1
60927 1
61020 1
61085 1
61134 1
61170 1
61242 1
61262 1
61320 1
61347 1
61444 1
61449 1
61537 1
61582 1
61619 1
61654 1
61660 1
61895 1
61908 1
61957 1
62186 1
62194 1
62255 1
62317 1
62322 1
62401 1
62501 1
62538 1
62703 1
62955 1
63067 1
63185 1
63295 1
63373 1
63413 1
63433 1
63473 1
63525 1
63668 1
63713 1
63734 1
63758 1
63767 1
63953 1
63969 1
64189 1
64556 1
64585 1
64699 1
64839 1
64944 1
65439 1
65717 1
65767 1
65974 1
66228 1
66281 1
66517 1
66791 1
66927 1
67041 1
67162 1
67261 1
67505 1
67780 1
68011 1
68078 1
68190 1
68199 1
68289 1
68440 1
68499 1
68604 1
68821 1
68965 1
68967 1
69029 1
69134 1
69237 1
69239 1
69245 1
69454 1
69488 1
69531 1
69732 1
70031 1
70108 1
70240 1
70273 1
70370 1
70378 1
70550 1
70599 1
70616 1
70777 1
70803 1
70875 1
70972 1
71182 1
71222 1
71364 1
71434 1
71462 1
71650 1
71746 1
71817 1
71944 1
71975 1
71993 1
72077 1
72137 1
72177 1
72289 1
72308 1
72613 1
72673 1
72763 1
72817 1
72846 1
72907 1
73005 1
73089 1
73238 1
73579 1
73584 1
73908 1
73990 1
74010 1
74081 1
74123 1
74204 1
74224 1
74391 1
74413 1
74430 1
74606 1
74762 1
74837 1
74863 1
74966 1
75001 1
75004 1
75008 1
75113 1
75209 1
75475 1
75536 1
75542 1
75558 1
75762 1
75797 1
76123 1
76125 1
76220 1
76296 1
76394 1
76630 1
76643 1
76713 1
76738 1
76999 1
77049 1
77058 1
77082 1
77236 1
77359 1
77420 1
77431 1
77508 1
77676 1
77752 1
77767 1
77802 1
77892 1
77948 1
78050 2
78130 1
78133 1
78215 1
78274 1
78286 1
78381 1
78426 1
78530 1
78663 1
78688 1
78743 1
79211 1
79252 1
79330 1
79439 1
79487 1
79518 1
79596 1
79721 1
79856 1
79990 1
80062 1
80142 1
80176 1
80267 1
80277 1
80281 1
80366 1
80435 1
80756 1
80896 1
80937 1
81074 1
81179 1
81185 1
81214 1
81301 1
81344 1
81729 1
81952 1
82076 1
82108 1
82181 1
82251 1
82312 1
82349 1
82665 1
82675 1
82973 1
83134 1
83205 1
83297 1
83407 1
83444 1
83478 1
83595 1
83679 1
83682 1
83716 1
84029 1
84082 1
84133 1
84405 1
84428 1
84442 1
84484 1
84568 1
84582 1
84644 1
84870 1
84875 1
84924 1
84954 1
85085 1
85105 1
85286 1
85378 1
85384 1
85438 1
85926 1
86137 1
86275 1
86434 1
86564 1
86684 1
86711 1
86940 1
87043 1
87160 1
87213 1
87250 1
87271 1
87375 1
87502 1
87637 1
87761 1
87810 1
87838 1
87846 1
87918 1
87978 1
88059 1
88126 1
88139 1
88344 1
88405 1
88620 1
88845 1
88931 1
89132 1
89143 1
89503 1
89776 1
89946 1
90069 1
90090 1
90570 1
91138 1
91510 1
91626 1
91652 1
91882 1
92130 1
94385 1
