500 600000 10
1 2370
2 1539
3 1235
4 1009
5 848
6 775
7 668
8 615
9 549
10 460
11 492
12 455
13 429
14 379
15 392
16 348
17 332
18 344
19 353
20 296
21 263
22 325
23 302
24 291
25 296
26 261
27 231
28 243
29 227
30 247
31 243
32 210
33 208
34 219
35 239
36 206
37 197
38 224
39 223
40 204
41 211
42 179
43 182
44 188
45 188
46 196
47 164
48 175
49 181
50 185
51 186
52 160
53 160
54 169
55 177
56 155
57 171
58 176
59 166
60 148
61 166
62 165
63 149
64 163
65 147
66 148
67 176
68 149
69 142
70 142
71 161
72 151
73 133
74 134
75 143
76 136
77 134
78 118
79 125
80 151
81 127
82 158
83 139
84 129
85 136
86 136
87 111
88 129
89 135
90 132
91 118
92 140
93 107
94 140
95 123
96 138
97 106
98 132
99 108
100 118
101 94
102 118
103 124
104 101
105 120
106 128
107 103
108 121
109 116
110 106
111 115
112 100
113 128
114 123
115 130
116 114
117 101
118 118
119 115
120 130
121 103
122 93
123 110
124 103
125 106
126 109
127 98
128 110
129 91
130 100
131 109
132 91
133 123
134 104
135 94
136 93
137 108
138 113
139 112
140 95
141 116
142 86
143 124
144 108
145 94
146 102
147 115
148 120
149 95
150 108
151 99
152 87
153 125
154 112
155 106
156 97
157 94
158 90
159 93
160 111
161 107
162 99
163 110
164 105
165 102
166 89
167 85
168 92
169 107
170 94
171 97
172 92
173 91
174 96
175 100
176 97
177 93
178 104
179 97
180 95
181 102
182 100
183 102
184 86
185 103
186 101
187 85
188 115
189 95
190 99
191 103
192 83
193 76
194 83
195 97
196 89
197 108
198 95
199 111
200 102
201 92
202 107
203 98
204 94
205 100
206 89
207 102
208 95
209 90
210 101
211 102
212 84
213 100
214 86
215 89
216 90
217 86
218 91
219 96
220 82
221 107
222 105
223 93
224 91
225 93
226 89
227 90
228 92
229 114
230 104
231 97
232 95
233 94
234 93
235 83
236 122
237 110
238 99
239 88
240 85
241 94
242 100
243 115
244 91
245 92
246 83
247 97
248 93
249 101
250 98
251 94
252 96
253 94
254 97
255 96
256 99
257 94
258 71
259 79
260 91
261 108
262 89
263 89
264 90
265 77
266 82
267 95
268 75
269 103
270 94
271 97
272 87
273 94
274 83
275 99
276 77
277 80
278 83
279 89
280 83
281 95
282 76
283 92
284 97
285 97
286 81
287 68
288 70
289 85
290 85
291 83
292 91
293 87
294 99
295 108
296 85
297 79
298 81
299 98
300 88
301 84
302 83
303 98
304 89
305 94
306 108
307 98
308 97
309 89
310 91
311 90
312 90
313 93
314 80
315 92
316 100
317 78
318 68
319 88
320 75
321 89
322 88
323 90
324 85
325 81
326 80
327 80
328 100
329 86
330 84
331 85
332 94
333 72
334 92
335 96
336 90
337 94
338 100
339 87
340 97
341 79
342 93
343 93
344 99
345 97
346 92
347 92
348 86
349 70
350 97
351 100
352 91
353 93
354 94
355 80
356 91
357 101
358 79
359 90
360 75
361 87
362 87
363 86
364 82
365 86
366 83
367 92
368 90
369 91
370 97
371 96
372 94
373 97
374 90
375 76
376 89
377 86
378 94
379 91
380 101
381 97
382 102
383 90
384 82
385 93
386 91
387 98
388 88
389 87
390 83
391 83
392 97
393 107
394 103
395 89
396 106
397 101
398 83
399 79
400 77
401 103
402 103
403 103
404 85
405 72
406 119
407 101
408 102
409 96
410 80
411 101
412 87
413 97
414 89
415 102
416 89
417 84
418 99
419 99
420 102
421 96
422 87
423 86
424 85
425 88
426 82
427 112
428 100
429 103
430 100
431 96
432 116
433 95
434 93
435 85
436 92
437 88
438 89
439 87
440 96
441 86
442 93
443 100
444 105
445 104
446 101
447 97
448 92
449 98
450 78
451 99
452 98
453 86
454 96
455 109
456 104
457 98
458 91
459 97
460 112
461 87
462 120
463 96
464 99
465 97
466 89
467 97
468 103
469 104
470 90
471 92
472 119
473 89
474 83
475 97
476 86
477 101
478 100
479 93
480 96
481 97
482 129
483 109
484 129
485 104
486 97
487 98
488 104
489 108
490 91
491 102
492 118
493 104
494 100
495 102
496 96
497 96
498 113
499 100
500 97
501 96
502 96
503 103
504 82
505 114
506 106
507 110
508 96
509 85
510 103
511 101
512 81
513 109
514 116
515 97
516 99
517 97
518 106
519 121
520 80
521 107
522 102
523 90
524 96
525 107
526 106
527 97
528 119
529 95
530 102
531 115
532 123
533 116
534 112
535 126
536 114
537 96
538 123
539 102
540 110
541 111
542 110
543 114
544 103
545 101
546 109
547 102
548 111
549 88
550 119
551 125
552 121
553 105
554 118
555 108
556 102
557 82
558 101
559 116
560 120
561 119
562 121
563 114
564 107
565 90
566 129
567 120
568 119
569 115
570 95
571 101
572 115
573 106
574 95
575 118
576 129
577 111
578 138
579 108
580 122
581 136
582 119
583 144
584 121
585 111
586 114
587 125
588 97
589 130
590 125
591 140
592 117
593 120
594 128
595 117
596 116
597 106
598 137
599 101
600 124
601 142
602 125
603 127
604 109
605 133
606 109
607 135
608 116
609 129
610 113
611 112
612 110
613 112
614 137
615 134
616 143
617 119
618 130
619 119
620 133
621 131
622 115
623 147
624 112
625 134
626 133
627 92
628 131
629 135
630 127
631 118
632 120
633 137
634 135
635 125
636 122
637 118
638 133
639 139
640 134
641 130
642 136
643 119
644 128
645 135
646 142
647 124
648 126
649 123
650 137
651 137
652 172
653 140
654 140
655 139
656 123
657 139
658 128
659 130
660 149
661 122
662 109
663 136
664 146
665 157
666 161
667 136
668 150
669 148
670 148
671 147
672 136
673 127
674 144
675 115
676 129
677 145
678 143
679 144
680 165
681 174
682 144
683 165
684 160
685 132
686 150
687 121
688 138
689 133
690 148
691 155
692 141
693 164
694 164
695 146
696 162
697 175
698 123
699 137
700 171
701 156
702 153
703 180
704 162
705 141
706 168
707 137
708 160
709 170
710 148
711 175
712 172
713 152
714 148
715 169
716 178
717 162
718 177
719 196
720 143
721 172
722 158
723 159
724 171
725 188
726 182
727 156
728 173
729 163
730 159
731 171
732 145
733 170
734 161
735 184
736 177
737 169
738 162
739 172
740 174
741 196
742 175
743 180
744 171
745 174
746 201
747 175
748 174
749 180
750 212
751 190
752 225
753 172
754 186
755 183
756 192
757 181
758 186
759 199
760 182
761 207
762 175
763 188
764 197
765 186
766 175
767 193
768 204
769 193
770 186
771 196
772 224
773 196
774 167
775 207
776 180
777 199
778 206
779 192
780 175
781 185
782 189
783 221
784 208
785 225
786 224
787 222
788 200
789 219
790 211
791 207
792 210
793 197
794 244
795 224
796 200
797 197
798 224
799 197
800 186
801 219
802 234
803 234
804 247
805 208
806 212
807 202
808 204
809 221
810 203
811 229
812 238
813 235
814 224
815 253
816 222
817 252
818 218
819 264
820 224
821 217
822 236
823 215
824 229
825 226
826 227
827 232
828 290
829 259
830 250
831 226
832 264
833 228
834 242
835 242
836 230
837 220
838 254
839 265
840 267
841 256
842 263
843 234
844 273
845 221
846 257
847 253
848 277
849 250
850 235
851 257
852 224
853 275
854 217
855 231
856 262
857 256
858 249
859 251
860 239
861 245
862 251
863 260
864 260
865 286
866 231
867 285
868 274
869 264
870 281
871 298
872 285
873 325
874 285
875 281
876 272
877 295
878 274
879 275
880 267
881 283
882 294
883 278
884 281
885 265
886 332
887 311
888 279
889 265
890 309
891 297
892 292
893 256
894 305
895 287
896 284
897 301
898 280
899 264
900 295
901 313
902 294
903 309
904 336
905 292
906 317
907 320
908 317
909 304
910 316
911 330
912 291
913 308
914 329
915 293
916 325
917 328
918 261
919 316
920 305
921 325
922 322
923 328
924 328
925 318
926 335
927 319
928 321
929 329
930 323
931 315
932 323
933 333
934 364
935 353
936 344
937 350
938 307
939 319
940 356
941 334
942 370
943 366
944 340
945 333
946 385
947 327
948 327
949 354
950 349
951 342
952 324
953 342
954 383
955 352
956 358
957 356
958 402
959 367
960 354
961 341
962 353
963 352
964 368
965 372
966 377
967 350
968 380
969 382
970 393
971 361
972 351
973 340
974 363
975 384
976 356
977 337
978 365
979 372
980 391
981 416
982 363
983 364
984 399
985 378
986 394
987 387
988 372
989 376
990 392
991 409
992 383
993 432
994 439
995 395
996 388
997 400
998 404
999 348
1000 403
1001 418
1002 406
1003 400
1004 414
1005 394
1006 425
1007 384
1008 404
1009 355
1010 424
1011 439
1012 421
1013 416
1014 395
1015 410
1016 344
1017 419
1018 378
1019 389
1020 408
1021 407
1022 414
1023 395
1024 401
1025 413
1026 380
1027 414
1028 460
1029 482
1030 426
1031 419
1032 404
1033 433
1034 433
1035 425
1036 442
1037 416
1038 421
1039 409
1040 439
1041 470
1042 425
1043 468
1044 427
1045 424
1046 411
1047 444
1048 390
1049 460
1050 455
1051 454
1052 445
1053 439
1054 416
1055 498
1056 403
1057 420
1058 443
1059 485
1060 451
1061 427
1062 407
1063 416
1064 458
1065 420
1066 448
1067 470
1068 468
1069 452
1070 439
1071 488
1072 455
1073 436
1074 457
1075 461
1076 433
1077 433
1078 418
1079 457
1080 466
1081 456
1082 467
1083 456
1084 454
1085 479
1086 482
1087 448
1088 444
1089 439
1090 448
1091 467
1092 460
1093 532
1094 457
1095 463
1096 462
1097 466
1098 468
1099 465
1100 441
1101 483
1102 420
1103 473
1104 445
1105 459
1106 505
1107 469
1108 432
1109 455
1110 454
1111 453
1112 454
1113 468
1114 480
1115 487
1116 462
1117 452
1118 457
1119 458
1120 483
1121 486
1122 480
1123 488
1124 448
1125 412
1126 448
1127 464
1128 445
1129 483
1130 427
1131 468
1132 436
1133 506
1134 473
1135 449
1136 461
1137 452
1138 442
1139 455
1140 492
1141 440
1142 481
1143 463
1144 411
1145 483
1146 449
1147 434
1148 459
1149 477
1150 497
1151 431
1152 503
1153 456
1154 434
1155 446
1156 464
1157 448
1158 451
1159 469
1160 465
1161 479
1162 455
1163 457
1164 457
1165 454
1166 489
1167 438
1168 480
1169 451
1170 473
1171 483
1172 440
1173 427
1174 433
1175 442
1176 436
1177 454
1178 481
1179 441
1180 419
1181 435
1182 440
1183 433
1184 471
1185 462
1186 426
1187 437
1188 430
1189 409
1190 472
1191 424
1192 461
1193 418
1194 446
1195 437
1196 432
1197 442
1198 454
1199 414
1200 440
1201 462
1202 417
1203 468
1204 395
1205 435
1206 410
1207 424
1208 425
1209 416
1210 473
1211 455
1212 397
1213 434
1214 435
1215 422
1216 408
1217 415
1218 434
1219 404
1220 413
1221 411
1222 438
1223 424
1224 379
1225 401
1226 433
1227 397
1228 399
1229 371
1230 407
1231 385
1232 390
1233 411
1234 389
1235 412
1236 396
1237 414
1238 371
1239 412
1240 366
1241 387
1242 387
1243 430
1244 398
1245 409
1246 377
1247 400
1248 404
1249 387
1250 406
1251 408
1252 380
1253 376
1254 383
1255 380
1256 391
1257 383
1258 375
1259 360
1260 384
1261 395
1262 379
1263 355
1264 379
1265 366
1266 372
1267 361
1268 380
1269 367
1270 361
1271 365
1272 362
1273 346
1274 396
1275 339
1276 343
1277 388
1278 359
1279 313
1280 324
1281 346
1282 310
1283 331
1284 313
1285 339
1286 367
1287 332
1288 310
1289 352
1290 312
1291 291
1292 345
1293 333
1294 329
1295 339
1296 322
1297 352
1298 320
1299 297
1300 334
1301 315
1302 314
1303 326
1304 318
1305 292
1306 310
1307 289
1308 298
1309 296
1310 295
1311 312
1312 292
1313 286
1314 307
1315 312
1316 285
1317 310
1318 302
1319 282
1320 308
1321 267
1322 315
1323 282
1324 279
1325 267
1326 281
1327 309
1328 259
1329 290
1330 270
1331 273
1332 254
1333 276
1334 277
1335 254
1336 241
1337 234
1338 258
1339 256
1340 248
1341 260
1342 251
1343 251
1344 253
1345 233
1346 248
1347 258
1348 259
1349 253
1350 261
1351 226
1352 221
1353 273
1354 234
1355 225
1356 256
1357 268
1358 247
1359 233
1360 247
1361 261
1362 222
1363 221
1364 213
1365 231
1366 220
1367 227
1368 208
1369 214
1370 178
1371 219
1372 211
1373 217
1374 226
1375 223
1376 204
1377 208
1378 216
1379 196
1380 188
1381 236
1382 192
1383 187
1384 207
1385 190
1386 206
1387 195
1388 201
1389 194
1390 171
1391 185
1392 202
1393 175
1394 196
1395 169
1396 167
1397 156
1398 189
1399 189
1400 160
1401 154
1402 158
1403 166
1404 163
1405 177
1406 179
1407 173
1408 157
1409 180
1410 158
1411 161
1412 164
1413 134
1414 137
1415 163
1416 159
1417 170
1418 165
1419 166
1420 149
1421 170
1422 166
1423 150
1424 155
1425 156
1426 151
1427 153
1428 161
1429 141
1430 140
1431 151
1432 143
1433 155
1434 147
1435 109
1436 126
1437 130
1438 129
1439 136
1440 133
1441 141
1442 136
1443 130
1444 121
1445 124
1446 110
1447 132
1448 129
1449 129
1450 104
1451 114
1452 115
1453 98
1454 126
1455 108
1456 110
1457 124
1458 98
1459 106
1460 123
1461 107
1462 89
1463 105
1464 101
1465 95
1466 106
1467 101
1468 97
1469 91
1470 98
1471 95
1472 102
1473 94
1474 100
1475 95
1476 85
1477 88
1478 96
1479 85
1480 80
1481 97
1482 92
1483 82
1484 79
1485 83
1486 84
1487 91
1488 80
1489 81
1490 76
1491 76
1492 71
1493 69
1494 82
1495 81
1496 59
1497 82
1498 60
1499 69
1500 86
1501 64
1502 66
1503 61
1504 72
1505 62
1506 66
1507 63
1508 60
1509 71
1510 55
1511 62
1512 68
1513 63
1514 56
1515 56
1516 64
1517 52
1518 61
1519 57
1520 59
1521 62
1522 61
1523 56
1524 54
1525 50
1526 52
1527 56
1528 38
1529 45
1530 55
1531 57
1532 50
1533 49
1534 34
1535 54
1536 41
1537 44
1538 47
1539 40
1540 54
1541 42
1542 41
1543 39
1544 37
1545 54
1546 34
1547 33
1548 37
1549 44
1550 43
1551 32
1552 28
1553 34
1554 43
1555 27
1556 55
1557 39
1558 34
1559 35
1560 31
1561 27
1562 33
1563 33
1564 31
1565 39
1566 29
1567 21
1568 43
1569 32
1570 24
1571 40
1572 31
1573 23
1574 20
1575 30
1576 30
1577 25
1578 23
1579 26
1580 21
1581 25
1582 18
1583 25
1584 36
1585 20
1586 22
1587 20
1588 21
1589 29
1590 24
1591 20
1592 22
1593 21
1594 18
1595 15
1596 16
1597 25
1598 19
1599 27
1600 26
1601 10
1602 16
1603 26
1604 19
1605 13
1606 14
1607 16
1608 14
1609 14
1610 18
1611 18
1612 21
1613 15
1614 13
1615 16
1616 11
1617 9
1618 11
1619 11
1620 22
1621 14
1622 12
1623 15
1624 15
1625 15
1626 10
1627 10
1628 2
1629 18
1630 7
1631 17
1632 11
1633 12
1634 13
1635 8
1636 10
1637 12
1638 11
1639 11
1640 8
1641 12
1642 10
1643 8
1644 6
1645 15
1646 7
1647 9
1648 10
1649 8
1650 7
1651 4
1652 5
1653 9
1654 11
1655 9
1656 12
1657 6
1658 8
1659 10
1660 6
1661 11
1662 5
1663 8
1664 8
1665 4
1666 7
1667 3
1668 3
1669 8
1670 4
1671 6
1672 6
1673 5
1674 4
1675 3
1676 5
1677 3
1678 1
1679 3
1680 4
1681 6
1682 2
1683 4
1684 5
1685 2
1686 2
1687 5
1688 4
1689 4
1690 4
1691 3
1692 3
1693 5
1694 3
1695 4
1696 5
1697 2
1698 2
1699 4
1700 2
1701 1
1702 1
1703 3
1704 4
1705 1
1706 4
1707 3
1708 2
1709 2
1710 2
1711 1
1712 1
1713 4
1716 1
1717 2
1718 2
1719 2
1720 6
1721 1
1722 2
1724 2
1725 1
1726 6
1727 2
1728 2
1729 2
1731 3
1733 1
1734 2
1735 1
1736 3
1737 1
1738 1
1739 1
1740 1
1741 1
1742 1
1743 1
1744 1
1746 1
1747 4
1750 2
1753 1
1757 4
1760 1
1761 1
1762 3
1764 1
1765 1
1769 2
1770 1
1771 1
1776 1
1777 1
1781 1
1783 1
1784 1
1785 1
1786 1
1788 1
1789 1
1792 1
1794 1
1796 1
1798 1
1801 2
1804 2
1811 1
1816 1
1818 1
1820 1
1828 1
1847 1
1872 1
