100 300000 15
1 5202
2 5796
3 6068
4 6222
5 6489
6 6257
7 6263
8 6178
9 6400
10 6318
11 6296
12 6206
13 6208
14 5930
15 5995
16 5974
17 5933
18 5832
19 5891
20 5727
21 5667
22 5802
23 5708
24 5610
25 5345
26 5393
27 5533
28 5282
29 5069
30 5133
31 5105
32 5104
33 5083
34 4899
35 4917
36 4934
37 4673
38 4717
39 4640
40 4684
41 4340
42 4360
43 4416
44 4307
45 4253
46 4229
47 4158
48 4156
49 4098
50 4019
51 3924
52 3864
53 3754
54 3794
55 3767
56 3728
57 3672
58 3562
59 3576
60 3386
61 3418
62 3421
63 3208
64 3265
65 3217
66 3201
67 3171
68 3173
69 2970
70 2997
71 3017
72 2904
73 2866
74 2828
75 2767
76 2704
77 2654
78 2679
79 2542
80 2538
81 2479
82 2483
83 2488
84 2413
85 2350
86 2388
87 2269
88 2188
89 2168
90 2205
91 2110
92 2218
93 2088
94 2037
95 2027
96 1973
97 1885
98 1876
99 1895
100 1770
101 1821
102 1801
103 1711
104 1775
105 1621
106 1620
107 1524
108 1535
109 1508
110 1546
111 1489
112 1546
113 1483
114 1390
115 1422
116 1391
117 1292
118 1330
119 1338
120 1280
121 1245
122 1185
123 1171
124 1111
125 1111
126 1148
127 1127
128 1092
129 1045
130 1050
131 1029
132 976
133 1008
134 1007
135 937
136 983
137 939
138 923
139 922
140 877
141 809
142 815
143 748
144 808
145 728
146 800
147 815
148 744
149 762
150 697
151 692
152 733
153 712
154 667
155 664
156 647
157 631
158 653
159 569
160 566
161 547
162 588
163 517
164 549
165 508
166 554
167 488
168 485
169 481
170 481
171 438
172 457
173 449
174 393
175 400
176 453
177 423
178 404
179 385
180 376
181 423
182 369
183 367
184 359
185 360
186 320
187 349
188 336
189 358
190 327
191 291
192 308
193 294
194 317
195 280
196 271
197 259
198 274
199 259
200 238
201 248
202 239
203 220
204 259
205 222
206 219
207 228
208 202
209 203
210 215
211 190
212 213
213 184
214 204
215 152
216 169
217 182
218 164
219 183
220 165
221 142
222 132
223 149
224 156
225 164
226 126
227 134
228 129
229 115
230 116
231 127
232 126
233 134
234 110
235 118
236 100
237 99
238 126
239 108
240 111
241 90
242 98
243 88
244 79
245 93
246 104
247 88
248 87
249 82
250 92
251 83
252 72
253 60
254 76
255 64
256 73
257 69
258 76
259 68
260 43
261 64
262 64
263 47
264 56
265 63
266 55
267 61
268 51
269 47
270 48
271 54
272 53
273 40
274 53
275 49
276 51
277 39
278 37
279 41
280 51
281 48
282 35
283 48
284 32
285 29
286 22
287 37
288 46
289 33
290 31
291 37
292 25
293 28
294 26
295 23
296 27
297 28
298 32
299 26
300 18
301 12
302 25
303 21
304 19
305 15
306 24
307 26
308 24
309 23
310 23
311 21
312 16
313 16
314 13
315 15
316 11
317 12
318 17
319 16
320 13
321 15
322 12
323 12
324 13
325 7
326 15
327 8
328 19
329 14
330 6
331 5
332 13
333 11
334 10
335 6
336 10
337 7
338 8
339 8
340 7
341 11
342 14
343 3
344 9
345 7
346 3
347 7
348 8
349 6
350 4
351 11
352 5
353 4
354 6
355 6
356 9
357 2
358 8
359 9
360 6
361 2
362 6
363 6
364 5
365 6
367 7
368 6
370 5
371 6
372 7
373 6
374 5
375 4
376 1
377 3
378 4
379 2
380 4
381 2
382 2
383 1
384 3
385 2
386 2
387 1
388 1
389 5
391 2
392 1
393 1
394 1
395 3
396 4
397 3
398 2
400 1
401 1
402 2
403 1
404 2
405 1
407 1
408 3
409 1
410 2
411 2
413 1
414 1
416 1
417 1
419 1
420 2
421 2
422 3
423 1
425 2
426 1
430 2
432 3
435 1
437 2
438 1
439 1
441 1
443 1
445 1
453 1
454 1
455 1
456 1
457 1
459 1
462 1
472 2
476 1
478 1
480 1
484 1
497 1
502 1
510 1
513 1
518 1
726 1
