500 100000 80
1 955
2 997
3 1092
4 1091
5 1033
6 1046
7 1087
8 1043
9 1055
10 1049
11 1044
12 1031
13 1026
14 1038
15 1027
16 1030
17 1052
18 1074
19 1022
20 1042
21 1011
22 1031
23 983
24 979
25 981
26 948
27 970
28 969
29 1029
30 1016
31 1000
32 928
33 1032
34 986
35 1044
36 1037
37 986
38 979
39 1002
40 1013
41 974
42 951
43 923
44 954
45 879
46 910
47 918
48 938
49 890
50 923
51 923
52 854
53 913
54 913
55 895
56 925
57 922
58 839
59 851
60 857
61 875
62 892
63 889
64 891
65 856
66 885
67 893
68 937
69 873
70 876
71 878
72 826
73 883
74 809
75 833
76 897
77 848
78 847
79 833
80 770
81 834
82 827
83 830
84 830
85 805
86 825
87 818
88 846
89 815
90 789
91 819
92 804
93 843
94 756
95 814
96 778
97 784
98 760
99 751
100 766
101 741
102 751
103 772
104 760
105 750
106 740
107 755
108 754
109 749
110 727
111 768
112 679
113 712
114 706
115 676
116 719
117 693
118 727
119 716
120 762
121 682
122 683
123 689
124 701
125 676
126 700
127 697
128 715
129 655
130 705
131 675
132 657
133 668
134 630
135 660
136 617
137 654
138 656
139 694
140 655
141 657
142 629
143 614
144 621
145 622
146 577
147 627
148 616
149 597
150 629
151 634
152 589
153 598
154 579
155 618
156 581
157 581
158 639
159 557
160 557
161 620
162 565
163 551
164 585
165 572
166 598
167 562
168 557
169 582
170 545
171 542
172 577
173 562
174 534
175 594
176 598
177 533
178 509
179 541
180 553
181 566
182 528
183 563
184 579
185 559
186 521
187 503
188 507
189 503
190 495
191 544
192 542
193 477
194 496
195 483
196 520
197 500
198 492
199 522
200 513
201 480
202 437
203 471
204 464
205 516
206 474
207 472
208 493
209 477
210 483
211 459
212 421
213 493
214 448
215 460
216 480
217 450
218 421
219 456
220 463
221 414
222 381
223 451
224 470
225 455
226 465
227 442
228 453
229 425
230 422
231 428
232 442
233 420
234 413
235 402
236 420
237 414
238 435
239 399
240 396
241 397
242 458
243 374
244 371
245 429
246 365
247 346
248 403
249 423
250 371
251 384
252 408
253 396
254 389
255 385
256 390
257 382
258 376
259 370
260 363
261 348
262 384
263 372
264 344
265 398
266 389
267 371
268 398
269 352
270 327
271 320
272 356
273 358
274 350
275 345
276 330
277 356
278 331
279 341
280 322
281 364
282 352
283 331
284 316
285 323
286 335
287 329
288 313
289 349
290 311
291 338
292 319
293 330
294 282
295 304
296 321
297 330
298 301
299 351
300 312
301 259
302 344
303 295
304 297
305 285
306 293
307 257
308 260
309 253
310 312
311 303
312 261
313 312
314 311
315 302
316 295
317 282
318 281
319 302
320 301
321 267
322 269
323 271
324 244
325 276
326 251
327 281
328 284
329 270
330 242
331 272
332 292
333 229
334 242
335 272
336 253
337 260
338 242
339 248
340 248
341 224
342 229
343 258
344 242
345 210
346 268
347 250
348 282
349 234
350 220
351 235
352 238
353 234
354 234
355 233
356 203
357 265
358 231
359 234
360 259
361 191
362 216
363 238
364 233
365 214
366 220
367 218
368 245
369 211
370 208
371 205
372 216
373 209
374 200
375 235
376 201
377 231
378 219
379 226
380 211
381 197
382 212
383 192
384 186
385 178
386 191
387 175
388 244
389 203
390 201
391 203
392 181
393 180
394 176
395 176
396 163
397 176
398 194
399 176
400 180
401 203
402 161
403 191
404 197
405 177
406 197
407 181
408 161
409 161
410 158
411 162
412 184
413 195
414 172
415 161
416 184
417 166
418 145
419 173
420 179
421 170
422 153
423 166
424 154
425 139
426 138
427 147
428 150
429 172
430 152
431 131
432 148
433 153
434 163
435 153
436 158
437 170
438 164
439 154
440 156
441 154
442 150
443 144
444 117
445 150
446 147
447 154
448 122
449 147
450 150
451 156
452 137
453 154
454 131
455 156
456 143
457 98
458 133
459 124
460 129
461 113
462 141
463 132
464 134
465 125
466 141
467 111
468 138
469 110
470 125
471 123
472 124
473 100
474 128
475 123
476 110
477 131
478 116
479 120
480 110
481 120
482 123
483 128
484 115
485 128
486 123
487 126
488 115
489 96
490 107
491 123
492 117
493 111
494 102
495 124
496 109
497 112
498 113
499 102
500 130
501 95
502 120
503 96
504 104
505 108
506 112
507 94
508 93
509 109
510 89
511 89
512 95
513 89
514 82
515 77
516 131
517 100
518 97
519 93
520 90
521 107
522 107
523 93
524 94
525 98
526 79
527 93
528 81
529 96
530 80
531 100
532 91
533 86
534 72
535 96
536 92
537 82
538 82
539 104
540 82
541 86
542 80
543 92
544 80
545 83
546 88
547 92
548 91
549 77
550 91
551 78
552 84
553 80
554 81
555 65
556 78
557 82
558 79
559 82
560 63
561 77
562 103
563 79
564 59
565 60
566 59
567 86
568 76
569 67
570 77
571 68
572 61
573 71
574 86
575 70
576 63
577 66
578 82
579 73
580 81
581 76
582 71
583 61
584 70
585 62
586 65
587 60
588 65
589 68
590 58
591 54
592 79
593 84
594 53
595 52
596 65
597 68
598 61
599 62
600 55
601 61
602 69
603 63
604 57
605 70
606 60
607 63
608 54
609 54
610 47
611 74
612 45
613 59
614 66
615 57
616 39
617 50
618 55
619 60
620 56
621 33
622 52
623 58
624 60
625 53
626 44
627 51
628 49
629 52
630 50
631 52
632 52
633 59
634 55
635 61
636 42
637 53
638 59
639 50
640 41
641 45
642 45
643 36
644 46
645 40
646 45
647 42
648 50
649 43
650 47
651 53
652 47
653 47
654 41
655 50
656 35
657 38
658 32
659 64
660 42
661 59
662 38
663 53
664 50
665 50
666 39
667 33
668 41
669 30
670 34
671 36
672 36
673 36
674 42
675 27
676 35
677 34
678 38
679 41
680 39
681 35
682 37
683 35
684 42
685 40
686 26
687 31
688 33
689 41
690 43
691 45
692 46
693 45
694 40
695 52
696 49
697 37
698 31
699 24
700 36
701 43
702 39
703 38
704 38
705 24
706 33
707 28
708 35
709 36
710 29
711 57
712 31
713 36
714 29
715 40
716 39
717 27
718 40
719 27
720 37
721 32
722 36
723 34
724 25
725 30
726 32
727 23
728 34
729 22
730 36
731 34
732 24
733 24
734 29
735 24
736 32
737 36
738 22
739 22
740 16
741 32
742 23
743 28
744 28
745 28
746 27
747 25
748 27
749 27
750 23
751 24
752 25
753 24
754 20
755 20
756 23
757 30
758 20
759 33
760 29
761 30
762 27
763 29
764 23
765 21
766 20
767 23
768 13
769 26
770 28
771 16
772 27
773 21
774 26
775 29
776 22
777 20
778 12
779 26
780 14
781 23
782 21
783 24
784 24
785 19
786 15
787 20
788 14
789 14
790 18
791 20
792 18
793 20
794 22
795 21
796 20
797 18
798 13
799 14
800 16
801 14
802 15
803 17
804 20
805 17
806 27
807 23
808 23
809 19
810 24
811 20
812 11
813 18
814 19
815 23
816 16
817 15
818 17
819 18
820 15
821 18
822 17
823 21
824 15
825 11
826 15
827 23
828 18
829 13
830 20
831 14
832 8
833 10
834 17
835 11
836 17
837 12
838 14
839 11
840 11
841 15
842 11
843 17
844 19
845 11
846 16
847 11
848 19
849 10
850 11
851 14
852 13
853 13
854 10
855 11
856 25
857 12
858 5
859 13
860 16
861 12
862 13
863 10
864 10
865 16
866 12
867 12
868 11
869 16
870 10
871 11
872 5
873 16
874 2
875 18
876 7
877 11
878 13
879 11
880 9
881 10
882 13
883 13
884 13
885 15
886 13
887 11
888 14
889 8
890 15
891 11
892 12
893 11
894 8
895 9
896 12
897 9
898 12
899 10
900 4
901 9
902 8
903 12
904 7
905 9
906 4
907 10
908 5
909 10
910 9
911 7
912 4
913 10
914 9
915 13
916 11
917 6
918 9
919 6
920 4
921 10
922 11
923 8
924 10
925 12
926 8
927 10
928 11
929 3
930 7
931 10
932 4
933 6
934 10
935 17
936 9
937 9
938 9
939 9
940 15
941 5
942 9
943 8
944 6
945 11
946 5
947 7
948 8
949 6
950 6
951 7
952 8
953 7
954 8
955 7
956 7
957 8
958 12
959 6
960 5
961 7
962 7
963 5
964 6
965 6
966 10
967 5
968 5
969 4
970 3
971 7
972 5
973 7
974 6
975 3
976 6
977 6
978 4
979 10
980 6
981 9
982 8
983 6
984 5
985 6
986 9
987 3
988 6
989 6
990 10
991 3
992 7
993 8
994 3
995 6
996 3
997 7
998 4
999 7
1000 2
1001 14
1002 2
1003 2
1004 5
1005 6
1006 2
1007 2
1008 3
1009 9
1010 2
1011 5
1012 3
1013 4
1014 5
1015 6
1016 2
1017 3
1018 6
1019 5
1020 7
1021 2
1022 2
1023 2
1024 6
1025 8
1026 3
1027 5
1028 4
1029 3
1030 5
1031 3
1032 6
1033 6
1034 1
1035 4
1036 6
1037 5
1038 1
1039 3
1040 4
1041 5
1042 6
1043 2
1044 2
1045 2
1046 3
1047 3
1048 4
1049 1
1050 1
1051 5
1052 1
1053 4
1054 1
1055 2
1056 4
1057 6
1058 4
1059 5
1060 3
1061 3
1062 2
1063 1
1064 3
1065 3
1066 3
1067 6
1068 3
1069 5
1071 5
1072 7
1073 4
1074 3
1075 6
1076 1
1077 3
1078 2
1079 2
1080 3
1081 4
1082 5
1083 2
1084 3
1085 3
1086 4
1087 4
1088 1
1089 3
1090 5
1091 4
1092 2
1093 2
1094 6
1095 5
1096 2
1097 3
1098 7
1099 3
1100 2
1101 2
1103 2
1105 1
1106 3
1107 2
1108 6
1109 4
1110 4
1111 4
1112 2
1113 2
1114 2
1115 3
1116 4
1117 1
1118 1
1119 2
1120 7
1121 3
1122 3
1123 4
1124 5
1125 1
1126 3
1127 5
1128 2
1129 2
1130 3
1132 3
1133 4
1134 1
1135 3
1136 2
1137 2
1138 3
1140 1
1142 2
1143 3
1144 1
1145 3
1146 2
1147 2
1148 2
1150 2
1151 1
1152 2
1153 4
1155 2
1157 2
1160 1
1161 2
1163 1
1164 2
1165 2
1166 4
1167 1
1168 5
1169 2
1170 1
1171 3
1172 2
1173 3
1175 5
1176 2
1177 2
1178 3
1179 4
1180 1
1181 3
1182 2
1183 1
1184 1
1185 3
1186 2
1187 2
1188 1
1190 1
1193 3
1194 2
1195 2
1196 2
1197 1
1199 2
1200 2
1201 1
1202 2
1204 2
1205 2
1206 1
1207 1
1208 2
1209 2
1211 4
1212 1
1213 2
1214 1
1215 1
1216 2
1218 2
1220 1
1222 2
1223 3
1226 1
1227 2
1229 3
1231 1
1233 1
1235 1
1236 3
1237 2
1238 3
1239 3
1240 1
1244 1
1249 3
1250 2
1251 2
1252 1
1253 1
1254 2
1255 1
1257 2
1258 1
1259 1
1260 1
1262 3
1263 1
1265 1
1266 1
1267 1
1268 1
1269 1
1273 1
1274 1
1275 1
1276 1
1277 1
1279 2
1283 1
1284 1
1285 1
1286 2
1288 1
1289 1
1290 1
1291 3
1294 1
1295 2
1296 1
1297 3
1299 2
1300 1
1301 2
1303 1
1304 1
1306 2
1308 1
1309 1
1310 1
1311 2
1313 1
1314 2
1315 1
1316 2
1318 3
1319 1
1321 1
1322 2
1324 1
1327 1
1332 1
1334 1
1336 1
1340 1
1342 1
1344 1
1345 2
1346 1
1351 1
1354 2
1355 2
1356 1
1357 1
1360 2
1362 1
1364 1
1366 1
1369 1
1370 1
1374 1
1376 1
1377 2
1378 1
1380 1
1381 1
1382 1
1387 1
1396 1
1398 1
1399 2
1418 2
1419 1
1420 1
1423 1
1425 1
1430 1
1431 1
1433 1
1435 2
1437 1
1438 2
1440 1
1442 1
1445 1
1454 1
1463 1
1472 1
1474 1
1476 1
1477 1
1479 1
1481 1
1484 1
1504 1
1511 1
1513 1
1515 1
1517 1
1523 1
1525 1
1534 1
1537 1
1538 1
1540 1
1544 2
1559 1
1569 1
1575 1
1576 1
1591 1
1592 1
1610 1
1616 1
1643 1
1690 2
1710 1
1718 1
1865 1
1890 1
1918 1
1927 1
2110 1
