500 100000 5
1 76909
2 55059
3 46511
4 42472
5 39493
6 38372
7 37912
8 37988
9 38662
10 39278
11 40635
12 41803
13 43586
14 45511
15 47346
16 49796
17 52858
18 54878
19 57669
20 59754
21 62212
22 64636
23 66719
24 67721
25 68877
26 69128
27 69796
28 69320
29 67594
30 66023
31 64137
32 60737
33 57911
34 53693
35 50208
36 45665
37 41533
38 37430
39 33117
40 28831
41 25303
42 21588
43 18057
44 15339
45 12753
46 10258
47 8403
48 6690
49 5243
50 4100
51 3172
52 2425
53 1796
54 1343
55 1038
56 780
57 524
58 341
59 316
60 219
61 128
62 79
63 64
64 43
65 27
66 21
67 15
68 7
69 4
70 3
72 1
73 1
74 1
77 1
