1 100000 20
0 83660
1 2026
2 1520
3 1281
4 1080
5 851
6 714
7 551
8 488
9 372
10 320
11 277
12 216
13 191
14 170
15 148
16 117
17 125
18 99
19 80
20 77
21 61
22 55
23 50
24 46
25 44
26 39
27 46
28 22
29 31
30 28
31 26
32 23
33 19
34 12
35 16
36 17
37 24
38 12
39 14
40 15
41 7
42 10
43 9
44 13
45 6
46 14
47 11
48 3
49 4
50 5
51 12
52 4
53 4
54 3
55 2
56 2
57 4
58 4
59 7
60 5
61 4
62 7
63 8
64 5
65 6
66 4
67 4
68 2
69 2
70 3
71 4
72 7
73 3
74 3
75 3
76 3
77 2
78 4
80 3
81 2
82 3
83 2
85 3
86 4
87 3
88 3
89 5
90 2
91 2
92 3
94 5
95 1
96 2
97 1
100 2
101 1
102 2
103 1
104 1
106 1
109 2
110 1
111 2
114 1
116 1
117 1
120 2
124 1
128 1
129 1
133 2
134 2
135 1
137 2
138 1
139 2
140 2
141 1
148 2
149 1
151 1
157 1
163 1
164 1
165 1
166 1
169 2
170 1
171 1
173 1
179 2
181 2
184 1
189 2
190 1
191 1
194 2
195 2
199 1
205 1
206 1
210 1
228 1
286 1
306 1
