1 100000 20
0 88349
1 1683
2 1186
3 837
4 561
5 400
6 279
7 226
8 163
9 155
10 113
11 99
12 78
13 59
14 68
15 42
16 45
17 46
18 39
19 35
20 35
21 28
22 25
23 22
24 21
25 20
26 19
27 17
28 14
29 16
30 11
31 6
32 15
33 19
34 11
35 12
36 10
37 11
38 7
39 11
40 11
41 12
42 12
43 11
44 10
45 10
46 8
47 8
48 5
49 11
50 1
51 6
52 6
53 4
54 2
55 2
56 1
57 4
58 6
59 4
60 2
61 6
62 3
63 5
64 5
65 7
66 3
67 2
68 8
69 3
70 3
71 5
72 4
73 1
74 2
75 5
76 4
77 6
78 2
79 6
80 4
81 4
82 1
84 2
85 1
86 1
87 5
88 4
89 3
90 4
91 1
92 2
93 2
94 1
95 2
96 7
97 3
99 3
100 2
101 2
102 2
103 4
104 2
106 3
107 3
108 2
110 1
111 2
112 5
113 1
114 4
116 4
117 1
120 2
121 1
122 3
123 2
124 1
126 2
128 1
129 3
131 2
133 1
134 3
135 1
136 2
138 1
140 1
141 1
142 1
143 2
146 3
147 1
148 2
149 2
150 2
151 1
152 2
153 2
155 1
157 2
158 1
159 3
160 2
161 1
162 2
165 2
168 2
170 3
171 1
172 3
173 1
174 1
178 2
180 2
181 2
182 1
185 1
186 2
189 1
191 3
192 1
194 2
196 2
200 1
201 1
204 1
205 1
206 1
208 1
209 1
211 2
219 1
221 1
224 2
229 1
231 1
233 1
238 1
239 1
241 1
242 1
244 2
250 1
256 2
260 1
261 1
263 1
266 1
268 1
270 1
273 1
276 1
278 1
284 1
287 1
289 2
292 1
294 1
301 2
304 1
305 1
313 1
319 1
322 1
325 1
328 1
329 1
331 2
337 1
340 1
345 1
356 1
357 1
359 1
362 1
365 1
377 2
378 1
386 1
388 1
389 1
392 1
398 1
407 1
415 1
416 1
426 1
435 1
437 1
440 1
441 1
444 1
448 1
460 1
473 1
478 1
482 1
496 1
513 1
518 1
528 1
536 1
543 1
559 1
595 1
691 1
724 1
