1 100000 20
0 80358
1 2466
2 2054
3 1788
4 1449
5 1175
6 936
7 711
8 649
9 566
10 416
11 412
12 340
13 276
14 206
15 190
16 156
17 129
18 103
19 91
20 96
21 65
22 71
23 55
24 57
25 43
26 41
27 36
28 18
29 32
30 27
31 21
32 15
33 28
34 18
35 17
36 9
37 9
38 12
39 11
40 11
41 3
42 6
43 10
44 5
45 1
46 4
47 5
48 6
49 4
50 2
51 3
52 1
53 3
54 5
55 2
57 4
58 3
59 1
60 1
61 2
62 2
63 3
64 1
66 3
67 1
68 1
69 1
70 1
71 2
73 1
75 1
76 1
78 1
79 2
80 3
81 2
82 3
83 2
85 1
86 1
87 1
88 1
91 1
92 1
99 1
101 1
102 1
112 1
117 1
137 1
145 1
