1 100000 20
0 87447
1 1727
2 1299
3 938
4 636
5 505
6 356
7 287
8 220
9 167
10 142
11 147
12 108
13 92
14 61
15 75
16 63
17 59
18 52
19 42
20 32
21 28
22 36
23 24
24 18
25 17
26 20
27 28
28 22
29 19
30 11
31 11
32 12
33 17
34 16
35 13
36 14
37 17
38 10
39 16
40 9
41 14
42 5
43 7
44 4
45 14
46 9
47 8
48 12
49 5
50 4
51 7
52 6
53 11
54 4
55 6
56 8
57 5
58 3
59 5
60 3
61 3
63 7
64 8
65 5
66 6
67 5
68 5
69 4
70 5
71 4
72 1
73 9
74 3
75 4
76 1
77 1
78 3
79 7
80 1
81 1
82 1
83 3
84 6
85 4
87 3
88 3
90 3
91 6
92 2
93 2
95 1
96 2
97 5
98 3
99 5
100 2
101 2
102 2
103 1
104 3
106 3
107 2
108 1
109 1
110 3
111 1
112 1
116 3
117 3
118 3
119 2
120 2
121 1
122 1
123 2
124 2
125 1
126 2
127 2
128 1
129 1
130 1
131 2
132 1
133 3
134 1
137 1
138 1
139 2
140 2
142 1
143 1
144 2
145 2
146 2
147 1
148 1
149 1
150 1
151 2
152 1
153 2
154 2
155 1
158 2
160 1
163 1
164 2
166 3
167 1
169 1
170 2
172 2
173 1
176 1
179 2
182 2
183 2
184 1
185 1
186 3
188 3
189 1
194 1
197 1
201 1
205 1
207 1
210 2
212 1
213 1
216 1
217 1
220 1
222 1
227 1
229 1
231 1
232 1
234 1
241 1
245 2
254 1
258 1
263 1
264 1
267 1
270 1
271 1
272 1
274 1
275 1
276 2
277 1
281 1
289 1
292 1
295 1
298 2
300 1
304 1
307 1
309 1
310 1
311 1
316 1
322 1
325 1
345 2
352 3
353 1
361 1
364 1
365 1
366 1
367 1
371 2
379 1
388 1
391 1
397 1
404 1
413 1
422 1
425 1
429 1
450 1
471 1
472 1
476 1
478 1
492 1
629 1
639 1
