1 100000 20
0 82638
1 2082
2 1714
3 1433
4 1184
5 918
6 782
7 652
8 534
9 422
10 377
11 274
12 252
13 222
14 211
15 156
16 136
17 132
18 120
19 103
20 68
21 66
22 65
23 53
24 51
25 37
26 40
27 31
28 33
29 29
30 25
31 29
32 26
33 23
34 19
35 17
36 10
37 14
38 15
39 7
40 16
41 9
42 11
43 11
44 9
45 6
46 7
47 14
48 8
49 6
50 4
51 8
52 4
53 7
54 6
55 2
56 6
57 3
58 2
59 5
60 2
61 4
62 3
63 4
64 6
65 3
66 3
67 4
68 2
69 6
70 3
71 1
72 2
73 5
74 5
75 3
76 4
77 3
78 2
79 1
80 2
83 4
84 2
85 2
90 2
93 1
94 1
95 2
97 2
98 2
99 3
100 1
101 1
102 1
103 1
105 2
106 2
107 1
110 1
111 2
116 1
117 1
119 1
121 1
122 2
128 1
131 1
133 1
134 3
136 1
138 1
139 2
140 1
141 1
144 2
150 1
153 1
157 1
161 2
163 1
164 1
175 1
176 1
178 1
198 1
203 1
255 1
