1 100000 20
0 81522
1 2261
2 1914
3 1620
4 1231
5 1047
6 848
7 739
8 542
9 497
10 385
11 350
12 276
13 247
14 209
15 185
16 146
17 139
18 106
19 107
20 94
21 76
22 69
23 60
24 49
25 45
26 44
27 33
28 23
29 24
30 29
31 29
32 16
33 21
34 26
35 13
36 16
37 20
38 16
39 16
40 4
41 9
42 5
43 9
44 6
45 3
46 8
47 9
48 4
49 4
50 5
51 11
52 7
53 2
54 4
55 3
56 3
57 3
59 2
60 5
61 3
62 4
63 3
64 1
65 5
66 6
67 2
69 1
70 1
71 1
72 2
73 3
74 1
75 2
76 2
77 2
79 2
81 2
83 2
84 1
85 1
87 2
88 1
89 1
91 1
94 1
95 1
96 1
98 2
99 1
100 2
101 1
105 1
106 2
107 2
108 2
109 2
116 1
119 1
120 1
121 1
123 1
125 1
130 1
133 1
146 1
154 1
168 1
184 1
