1 100000 20
0 86488
1 1831
2 1371
3 1055
4 716
5 575
6 454
7 353
8 292
9 233
10 174
11 149
12 126
13 103
14 106
15 68
16 75
17 72
18 72
19 53
20 48
21 34
22 38
23 34
24 31
25 22
26 16
27 22
28 17
29 22
30 22
31 9
32 23
33 21
34 18
35 16
36 14
37 11
38 19
39 11
40 11
41 11
42 15
43 5
44 10
45 6
46 12
47 8
48 6
49 14
50 8
51 6
52 4
53 5
54 6
55 7
56 7
57 4
58 8
59 7
60 4
61 5
62 5
63 5
64 3
65 6
66 7
67 6
68 4
69 4
70 6
71 6
72 4
73 2
74 5
75 1
76 8
77 2
78 3
79 3
80 2
81 2
82 6
83 1
84 5
85 2
86 4
87 3
88 2
89 4
90 1
91 1
93 5
94 1
95 1
98 1
99 2
100 2
101 4
102 2
103 2
104 1
106 2
108 5
109 2
112 1
114 3
115 1
116 4
117 3
118 2
119 2
120 2
121 2
122 1
123 2
125 1
126 1
127 4
128 2
129 1
131 2
133 1
134 4
135 2
136 2
137 1
139 1
141 3
143 1
145 3
146 1
148 1
149 3
150 1
151 2
154 1
155 1
156 2
160 1
162 2
165 1
166 2
170 3
174 1
175 3
177 2
180 1
182 2
184 1
189 1
190 1
191 1
192 1
197 1
198 1
200 1
202 2
209 1
210 1
211 1
219 2
224 1
226 1
230 1
231 2
234 1
235 1
237 2
242 1
243 1
244 1
250 1
257 1
258 1
259 1
260 1
261 1
264 1
269 1
273 1
274 2
280 1
281 1
282 1
286 1
287 1
298 1
300 1
304 1
312 1
317 1
322 1
323 1
325 1
327 1
331 1
332 1
334 1
336 1
340 1
342 1
343 1
349 1
366 1
378 1
382 1
398 1
403 1
405 1
407 1
417 1
531 1
556 1
