1 100000 20
0 85555
1 1915
2 1407
3 1069
4 878
5 671
6 559
7 395
8 349
9 261
10 232
11 184
12 181
13 156
14 127
15 95
16 91
17 71
18 63
19 59
20 57
21 45
22 40
23 47
24 27
25 23
26 26
27 28
28 32
29 26
30 21
31 17
32 16
33 14
34 22
35 22
36 12
37 14
38 12
39 9
40 18
41 16
42 20
43 9
44 10
45 11
46 3
47 11
48 8
49 7
50 12
51 7
52 12
53 10
54 3
55 2
56 5
57 5
58 5
59 9
60 8
61 9
62 5
63 4
64 4
65 4
66 5
67 5
68 7
69 3
70 4
71 3
72 2
73 3
74 2
75 2
76 5
77 3
78 1
79 1
80 2
81 2
82 3
83 1
84 3
85 4
86 2
87 1
88 3
89 5
91 2
92 2
93 4
94 2
95 1
96 5
98 2
100 1
101 3
102 2
103 2
105 2
107 3
108 3
109 1
110 3
112 2
113 1
114 1
115 4
117 2
118 5
119 1
120 2
122 2
124 2
126 1
127 3
128 1
131 1
132 1
133 3
135 1
136 2
138 1
139 1
140 1
141 2
142 1
143 1
145 2
146 2
147 1
149 1
150 1
151 2
153 2
154 1
157 1
159 2
161 2
165 1
166 1
169 1
170 2
171 1
173 1
176 1
177 1
181 1
182 1
184 2
187 1
191 1
192 1
193 1
194 2
197 1
202 1
207 1
209 1
212 1
216 1
217 1
223 1
227 1
228 1
230 1
231 1
232 1
234 1
241 1
242 1
243 1
244 1
253 1
258 1
259 1
265 1
266 1
269 1
270 1
271 1
273 2
280 1
282 1
284 1
285 1
290 1
291 1
293 1
295 1
299 1
303 1
322 1
326 1
329 1
330 1
334 1
442 1
477 1
