1 100000 20
0 89175
1 1677
2 1122
3 668
4 439
5 312
6 217
7 195
8 143
9 97
10 87
11 70
12 55
13 55
14 48
15 31
16 36
17 30
18 33
19 29
20 23
21 24
22 25
23 18
24 25
25 15
26 10
27 12
28 6
29 16
30 7
31 7
32 8
33 17
34 13
35 5
36 15
37 14
38 11
39 11
40 14
41 5
42 10
43 6
44 11
45 9
46 5
47 6
48 4
49 2
50 4
51 7
52 6
53 4
54 6
55 5
56 4
57 3
58 3
59 2
60 2
61 6
62 5
63 3
64 3
65 6
66 3
67 3
68 3
69 4
70 4
71 1
72 4
73 2
74 8
75 3
77 5
78 1
79 3
80 3
81 2
82 5
83 6
84 4
85 2
86 1
87 2
88 3
89 5
90 1
91 2
92 3
93 1
94 3
95 5
97 2
98 6
99 2
100 3
101 2
102 4
103 3
104 3
105 2
107 1
108 2
109 6
110 1
111 1
112 2
114 5
117 2
119 1
121 2
123 2
124 1
126 1
128 2
130 1
132 1
133 2
134 2
135 1
137 2
138 3
139 2
142 2
143 3
144 2
145 4
146 2
149 2
150 3
151 1
152 2
153 2
155 3
158 1
162 1
163 2
165 2
166 2
167 2
168 1
170 1
171 1
172 1
173 1
174 3
176 1
180 1
181 2
182 1
184 1
185 1
186 3
187 1
189 2
190 1
191 3
194 1
196 2
198 1
201 2
203 1
205 2
206 1
210 2
211 1
212 1
214 1
215 1
220 2
221 1
222 2
226 1
227 1
228 1
229 2
231 1
232 1
233 1
237 1
241 2
245 1
254 1
258 1
261 2
262 1
264 1
265 1
269 1
274 1
283 1
284 2
286 1
288 1
292 1
293 1
302 1
307 1
308 1
312 1
315 1
318 1
321 1
325 1
327 1
332 2
335 1
338 2
341 1
342 1
349 1
352 3
356 1
359 1
363 1
376 2
381 1
386 1
390 1
391 1
403 1
404 1
417 2
418 1
423 1
428 1
436 1
445 1
452 1
453 1
454 1
458 1
459 1
466 1
478 1
482 1
491 3
494 1
495 1
522 1
530 2
536 1
547 1
572 1
591 1
599 1
619 1
644 1
666 1
767 1
785 1
