1 100000 20
0 84635
1 1926
2 1491
3 1201
4 927
5 755
6 624
7 508
8 395
9 322
10 276
11 223
12 194
13 178
14 146
15 139
16 110
17 93
18 71
19 66
20 75
21 55
22 44
23 44
24 31
25 45
26 40
27 29
28 27
29 29
30 27
31 31
32 18
33 20
34 16
35 19
36 16
37 9
38 13
39 15
40 11
41 13
42 16
43 13
44 16
45 10
46 7
47 8
48 7
49 7
50 6
51 10
52 10
53 8
54 8
55 2
56 3
57 7
58 4
60 6
61 3
62 3
63 6
64 7
65 1
66 8
67 5
68 3
69 6
70 3
71 3
72 1
73 4
76 4
77 1
78 1
79 5
80 4
81 3
82 3
83 2
84 5
85 6
86 2
88 1
89 2
91 3
93 3
95 2
96 1
97 2
98 3
99 5
100 1
101 6
102 4
103 4
104 2
105 1
106 2
108 3
109 2
111 1
112 2
113 2
114 2
117 3
118 2
120 1
121 3
122 2
123 1
125 1
126 2
127 1
128 2
129 1
130 1
131 1
132 1
135 1
137 1
140 1
143 1
146 1
147 1
148 1
153 1
157 1
158 1
159 1
161 2
162 1
165 1
166 1
167 1
175 1
176 1
177 1
179 1
182 1
184 1
190 1
194 1
196 2
199 3
200 2
205 1
206 1
207 1
208 1
216 1
222 1
223 2
224 1
225 1
228 1
231 1
232 1
233 1
239 1
244 2
245 1
249 1
253 1
260 1
272 1
274 1
279 1
346 1
387 1
