100 3000 50
0 244456
1 30
2 120
3 254
4 474
5 737
6 1010
7 1119
8 1237
9 1292
10 1292
11 1124
12 989
13 869
14 761
15 609
16 491
17 425
18 309
19 262
20 174
21 153
22 103
23 81
24 72
25 51
26 46
27 23
28 32
29 24
30 20
31 12
32 18
33 15
34 11
35 15
36 5
37 6
38 6
39 6
40 10
41 5
42 3
43 3
44 5
45 2
46 2
47 5
48 2
49 3
50 1
51 3
52 3
53 1
54 1
55 4
56 1
57 1
58 5
60 1
61 1
63 2
64 2
66 4
68 1
69 2
71 1
72 4
73 1
76 3
77 2
79 1
81 1
82 1
83 1
85 1
86 1
87 2
88 1
89 2
90 1
91 2
93 1
94 1
95 1
96 1
100 3
102 1
104 1
105 1
112 2
131 1
132 1
133 2
135 1
136 1
139 1
147 2
148 1
149 1
155 1
157 1
159 1
168 1
174 1
175 1
177 1
184 1
185 2
186 1
196 2
201 2
206 1
207 1
210 1
211 1
212 1
214 1
215 1
218 1
220 1
228 1
231 3
236 1
238 1
239 1
240 1
241 1
245 1
247 1
254 1
258 1
261 1
262 1
263 1
264 1
265 2
266 2
269 1
270 1
272 3
277 3
278 1
280 1
282 2
283 2
284 1
286 1
289 3
292 1
293 1
294 1
295 1
297 1
300 1
302 2
303 2
310 1
313 1
314 2
315 1
324 1
326 1
327 1
328 1
333 2
335 1
338 1
340 2
341 1
344 1
347 1
350 1
351 1
356 1
358 1
359 1
360 1
362 1
366 2
367 2
372 2
373 1
374 1
379 1
380 3
381 2
383 1
384 1
386 3
389 1
394 1
395 2
397 3
398 1
400 4
401 2
402 1
404 1
405 1
406 1
407 3
408 1
410 1
412 1
415 2
416 1
417 2
418 2
419 2
421 1
423 1
424 1
425 1
427 1
430 3
431 1
433 1
436 2
437 2
438 1
441 2
443 1
444 4
446 1
447 1
448 2
449 1
450 2
451 1
452 1
453 1
454 4
455 1
457 1
460 2
461 1
464 1
468 1
470 1
471 1
473 1
474 1
476 2
477 1
480 1
481 1
483 1
485 1
492 2
493 2
494 1
495 2
497 3
499 1
502 2
503 1
504 3
505 2
506 1
507 1
509 1
510 1
511 1
513 1
518 1
521 1
524 2
525 1
526 3
530 2
531 1
532 1
533 1
538 1
539 1
545 1
546 1
548 1
549 1
553 1
554 1
558 1
560 1
561 1
562 2
563 1
565 2
567 3
569 1
572 1
576 1
578 2
579 2
581 1
582 1
583 2
584 1
587 1
589 1
591 1
594 1
601 1
602 1
604 1
605 2
611 1
612 2
613 1
614 1
615 1
617 1
622 1
623 1
631 1
632 1
640 1
641 1
646 1
652 1
656 1
659 1
661 1
665 1
668 1
670 1
672 1
678 1
679 1
680 1
684 1
685 2
688 1
689 1
698 1
726 1
