100 3000 50
0 239389
1 206
2 534
3 915
4 1360
5 1536
6 1719
7 1693
8 1671
9 1484
10 1385
11 1207
12 972
13 776
14 647
15 546
16 410
17 376
18 280
19 223
20 193
21 146
22 131
23 113
24 85
25 84
26 76
27 48
28 50
29 42
30 33
31 32
32 29
33 26
34 25
35 29
36 16
37 16
38 11
39 19
40 12
41 16
42 11
43 16
44 7
45 14
46 7
47 10
48 11
49 11
50 7
51 10
52 5
53 8
54 2
55 6
56 6
57 5
58 14
59 6
60 6
61 4
62 6
63 6
64 6
65 1
66 3
67 4
68 3
69 2
70 2
71 7
72 5
73 2
74 2
75 3
76 6
77 2
78 2
79 4
80 7
81 2
82 3
83 1
84 5
85 1
86 3
87 1
88 4
89 3
90 2
91 2
92 3
93 4
94 2
95 2
96 1
97 1
98 3
100 3
101 2
102 1
103 4
104 1
106 2
107 1
108 3
110 1
111 3
112 1
113 1
114 1
115 2
116 1
117 2
118 1
120 3
121 3
126 1
127 1
128 3
129 3
130 1
132 2
133 1
134 1
135 3
136 2
138 3
140 1
142 1
143 3
144 3
145 1
146 2
149 1
151 1
152 1
153 1
154 1
155 1
157 3
159 1
160 1
163 1
164 2
165 2
166 1
167 2
169 1
171 1
172 3
173 1
174 2
175 1
177 1
181 1
182 2
184 1
185 3
186 2
188 2
189 1
192 1
193 2
195 1
196 1
197 1
199 1
200 1
202 1
203 2
210 1
217 4
218 1
220 1
226 1
228 1
233 1
234 1
235 1
236 1
238 1
241 3
243 1
245 3
246 1
256 1
257 3
260 1
262 1
263 2
264 1
268 1
272 1
275 2
276 1
277 2
278 1
279 3
280 1
281 1
285 1
286 1
287 1
293 3
294 1
295 2
297 1
298 1
299 1
300 1
301 1
303 3
304 2
305 1
307 2
310 1
311 1
314 2
320 2
322 3
326 1
331 1
332 2
333 1
334 1
335 1
338 2
343 1
345 1
350 1
353 1
354 1
357 3
365 1
367 1
368 1
369 1
372 1
379 1
380 2
381 1
382 1
383 2
384 2
386 2
393 1
394 1
397 1
398 1
400 1
402 3
403 1
405 1
406 1
408 1
410 1
411 2
413 1
415 1
416 1
417 2
419 1
420 1
421 1
422 1
423 1
426 2
429 1
430 2
433 3
436 1
440 2
441 1
442 1
443 1
444 1
445 1
450 1
455 1
456 1
458 1
460 1
461 1
464 1
465 1
467 1
473 1
477 4
479 1
480 1
481 2
484 2
485 1
486 1
488 2
489 2
493 1
495 1
496 1
497 2
498 1
505 1
514 1
515 1
519 1
521 1
523 1
529 1
536 1
542 1
549 1
553 1
565 1
568 1
587 1
590 1
604 1
606 1
609 2
612 1
613 1
649 1
656 1
702 1
715 1
