100 3000 50
0 229139
1 661
2 1319
3 1873
4 2244
5 2470
6 2494
7 2390
8 2182
9 2065
10 1739
11 1551
12 1276
13 1145
14 991
15 776
16 724
17 584
18 446
19 443
20 364
21 303
22 235
23 242
24 218
25 164
26 125
27 120
28 114
29 67
30 80
31 66
32 49
33 43
34 56
35 38
36 34
37 29
38 34
39 26
40 26
41 19
42 15
43 14
44 18
45 14
46 13
47 10
48 8
49 9
50 6
51 5
52 9
53 5
54 8
55 5
56 5
57 1
58 4
59 2
60 6
61 4
62 2
64 3
66 5
68 1
69 1
70 2
71 1
73 2
74 4
75 2
76 1
78 1
80 1
82 1
87 1
90 3
94 1
95 1
96 2
97 1
98 2
104 1
107 1
111 1
115 1
136 1
138 1
