100 3000 50
0 243515
1 49
2 194
3 388
4 642
5 919
6 1134
7 1416
8 1369
9 1387
10 1374
11 1148
12 1044
13 859
14 675
15 567
16 471
17 348
18 270
19 206
20 160
21 142
22 90
23 76
24 47
25 36
26 39
27 28
28 35
29 18
30 20
31 15
32 8
33 8
34 7
35 7
36 5
37 7
38 7
39 3
40 4
41 4
42 1
43 4
44 2
45 3
46 1
47 1
48 6
49 4
50 1
51 3
52 2
53 1
54 1
55 4
56 1
57 5
58 2
59 3
60 1
61 2
62 2
63 3
64 2
65 6
66 1
68 1
69 2
70 1
71 1
72 3
74 1
81 2
84 1
87 1
88 1
90 1
92 1
93 1
95 3
97 1
102 2
105 1
106 1
107 1
108 2
109 2
110 1
111 1
113 3
114 1
116 1
118 2
119 1
120 2
121 1
122 1
126 1
130 2
140 1
141 1
145 1
147 1
150 1
151 2
153 1
154 1
155 1
159 1
164 2
170 1
172 1
174 2
176 2
179 2
180 1
181 1
184 1
190 1
196 1
204 2
206 1
209 1
211 2
213 1
215 1
217 1
218 1
223 1
226 1
228 1
233 2
234 1
235 2
246 2
248 1
251 2
253 1
254 1
258 1
261 1
265 2
266 1
272 2
276 1
277 1
278 2
282 1
291 1
293 1
296 1
298 1
300 1
302 1
303 1
305 1
306 2
309 2
317 1
319 4
321 1
325 1
326 1
327 1
328 1
329 2
331 1
333 2
335 1
337 1
339 1
341 1
343 2
347 1
357 1
358 1
363 1
365 2
366 1
368 1
371 1
372 1
374 2
375 1
376 1
380 1
381 1
386 2
387 2
388 3
389 3
390 3
391 1
392 2
393 2
399 1
401 1
402 1
403 1
404 2
405 3
406 2
407 1
411 1
412 1
413 1
414 1
415 1
416 1
417 2
419 1
420 1
421 2
422 1
424 1
425 1
426 2
427 1
428 1
433 3
434 2
435 1
437 2
438 2
440 1
442 1
443 1
445 1
446 2
447 2
450 2
454 2
455 1
457 1
458 1
459 1
461 2
462 2
463 1
464 1
466 1
468 3
469 1
471 2
472 2
473 3
476 2
478 2
479 1
481 1
482 4
484 1
485 1
487 1
488 1
493 4
495 1
496 1
498 1
499 2
506 1
508 1
509 1
510 1
511 1
517 1
519 2
520 2
522 1
524 1
525 1
526 1
529 1
534 2
535 3
536 1
538 1
539 2
540 1
546 2
547 1
549 1
550 1
553 1
561 4
563 1
564 1
565 1
569 3
570 1
572 1
573 1
576 1
578 1
582 1
583 1
584 1
586 1
589 1
593 1
594 1
597 1
603 1
607 1
609 3
613 1
615 1
621 2
626 1
627 2
628 2
632 1
636 1
639 1
645 1
648 1
649 1
652 2
655 1
656 1
657 1
660 1
662 1
664 1
676 2
677 1
698 1
706 1
708 1
712 1
727 1
728 1
