100 3000 50
0 244927
1 26
2 90
3 222
4 404
5 662
6 900
7 1021
8 1157
9 1214
10 1197
11 1086
12 1025
13 835
14 747
15 645
16 566
17 436
18 343
19 249
20 206
21 165
22 132
23 93
24 79
25 62
26 44
27 32
28 28
29 30
30 17
31 24
32 13
33 13
34 13
35 10
36 5
37 11
38 8
39 4
40 2
41 2
42 3
43 4
44 2
45 3
46 4
47 3
48 3
49 3
50 4
52 6
53 1
54 3
55 2
56 1
57 2
58 2
59 2
61 1
62 2
63 3
65 2
67 1
68 2
69 1
70 4
71 1
72 2
73 1
74 1
75 5
76 1
80 1
82 1
88 3
91 2
93 1
97 1
98 1
99 2
100 3
101 1
103 2
106 2
108 1
116 1
117 1
122 1
127 1
130 1
135 1
136 1
139 1
144 1
148 1
149 1
153 1
156 1
157 1
159 1
162 1
163 1
165 2
167 1
170 3
171 1
172 1
174 2
175 1
177 1
179 1
180 1
185 1
187 1
193 1
194 1
196 1
200 1
203 1
207 1
209 1
212 1
213 2
218 1
220 1
221 1
222 1
224 1
228 1
229 2
232 1
242 1
245 1
246 1
255 1
256 2
259 1
260 1
265 1
268 1
271 1
276 1
280 2
281 1
283 1
284 1
285 1
294 1
295 1
296 2
298 1
305 1
310 1
315 2
316 1
318 1
320 1
322 1
323 1
324 1
327 1
334 1
337 1
340 1
343 1
344 1
349 1
351 1
352 1
353 1
354 1
356 1
357 1
360 1
363 2
366 1
367 1
368 1
370 1
371 1
372 3
373 1
374 1
375 1
377 3
378 1
379 1
380 1
381 1
382 1
384 2
385 1
387 2
389 1
390 1
394 1
395 1
396 1
397 1
398 2
400 1
402 3
404 1
406 2
407 1
411 1
412 1
413 2
414 1
415 2
416 2
417 1
419 1
421 2
422 1
424 2
425 2
426 2
427 2
428 1
429 1
432 1
433 1
435 1
436 2
437 2
438 1
440 1
441 4
442 2
443 3
446 1
447 2
448 1
449 2
452 1
453 1
454 1
455 3
456 1
457 1
459 1
460 1
462 1
463 1
465 1
467 1
468 1
469 1
470 4
471 2
474 2
476 1
478 1
479 1
482 2
483 1
484 1
485 1
486 3
493 1
494 1
495 1
497 1
498 1
499 3
500 1
502 2
503 1
504 1
509 1
513 2
515 1
517 3
519 4
520 1
521 1
522 1
523 2
527 2
530 2
531 1
534 2
535 1
538 1
542 1
545 1
547 2
548 1
550 1
552 2
554 1
555 2
556 1
557 1
558 3
561 2
562 3
567 1
568 1
574 1
576 1
582 1
591 1
592 1
593 1
595 1
598 3
604 2
607 1
609 1
622 1
623 1
625 1
630 1
631 1
633 1
638 1
644 1
645 1
648 1
650 1
652 1
655 1
665 1
666 1
671 1
673 1
676 2
677 1
678 1
685 1
695 2
699 1
711 1
715 1
717 1
739 1
