100 3000 50
0 244239
1 38
2 143
3 305
4 521
5 843
6 1027
7 1197
8 1252
9 1307
10 1279
11 1150
12 947
13 850
14 790
15 590
16 491
17 382
18 303
19 234
20 177
21 143
22 116
23 91
24 73
25 38
26 37
27 23
28 29
29 18
30 28
31 9
32 13
33 11
34 11
35 5
36 13
37 10
38 3
39 5
40 5
41 4
42 4
43 6
44 3
45 3
46 2
47 3
48 1
49 3
50 1
51 4
52 3
53 3
54 1
55 1
57 3
59 3
60 1
61 2
62 2
67 1
68 1
69 1
71 2
72 1
73 2
74 1
76 2
77 1
79 1
80 2
81 3
82 3
83 1
84 1
88 1
90 1
93 2
94 2
95 1
97 1
98 2
99 1
102 1
103 1
106 1
109 2
113 2
119 2
122 1
123 1
125 1
127 1
133 1
140 1
144 1
145 1
148 1
150 1
159 2
161 1
167 1
170 1
172 1
180 1
182 1
184 1
185 1
186 1
187 1
194 1
196 1
197 1
201 1
202 1
205 2
206 3
207 1
210 1
213 1
216 2
218 1
224 2
226 1
229 1
237 1
240 1
241 1
242 1
243 1
246 2
248 2
250 1
256 2
257 2
263 1
264 2
265 2
266 1
276 1
283 2
285 1
287 1
288 2
289 1
292 2
293 2
297 1
298 1
299 1
300 1
304 2
305 2
306 1
307 1
309 1
310 1
311 1
312 2
317 1
323 1
324 1
326 1
331 1
332 1
333 1
336 2
340 1
342 1
348 1
349 2
352 1
354 1
358 1
359 1
360 1
363 1
364 2
365 2
366 1
371 1
373 1
374 1
375 1
376 1
377 1
382 1
386 1
387 1
388 1
389 1
390 1
391 1
392 2
393 1
395 1
398 4
399 1
400 1
401 2
403 1
404 1
405 1
408 1
409 1
412 2
413 1
415 2
416 1
421 4
423 1
424 2
425 2
426 2
427 1
431 2
432 1
433 2
435 1
436 4
438 3
440 3
441 1
443 2
444 1
445 1
446 1
447 2
450 2
451 2
452 1
453 1
457 1
459 1
460 2
463 2
467 2
468 1
469 2
470 1
471 1
474 1
477 1
479 1
480 1
482 1
483 2
484 1
485 1
486 1
487 3
488 1
491 1
495 1
497 4
501 2
502 1
504 1
505 1
506 1
508 1
511 1
512 1
513 2
516 1
517 1
519 1
520 3
521 2
523 1
525 1
530 1
531 2
533 1
536 1
537 2
538 2
541 2
542 1
545 1
547 1
548 1
549 1
551 2
553 1
554 2
557 1
559 1
563 1
564 3
568 1
569 1
570 1
572 1
573 1
574 1
577 1
579 1
582 2
583 1
586 1
587 1
591 1
595 1
597 3
598 1
599 1
604 1
605 1
608 2
609 1
613 1
614 1
622 1
625 1
629 1
632 1
633 1
634 1
636 1
637 2
639 1
641 1
643 1
657 2
660 1
661 2
664 1
667 1
668 1
672 1
681 1
699 1
734 1
737 1
742 1
752 1
