100 3000 50
0 236562
1 294
2 777
3 1147
4 1594
5 1772
6 1840
7 1806
8 1735
9 1559
10 1432
11 1176
12 964
13 855
14 752
15 589
16 531
17 452
18 348
19 333
20 256
21 244
22 200
23 137
24 138
25 140
26 110
27 114
28 81
29 80
30 62
31 68
32 49
33 46
34 43
35 39
36 43
37 35
38 26
39 31
40 22
41 19
42 28
43 10
44 16
45 18
46 13
47 16
48 18
49 16
50 9
51 19
52 13
53 13
54 6
55 13
56 8
57 8
58 11
59 12
60 12
61 7
62 5
63 7
64 7
65 8
66 5
67 5
68 4
69 4
70 7
71 5
72 5
73 6
74 7
75 4
76 4
77 5
78 4
79 5
80 2
81 4
82 5
83 2
84 3
85 4
86 9
87 1
88 2
89 4
90 5
91 1
92 5
93 2
94 6
95 2
96 5
97 1
98 2
99 4
101 3
102 3
103 1
104 1
105 4
106 2
108 4
109 2
111 3
112 2
113 1
114 3
115 3
116 3
117 1
118 2
119 3
121 3
122 2
123 4
127 1
128 1
129 3
130 2
131 1
134 2
135 3
138 1
139 2
140 2
141 1
142 3
143 1
144 1
145 1
146 1
147 1
148 1
149 2
152 2
153 2
155 1
157 1
159 1
160 1
161 2
165 1
166 1
168 4
169 2
170 1
171 1
172 3
173 4
174 4
175 1
177 1
178 1
179 1
180 1
181 1
184 1
186 2
187 1
188 2
189 2
191 4
193 1
195 2
196 4
198 2
199 1
201 1
203 1
204 1
206 1
207 1
209 1
212 2
213 1
219 1
221 1
225 1
227 1
228 1
233 2
238 1
239 1
243 1
247 1
248 1
249 1
256 1
262 1
265 1
266 1
270 1
273 1
274 2
275 1
277 1
280 1
282 5
288 1
290 2
291 2
292 1
298 1
303 1
306 1
311 1
313 1
317 1
319 1
329 1
331 2
336 1
337 1
338 2
339 1
341 1
344 1
347 1
350 1
354 1
357 2
360 1
362 1
368 1
369 1
373 1
375 1
376 1
380 1
382 1
383 1
386 1
388 1
393 1
394 1
404 1
415 1
422 1
428 1
434 1
443 1
444 1
448 1
449 1
453 1
466 1
469 1
516 1
519 1
532 1
565 1
587 1
