100 3000 50
0 243174
1 49
2 183
3 448
4 716
5 1002
6 1234
7 1388
8 1444
9 1398
10 1292
11 1204
12 987
13 852
14 708
15 598
16 496
17 329
18 270
19 206
20 169
21 133
22 91
23 74
24 62
25 37
26 34
27 27
28 22
29 16
30 18
31 8
32 9
33 13
34 12
35 5
36 6
37 3
38 4
39 6
40 6
41 4
42 4
43 3
44 5
45 6
46 4
47 3
48 1
49 4
51 3
53 1
54 3
55 3
56 2
57 2
58 4
59 3
61 2
62 2
65 2
66 1
67 3
71 1
72 1
73 2
74 2
75 1
78 2
80 1
83 2
84 3
85 2
86 3
90 2
91 1
95 2
96 2
98 1
99 1
100 1
103 2
104 1
105 1
108 1
109 1
110 1
112 1
113 2
114 1
119 1
122 1
123 1
125 1
130 2
131 1
132 1
133 2
134 1
135 2
136 1
137 1
142 2
143 1
144 1
145 1
147 1
153 1
157 1
158 1
160 1
165 1
168 2
169 1
170 1
172 1
174 1
176 1
177 1
179 1
183 1
191 1
192 1
195 1
196 1
201 1
205 1
209 1
211 2
214 2
216 1
217 1
218 1
228 1
229 1
231 1
234 1
239 1
243 1
246 1
247 1
250 1
254 2
255 1
256 1
257 1
259 1
260 1
265 1
266 1
268 1
269 1
270 1
273 1
275 1
276 1
278 1
282 1
283 1
288 1
289 1
292 1
297 1
299 1
301 1
302 2
303 1
305 1
310 2
313 2
314 1
315 1
317 1
321 2
323 3
324 1
325 1
328 1
329 1
330 1
334 1
336 1
337 1
338 1
339 2
341 1
344 1
345 1
347 1
349 1
350 1
351 1
352 1
354 1
359 1
360 1
361 1
363 1
365 2
367 1
368 1
369 2
371 1
372 2
374 1
375 3
377 1
378 2
380 1
381 2
383 4
385 2
387 1
388 1
391 1
392 1
393 1
394 1
396 2
397 1
399 1
400 2
401 2
402 1
403 1
405 1
406 1
408 1
412 2
414 1
415 1
416 1
417 1
421 1
422 1
426 1
428 2
430 1
431 1
432 2
433 2
435 1
436 1
437 3
442 1
443 1
444 1
445 3
447 1
448 1
449 1
451 1
452 2
454 2
456 2
458 3
460 2
462 2
463 1
464 2
465 1
466 1
467 1
468 1
469 2
476 1
477 1
479 2
482 1
483 2
485 1
486 1
487 2
488 1
490 1
492 1
494 1
495 1
497 1
499 1
502 1
506 2
508 1
511 1
514 1
517 1
518 1
519 1
522 1
527 1
531 1
532 1
538 1
539 2
542 1
543 3
546 2
547 1
548 1
551 1
552 1
555 1
556 1
560 1
564 1
565 1
567 1
568 1
569 1
571 1
572 2
577 2
579 1
581 1
583 1
584 1
585 1
590 1
591 2
592 1
593 2
594 1
595 2
596 1
597 1
599 3
600 1
602 1
605 1
606 1
608 1
613 1
617 1
620 1
621 2
623 1
625 1
637 1
641 1
642 1
649 1
651 1
654 1
657 1
659 1
660 2
663 1
670 1
680 1
681 1
684 1
687 1
689 1
693 1
704 1
712 1
726 1
