100 3000 50
0 234577
1 371
2 920
3 1354
4 1686
5 1886
6 1985
7 1881
8 1823
9 1624
10 1439
11 1225
12 1062
13 1009
14 782
15 648
16 564
17 505
18 445
19 339
20 307
21 273
22 238
23 202
24 185
25 169
26 142
27 103
28 121
29 92
30 83
31 64
32 67
33 75
34 47
35 47
36 46
37 50
38 45
39 31
40 27
41 30
42 22
43 29
44 22
45 28
46 20
47 21
48 22
49 19
50 12
51 14
52 7
53 13
54 11
55 8
56 14
57 13
58 9
59 7
60 13
61 8
62 7
63 5
64 5
65 5
66 3
67 9
68 3
69 6
70 6
71 3
72 5
73 4
74 3
75 2
76 3
77 5
78 6
79 6
80 1
81 2
82 5
83 2
84 1
85 4
86 2
87 3
88 2
89 1
90 3
91 5
92 2
93 2
94 1
95 3
96 1
97 4
98 2
99 2
100 1
101 5
102 2
103 1
104 1
105 2
106 4
107 5
108 2
109 2
110 1
111 1
112 2
113 1
114 2
115 2
116 4
117 2
118 1
120 2
121 2
123 1
124 1
125 3
126 1
127 2
128 3
129 2
131 1
132 1
133 3
135 2
137 2
138 1
141 1
143 1
146 1
148 1
151 1
152 1
155 3
156 1
159 4
160 1
162 1
163 1
165 1
166 1
167 1
169 1
170 2
172 3
173 2
174 2
175 1
183 2
184 1
186 2
187 2
191 1
194 1
198 1
199 1
205 1
208 2
215 1
219 1
222 1
223 1
224 1
225 2
226 1
230 2
231 1
235 1
237 1
243 1
244 1
245 1
256 1
258 2
260 1
261 1
266 1
279 1
280 2
282 2
292 1
295 1
297 1
300 1
305 1
319 1
325 1
339 1
363 1
365 1
375 1
379 1
380 1
458 1
