100 3000 50
0 232153
1 451
2 1059
3 1552
4 1974
5 2128
6 2141
7 2093
8 1835
9 1791
10 1593
11 1350
12 1262
13 1017
14 891
15 726
16 654
17 564
18 474
19 414
20 371
21 279
22 244
23 212
24 203
25 173
26 177
27 123
28 118
29 97
30 82
31 85
32 76
33 56
34 63
35 53
36 51
37 37
38 46
39 31
40 30
41 25
42 26
43 21
44 19
45 18
46 11
47 17
48 15
49 13
50 11
51 6
52 6
53 12
54 11
55 11
56 9
57 8
58 7
59 9
60 6
61 8
62 6
63 10
64 5
65 3
66 5
67 5
68 2
69 3
70 8
71 8
72 2
73 2
74 3
75 5
76 3
77 3
78 4
79 2
80 6
81 1
82 3
83 2
84 3
85 2
86 3
88 1
89 1
90 2
91 3
92 2
93 1
96 5
97 3
98 2
99 1
100 3
101 1
103 1
104 1
105 2
107 1
108 1
110 1
114 1
117 2
119 1
121 1
122 2
123 1
124 1
127 1
129 1
131 1
132 1
133 1
134 1
135 3
136 1
147 1
148 1
149 1
153 2
156 1
162 1
166 2
169 1
177 1
180 1
182 2
183 1
186 1
194 2
207 2
309 1
