100 3000 50
0 242831
1 86
2 230
3 499
4 771
5 1113
6 1301
7 1418
8 1510
9 1478
10 1273
11 1170
12 1026
13 843
14 667
15 534
16 427
17 321
18 273
19 193
20 143
21 118
22 100
23 91
24 44
25 44
26 32
27 27
28 20
29 25
30 21
31 12
32 19
33 10
34 13
35 11
36 8
37 6
38 10
39 6
40 4
41 6
42 2
43 6
44 5
45 3
46 5
47 3
48 3
49 1
50 2
51 5
52 2
53 2
54 3
55 2
56 1
57 2
58 3
60 1
61 5
62 2
64 2
65 2
66 1
69 1
70 2
71 2
73 2
75 2
77 3
78 3
79 1
80 1
81 1
82 1
84 2
85 2
86 1
88 2
89 2
90 1
91 2
92 2
93 2
97 1
98 1
101 1
108 1
109 1
110 1
111 1
115 2
118 2
119 1
126 3
128 1
132 2
135 2
137 2
138 1
141 1
143 1
145 1
146 1
147 1
148 2
156 1
158 1
161 1
164 2
165 1
166 1
167 2
174 1
176 1
179 1
182 1
189 2
196 2
202 1
203 1
207 1
208 1
209 1
211 1
214 1
215 2
216 1
218 1
224 1
227 1
230 1
234 1
236 1
237 1
241 1
242 1
243 1
244 1
246 1
249 4
253 1
256 1
257 1
262 1
265 1
266 1
269 3
272 1
273 1
274 2
275 1
277 1
278 2
285 2
287 1
290 1
298 1
302 1
304 1
306 2
307 1
308 1
311 2
313 1
315 2
316 1
320 1
322 1
324 1
326 1
332 1
335 1
340 1
342 1
344 1
345 1
346 1
348 2
349 1
350 1
352 2
355 1
360 1
364 1
365 1
367 1
371 1
375 1
376 2
377 1
378 1
379 2
380 1
382 1
383 3
390 1
392 1
393 1
394 2
396 2
397 1
401 1
402 2
404 3
407 2
410 1
411 1
412 1
413 1
417 2
419 1
420 1
421 3
423 3
424 2
427 2
428 1
431 2
433 1
434 2
435 2
436 1
437 2
440 1
441 1
442 2
444 3
445 2
446 2
447 1
448 1
450 1
451 2
454 5
456 1
457 1
458 1
460 3
462 1
464 2
465 3
466 2
467 3
472 1
473 2
476 1
478 1
479 1
481 1
484 2
485 1
486 1
487 1
488 2
489 1
490 3
494 2
495 2
502 1
503 1
504 1
507 2
508 1
511 1
512 1
514 1
516 2
519 2
521 1
522 1
523 2
527 1
529 2
532 1
535 1
536 1
538 1
540 1
545 1
547 2
550 1
551 1
556 1
558 2
560 1
562 1
563 4
565 1
566 2
569 1
572 1
574 2
577 1
580 2
581 1
582 1
583 1
586 3
587 1
589 2
593 2
601 2
606 1
607 1
608 1
611 1
616 1
630 1
632 1
635 1
636 1
638 2
646 1
649 1
654 1
660 1
662 1
667 1
672 1
673 1
679 1
682 1
683 1
688 1
690 2
698 1
706 1
718 1
