100 3000 50
0 241858
1 104
2 331
3 590
4 958
5 1315
6 1473
7 1588
8 1512
9 1488
10 1311
11 1172
12 986
13 851
14 654
15 516
16 434
17 336
18 272
19 191
20 127
21 114
22 95
23 61
24 47
25 58
26 34
27 28
28 36
29 22
30 19
31 22
32 12
33 14
34 11
35 6
36 11
37 7
38 9
39 7
40 10
41 6
42 3
43 7
44 5
45 2
46 4
47 4
48 5
49 4
50 2
51 2
52 6
53 2
54 5
55 4
56 5
57 3
58 2
59 2
60 1
61 3
62 3
63 1
64 6
65 2
67 4
68 2
69 3
70 3
71 3
72 1
73 2
74 1
75 2
76 1
78 1
79 1
80 1
81 2
82 3
84 1
85 2
86 2
87 2
89 2
94 2
95 1
96 3
97 2
98 2
99 2
105 1
107 2
108 2
110 1
111 3
112 1
113 2
115 3
117 1
120 2
121 1
126 1
128 1
131 1
136 2
139 1
140 1
141 2
142 1
146 1
150 1
151 2
152 1
153 1
154 1
155 1
156 1
161 2
162 1
166 2
167 1
168 1
169 1
170 2
171 1
173 1
178 1
180 2
182 2
183 2
184 2
186 1
190 1
191 1
194 1
195 1
204 1
206 1
210 1
212 1
213 2
215 1
219 1
220 1
221 1
222 2
225 2
229 1
230 2
231 1
234 1
238 2
239 2
242 1
243 2
244 2
246 1
247 1
250 2
255 1
256 1
261 1
265 1
266 1
267 1
271 1
274 2
276 1
278 2
285 1
293 2
294 1
300 1
301 1
303 2
304 1
306 1
308 1
309 1
310 1
311 1
314 1
317 1
327 1
329 2
333 1
334 1
335 1
336 1
338 2
340 1
342 1
343 1
344 1
345 1
347 1
351 3
357 1
359 1
360 1
361 1
362 1
363 1
365 2
368 1
371 1
372 1
375 2
376 1
377 2
382 1
383 2
384 3
385 1
386 1
387 1
388 1
390 1
391 1
393 2
395 1
396 1
398 1
399 2
401 1
403 1
404 2
406 1
407 1
408 2
411 1
412 2
414 3
416 1
417 2
419 1
422 1
425 1
426 3
427 2
429 1
431 2
434 1
435 1
436 2
437 1
438 1
439 1
440 2
441 3
442 1
443 1
447 1
448 1
449 1
452 1
453 3
454 4
455 2
457 1
458 1
459 1
466 1
467 1
468 1
470 1
472 2
473 1
476 1
478 2
482 1
484 1
485 1
486 2
488 1
489 1
490 1
492 1
493 1
496 1
498 1
501 2
503 2
506 1
509 1
516 2
517 3
518 1
519 1
521 2
523 1
526 1
535 1
537 1
538 1
539 1
540 1
544 1
545 2
548 2
549 1
551 2
553 1
554 1
555 2
556 1
557 1
558 1
560 2
561 1
563 1
564 1
567 1
568 4
569 1
571 1
573 1
585 1
588 1
589 1
593 1
596 1
598 2
603 1
605 1
606 1
608 1
613 1
614 1
620 1
628 1
630 1
636 1
638 1
644 1
647 1
650 1
652 1
656 2
658 1
665 2
666 1
681 1
682 1
693 1
738 1
