100 3000 50
0 243778
1 50
2 182
3 356
4 591
5 885
6 1150
7 1351
8 1394
9 1363
10 1213
11 1168
12 994
13 874
14 672
15 587
16 477
17 368
18 265
19 210
20 180
21 122
22 113
23 76
24 74
25 33
26 44
27 30
28 34
29 21
30 15
31 13
32 14
33 9
34 12
35 3
36 2
37 2
38 5
39 5
40 6
41 7
42 2
43 3
44 4
45 7
46 2
48 2
49 2
50 3
51 2
52 4
54 3
55 1
56 3
58 2
59 1
60 4
61 2
63 3
64 1
65 3
66 1
67 2
69 1
70 1
71 2
72 1
73 1
75 1
76 1
78 1
79 1
80 1
81 3
84 2
85 1
86 2
87 1
91 1
93 2
98 1
101 2
104 1
105 1
107 1
108 1
111 1
112 1
116 2
120 1
127 1
130 2
131 1
138 1
140 1
141 1
145 1
148 1
152 1
156 2
163 1
165 1
167 1
169 1
170 1
171 1
173 1
174 1
175 1
176 1
178 1
179 1
181 1
182 2
183 2
185 1
187 1
189 1
191 2
192 1
195 1
197 1
200 1
202 1
205 2
206 1
218 1
220 1
228 3
233 1
235 1
238 1
243 1
248 1
252 1
253 1
261 2
262 1
267 3
269 1
270 1
271 1
272 2
273 1
279 2
287 1
288 1
291 2
293 1
295 3
296 2
297 1
300 1
302 1
305 1
307 1
309 1
310 1
311 1
313 1
315 1
325 1
326 1
330 2
331 1
333 1
336 1
337 2
338 1
340 1
341 1
344 2
346 2
347 1
352 2
353 1
355 1
357 1
359 1
361 2
362 1
365 1
366 2
370 1
371 2
373 2
375 1
376 1
377 1
378 1
379 1
381 3
385 2
387 1
390 1
392 1
393 1
396 1
400 2
403 2
406 1
407 1
409 1
412 1
413 4
414 1
417 1
419 2
420 1
421 1
423 1
424 1
425 2
426 2
427 1
428 2
429 1
430 1
431 2
433 1
436 2
438 1
439 1
440 1
442 2
443 1
445 3
446 1
447 1
448 2
449 1
450 2
451 1
452 2
453 4
454 1
455 1
456 4
458 3
460 1
462 1
463 1
464 1
465 1
467 2
469 1
473 1
474 1
475 2
477 2
480 2
481 1
482 2
485 1
486 2
487 1
490 1
493 1
495 1
500 1
502 1
505 2
506 1
508 1
509 1
511 2
512 1
515 2
518 1
520 2
525 2
526 1
530 1
531 1
533 1
535 2
536 2
538 2
539 1
540 1
541 1
545 1
546 1
548 1
552 1
554 2
556 1
557 1
558 2
563 1
565 1
567 2
569 2
570 1
571 2
573 2
576 1
577 2
580 1
581 1
585 1
586 3
587 1
591 2
592 1
593 1
597 2
607 3
610 1
612 1
613 1
619 1
620 3
625 1
629 1
630 1
636 1
638 1
639 1
645 1
650 1
655 1
661 1
664 2
672 1
674 1
681 1
683 1
686 1
693 1
709 1
714 1
724 1
761 1
777 1
