100 3000 50
0 245069
1 27
2 91
3 235
4 401
5 618
6 813
7 977
8 1121
9 1137
10 1182
11 1089
12 976
13 910
14 793
15 645
16 533
17 432
18 366
19 266
20 220
21 195
22 126
23 107
24 87
25 65
26 47
27 38
28 37
29 22
30 21
31 21
32 20
33 9
34 10
35 11
36 13
37 9
38 3
39 4
40 1
41 7
42 3
43 3
44 1
45 4
46 3
47 1
48 5
49 3
50 1
51 2
53 2
55 1
57 2
58 3
59 1
60 2
61 3
62 1
63 1
64 1
65 4
66 1
67 2
68 2
69 2
70 4
71 3
72 2
73 1
78 1
79 1
80 2
81 1
83 1
84 1
85 1
88 1
93 1
96 1
98 1
101 1
102 1
103 1
105 1
108 1
109 1
111 2
114 1
115 1
116 1
118 1
130 1
133 1
134 1
138 1
143 1
145 2
146 1
147 1
150 1
157 1
159 1
162 1
163 1
167 1
168 1
172 1
173 2
174 1
175 1
176 1
177 1
180 1
184 1
185 1
186 2
187 1
188 1
192 1
194 3
199 2
202 1
203 1
208 1
211 1
213 1
215 1
218 1
224 1
232 2
234 1
236 1
244 1
245 1
247 1
251 1
254 1
255 1
257 2
260 2
261 2
263 1
265 1
271 1
279 2
281 1
283 1
292 1
297 1
298 1
299 1
302 2
304 1
307 1
309 1
314 2
316 1
320 1
329 3
332 1
333 2
334 1
336 1
337 2
341 1
343 1
345 1
346 1
347 2
349 2
350 2
352 1
353 1
356 2
359 1
360 1
361 1
362 2
363 2
365 1
368 1
372 2
373 1
374 3
376 1
377 1
378 1
379 2
380 1
381 1
383 1
386 2
387 2
388 1
389 1
390 1
391 4
394 2
397 1
398 1
399 2
400 1
403 1
404 3
405 1
406 1
407 1
410 1
411 5
414 1
416 2
417 2
418 2
420 2
422 1
423 1
426 1
428 1
429 1
434 1
435 3
436 2
438 1
439 1
440 1
441 1
442 1
443 1
444 1
445 2
447 1
453 3
454 1
456 1
457 1
458 2
461 2
462 1
463 1
464 1
466 1
469 1
471 2
472 4
473 2
475 1
477 1
480 1
481 3
482 1
484 2
486 1
487 1
489 1
491 1
492 1
493 1
494 1
498 3
499 1
509 1
511 1
515 1
516 1
517 1
521 1
523 2
524 1
525 1
528 3
529 2
530 1
532 2
533 1
534 3
535 3
536 1
537 1
538 1
541 1
543 1
545 1
548 2
550 1
551 3
553 1
555 2
556 1
559 1
563 1
567 3
568 2
570 1
572 1
573 2
574 1
576 2
579 1
581 2
583 1
584 1
588 1
590 1
594 1
595 2
596 1
598 2
608 1
613 1
615 1
618 2
625 1
632 1
633 1
643 1
645 1
649 2
650 1
654 1
656 1
658 1
659 1
663 2
676 1
679 1
683 1
690 1
700 1
702 1
735 1
742 1
755 1
