100 3000 50
0 245212
1 18
2 86
3 190
4 362
5 562
6 836
7 981
8 1087
9 1161
10 1137
11 1112
12 1049
13 868
14 741
15 651
16 536
17 473
18 340
19 274
20 203
21 185
22 152
23 111
24 87
25 71
26 58
27 43
28 33
29 24
30 21
31 16
32 8
33 11
34 15
35 8
36 1
37 9
38 9
39 4
40 1
41 4
42 5
43 3
44 3
45 1
47 4
48 8
49 5
50 7
51 1
52 2
53 1
54 2
55 2
56 2
57 1
58 1
60 1
61 1
62 1
63 1
64 1
65 3
68 1
71 3
72 2
73 1
77 1
78 3
79 2
83 1
84 1
85 1
86 1
87 1
91 1
93 2
94 2
96 1
98 1
100 1
106 2
108 1
109 1
111 1
112 2
114 1
123 1
125 1
130 2
133 1
135 1
138 1
141 1
143 1
145 1
146 1
148 1
150 1
153 2
155 2
158 1
159 2
162 1
168 1
169 1
170 1
175 2
177 1
183 1
188 1
190 1
195 1
196 1
197 1
198 2
202 1
204 1
207 2
209 2
216 1
222 1
225 1
229 1
231 1
237 2
238 1
239 2
241 1
243 1
245 2
248 1
249 1
251 1
252 1
256 1
258 1
260 1
263 1
269 1
278 4
283 1
286 1
287 2
288 1
292 1
293 1
297 1
300 1
310 2
317 1
318 1
319 1
320 1
326 1
327 2
328 1
330 1
332 1
334 1
335 2
337 1
338 1
339 1
342 1
345 1
349 2
351 1
352 2
356 2
357 1
360 2
362 1
368 2
369 1
375 1
376 1
377 1
378 2
380 4
381 1
382 1
385 1
387 1
388 1
389 1
390 1
393 3
394 2
395 3
396 2
397 1
398 1
400 2
401 2
406 1
408 1
409 1
410 2
411 1
412 2
413 1
414 1
415 1
416 1
417 3
418 1
421 2
422 1
423 1
424 2
428 1
429 2
431 1
432 2
433 1
434 1
436 4
440 1
441 1
443 1
444 1
446 3
447 1
448 2
449 2
450 2
453 1
454 2
455 1
456 1
457 1
459 1
460 2
464 3
467 1
468 2
470 2
471 2
475 2
480 1
481 1
482 1
484 4
486 1
487 1
488 3
491 1
493 1
495 1
496 2
497 2
498 1
499 3
500 1
504 2
505 1
506 1
507 1
513 1
516 1
518 1
519 1
522 1
523 2
524 1
525 1
526 1
527 1
529 1
533 2
534 1
535 2
537 1
541 2
542 2
545 3
546 2
547 1
555 2
557 1
562 2
563 2
566 1
568 2
570 1
575 1
577 1
578 1
579 1
580 1
583 1
584 1
590 1
591 2
592 1
594 1
595 1
596 1
598 1
602 1
604 1
607 1
612 1
614 1
620 2
623 1
625 1
626 1
628 1
634 2
639 1
640 1
642 3
646 1
648 1
653 1
655 1
659 1
661 1
671 1
675 1
677 1
685 1
696 1
698 1
714 1
729 1
737 1
749 1
