100 3000 50
0 244786
1 27
2 93
3 227
4 426
5 649
6 868
7 1055
8 1191
9 1246
10 1175
11 1154
12 1034
13 903
14 725
15 632
16 484
17 416
18 339
19 290
20 235
21 175
22 118
23 94
24 78
25 68
26 45
27 39
28 30
29 28
30 26
31 17
32 15
33 7
34 10
35 10
36 6
37 5
38 6
39 4
40 7
41 4
42 5
43 4
44 6
45 2
46 1
47 4
48 2
49 4
50 1
51 2
52 6
53 5
54 4
56 2
57 5
58 2
60 2
61 2
62 1
64 1
65 1
67 1
70 1
74 4
76 1
79 2
80 1
84 1
85 2
86 1
89 2
90 2
91 1
92 1
100 1
102 2
103 1
104 1
106 1
109 1
113 1
115 1
119 1
121 1
122 1
124 1
130 3
131 2
133 1
134 1
136 2
137 1
142 1
143 1
144 1
152 1
155 1
158 3
160 1
161 1
163 1
166 1
168 1
169 1
172 1
179 1
181 1
182 1
184 1
188 2
195 1
196 1
202 1
203 1
207 1
208 1
210 2
212 1
214 1
217 1
223 2
224 1
229 1
232 2
236 2
239 1
240 2
245 1
250 1
256 1
257 1
259 1
262 1
266 1
267 1
272 1
279 1
280 1
281 1
282 1
288 2
291 2
292 2
295 1
301 2
303 1
304 2
309 1
313 1
315 1
316 2
322 1
327 1
328 2
329 1
331 1
332 1
334 2
335 1
338 1
343 1
344 2
345 2
347 1
350 1
354 1
358 1
359 1
361 2
362 2
363 1
365 2
366 1
370 1
373 2
376 3
377 1
378 3
379 1
380 1
381 1
382 1
383 1
385 3
387 1
388 1
390 2
391 1
392 4
393 1
394 1
395 1
401 1
403 2
405 1
406 2
407 2
412 4
413 1
414 2
416 2
417 2
418 1
419 2
421 1
422 1
424 1
425 1
426 1
428 2
429 1
431 3
434 3
435 1
436 3
437 1
439 3
441 1
444 1
447 1
448 3
450 1
451 1
457 2
459 2
460 1
461 2
462 2
463 1
464 2
468 1
469 4
473 1
474 3
475 1
477 1
481 2
484 1
485 1
486 2
487 1
488 1
490 1
491 1
492 1
493 1
498 2
499 2
500 1
501 2
505 2
507 1
508 1
510 2
511 2
512 1
515 1
520 1
521 1
526 1
528 1
530 1
535 1
537 1
539 3
540 1
542 2
543 2
546 1
548 1
549 1
550 1
552 1
554 3
555 1
556 2
560 1
563 2
565 1
567 1
570 1
571 1
572 1
574 1
575 1
577 1
580 1
581 1
582 1
587 2
593 2
601 1
602 1
606 1
607 1
611 1
612 2
614 2
618 1
619 3
631 1
636 1
638 1
641 1
646 1
647 2
650 1
651 1
653 1
656 1
658 1
661 1
663 1
669 1
670 1
673 1
676 1
679 1
695 1
696 1
710 1
727 1
730 1
