100 3000 50
0 244031
1 42
2 165
3 323
4 559
5 809
6 1034
7 1276
8 1330
9 1344
10 1275
11 1113
12 1058
13 835
14 715
15 599
16 550
17 396
18 280
19 189
20 163
21 132
22 126
23 89
24 56
25 51
26 40
27 23
28 22
29 16
30 16
31 14
32 15
33 13
34 4
35 9
36 8
37 8
38 7
39 2
40 6
41 4
42 4
43 2
45 1
47 5
48 4
49 5
50 4
52 4
53 4
54 4
56 2
57 3
58 3
59 1
60 2
61 2
62 2
64 1
65 2
67 1
68 2
69 4
71 1
72 2
74 1
78 1
80 1
81 2
83 2
85 1
88 1
89 2
94 1
96 1
97 3
100 1
102 1
103 1
106 2
107 1
108 1
113 2
114 2
117 1
121 1
123 1
125 1
128 2
136 1
140 1
150 1
153 1
155 1
158 1
162 1
167 1
169 2
170 1
177 1
185 1
187 2
188 1
191 2
192 1
193 1
197 2
198 1
200 2
203 1
206 3
207 1
209 1
210 1
213 1
214 2
216 1
220 1
227 1
228 1
229 1
231 1
232 1
234 1
240 2
241 1
242 1
243 1
245 1
247 1
249 1
250 1
251 1
252 1
254 2
255 1
258 1
261 1
262 1
263 2
265 1
268 1
272 2
273 2
277 1
278 1
281 1
285 2
286 2
290 1
291 1
292 1
295 1
296 1
299 1
313 1
314 2
320 2
326 1
327 1
328 2
330 1
332 1
333 1
334 1
338 1
344 1
348 1
349 2
350 1
351 2
353 1
354 2
358 2
360 2
363 1
364 1
365 2
368 1
371 1
372 1
375 1
376 1
380 1
382 1
385 1
386 1
387 1
391 1
392 1
398 1
399 1
402 2
403 1
404 1
405 1
407 2
408 1
409 1
410 1
411 1
412 1
413 2
415 1
417 3
419 1
420 2
422 1
423 1
424 1
426 3
427 1
428 2
429 2
430 2
431 1
432 2
434 1
437 2
438 1
439 2
441 1
442 2
443 1
445 1
446 2
447 1
448 4
452 1
454 3
455 1
457 3
458 2
459 2
460 1
461 1
462 4
463 2
465 1
467 2
468 1
469 1
471 2
474 1
477 2
479 1
480 1
484 1
485 1
486 1
487 1
488 1
489 3
491 1
492 1
495 1
499 1
500 1
501 1
502 1
503 2
505 1
508 2
509 1
510 1
511 2
513 1
515 1
517 1
522 1
527 1
528 1
532 1
534 1
536 1
537 1
539 1
540 2
541 1
542 1
543 2
548 2
554 1
555 1
557 1
558 1
560 1
561 1
562 1
563 1
564 1
565 1
570 1
571 1
574 1
576 1
577 1
578 2
579 2
581 2
584 1
586 1
587 1
589 3
590 1
597 1
598 1
599 3
600 1
601 1
603 1
604 1
609 3
610 1
612 1
613 2
621 1
623 1
633 2
636 1
642 1
644 2
647 1
652 1
656 1
657 1
660 1
663 1
671 1
676 2
680 1
684 1
690 1
699 1
701 1
738 1
