100 3000 50
0 241252
1 123
2 348
3 717
4 1069
5 1370
6 1538
7 1625
8 1627
9 1546
10 1295
11 1139
12 955
13 768
14 660
15 554
16 407
17 315
18 252
19 213
20 158
21 138
22 91
23 82
24 63
25 54
26 36
27 42
28 34
29 37
30 22
31 17
32 27
33 10
34 14
35 7
36 12
37 13
38 9
39 6
40 5
41 8
42 3
43 5
44 10
45 3
46 10
47 5
48 5
49 4
50 6
51 3
52 6
53 4
54 4
55 3
56 2
57 2
58 1
59 6
60 4
61 5
62 2
63 3
64 3
65 4
66 3
67 3
68 5
69 4
70 2
71 7
72 3
73 2
74 4
75 6
77 5
78 3
79 2
80 1
81 1
83 1
86 2
87 3
88 3
89 1
91 3
94 1
96 2
99 3
101 1
102 1
104 1
105 1
106 1
107 4
109 2
110 1
111 1
114 2
116 1
117 2
118 1
119 1
121 1
122 1
125 1
126 2
127 1
128 2
131 1
133 1
135 1
136 1
138 1
143 2
145 2
146 1
147 2
149 2
152 1
154 1
157 1
158 2
162 1
163 1
165 1
166 1
169 1
172 1
177 1
181 1
188 2
190 2
191 1
192 2
194 1
195 2
197 3
199 1
201 1
202 2
210 2
215 1
217 1
218 2
223 2
227 1
228 1
229 1
234 1
236 1
238 2
240 3
241 1
245 1
246 1
247 1
248 1
250 1
252 1
254 1
255 1
256 1
257 3
259 1
261 2
263 1
264 1
270 3
271 1
274 1
275 1
276 1
280 1
281 1
287 2
288 2
289 2
291 1
292 1
297 1
299 1
302 2
303 1
305 1
308 1
310 1
311 3
312 1
313 1
314 2
315 2
317 2
318 1
319 1
327 1
329 2
330 1
331 1
332 2
333 1
334 1
335 1
336 2
337 1
339 1
340 1
342 1
348 2
351 1
352 1
353 1
355 2
356 1
357 2
360 2
362 1
364 1
369 1
371 2
373 1
374 2
378 1
380 1
386 1
387 1
388 1
391 3
393 1
394 1
395 1
396 1
397 2
398 2
399 1
401 2
402 2
403 1
405 1
406 1
409 1
412 1
415 1
416 2
417 1
418 2
419 1
422 3
423 1
426 1
427 2
429 1
430 1
432 2
433 1
436 1
437 1
438 2
441 2
442 1
443 2
445 1
446 1
447 1
450 3
451 1
452 1
456 2
458 1
459 1
461 1
466 1
467 2
469 2
470 1
471 1
473 1
474 1
475 2
477 2
478 2
479 1
480 1
482 1
487 1
488 1
489 1
492 1
495 1
501 1
504 2
508 1
509 1
510 1
513 1
516 1
523 1
528 1
529 1
530 1
531 1
532 1
533 1
538 1
539 1
540 2
543 1
545 1
547 3
549 2
553 1
556 1
558 1
560 1
561 1
564 1
565 1
566 1
572 1
573 1
577 1
580 1
581 1
583 1
584 1
585 1
586 1
589 1
592 2
595 1
599 1
609 1
615 1
626 1
630 1
632 1
639 1
643 1
649 1
664 1
674 1
675 1
682 1
684 2
688 1
692 1
705 1
737 1
