100 3000 50
0 240433
1 183
2 415
3 778
4 1190
5 1454
6 1712
7 1668
8 1676
9 1479
10 1360
11 1117
12 1016
13 814
14 615
15 505
16 411
17 336
18 235
19 189
20 158
21 147
22 100
23 102
24 86
25 55
26 51
27 42
28 38
29 27
30 31
31 34
32 29
33 30
34 14
35 21
36 11
37 10
38 11
39 12
40 3
41 11
42 14
43 6
44 8
45 7
46 13
47 3
48 6
49 3
50 11
51 8
52 6
53 4
54 6
55 7
56 5
57 3
58 4
59 2
60 7
61 3
62 1
63 1
64 3
66 6
67 5
68 4
69 2
70 6
71 4
72 7
73 5
74 5
75 2
76 2
77 4
78 2
79 1
80 3
81 1
82 2
83 1
84 4
85 1
86 1
87 3
88 1
89 3
90 2
91 3
92 3
93 2
94 1
95 1
96 4
97 3
99 2
100 2
101 2
102 1
103 1
104 1
105 3
106 1
108 1
110 4
111 3
113 3
115 2
118 4
119 1
124 2
125 2
126 1
129 1
130 4
133 1
134 1
136 2
138 1
141 1
145 2
147 2
149 2
150 2
151 2
153 1
155 1
156 1
158 1
163 2
165 1
166 2
170 1
173 1
174 1
175 1
176 1
177 1
180 1
181 1
184 1
185 1
189 1
192 1
193 2
194 1
195 1
198 1
199 1
203 2
204 1
205 2
207 1
208 1
210 2
211 1
214 3
215 1
216 1
217 1
219 3
220 2
225 1
226 2
228 1
232 2
236 2
237 3
238 1
240 1
242 1
243 1
245 1
246 2
247 1
249 2
251 1
253 1
259 1
261 1
264 1
266 1
268 1
270 1
272 1
273 2
275 1
276 1
278 1
279 1
281 2
282 2
284 1
289 1
291 1
293 1
303 1
304 4
306 1
308 1
313 1
315 1
317 1
319 1
320 1
321 1
322 2
323 2
328 1
329 1
330 1
332 1
334 1
340 1
341 1
342 1
343 1
344 1
346 1
349 2
350 1
351 1
352 1
353 2
354 1
357 2
359 1
362 1
363 1
366 1
368 2
372 1
373 2
374 1
377 1
380 1
383 1
384 2
385 1
386 3
389 1
392 1
399 1
400 1
401 1
402 1
405 1
406 2
407 2
408 1
409 1
411 2
414 1
415 2
416 2
417 1
420 1
421 1
423 3
428 1
430 2
434 1
435 2
437 2
439 1
444 1
446 1
447 2
448 1
452 1
453 1
454 2
455 1
458 1
459 1
460 1
462 1
465 3
466 1
467 2
468 2
470 1
471 1
476 1
477 1
478 3
482 2
483 2
484 1
485 1
490 2
492 1
495 1
496 1
497 1
499 1
502 1
503 1
509 1
513 1
514 1
515 1
517 1
525 1
531 1
533 1
534 2
535 1
538 3
539 3
541 1
543 1
544 1
547 1
554 1
560 1
562 1
568 1
572 1
573 1
574 1
576 1
580 1
581 1
582 2
586 1
589 1
590 1
593 1
602 1
605 1
610 1
613 1
615 1
620 1
621 1
626 1
643 1
646 1
647 1
701 1
708 1
