100 3000 50
0 244634
1 32
2 107
3 241
4 432
5 714
6 919
7 1111
8 1166
9 1206
10 1235
11 1161
12 969
13 890
14 770
15 641
16 544
17 423
18 329
19 248
20 211
21 167
22 128
23 85
24 83
25 54
26 54
27 38
28 27
29 18
30 31
31 12
32 12
33 15
34 7
35 6
36 10
37 4
38 6
39 6
40 4
41 6
42 6
43 2
44 2
45 4
46 5
47 1
48 3
49 1
50 1
51 1
52 4
53 2
54 1
55 1
57 1
58 1
59 1
61 2
62 3
63 1
65 1
66 1
67 2
68 1
69 2
72 2
74 1
75 1
76 1
77 1
78 1
79 2
80 3
81 2
82 2
83 2
84 3
89 1
91 1
92 1
96 1
101 1
102 1
103 1
105 1
108 2
109 1
111 1
113 1
114 1
115 1
116 1
117 2
118 1
121 1
122 2
128 1
131 1
132 1
137 1
138 1
143 1
150 1
153 1
156 1
160 1
162 2
163 1
165 1
167 1
174 1
176 1
184 1
186 1
188 1
194 1
195 1
203 1
213 2
216 1
225 1
226 1
228 1
229 1
231 1
232 1
235 1
242 1
244 3
245 1
246 1
247 1
248 1
249 1
252 1
254 3
256 2
257 1
259 2
266 2
267 1
269 1
271 1
272 2
273 1
274 2
275 2
277 1
278 2
284 2
287 1
288 1
292 1
296 1
305 1
309 1
310 1
315 1
319 1
320 1
323 2
324 1
325 2
327 1
329 1
335 1
341 1
343 4
346 2
351 1
352 1
353 2
359 1
360 1
363 1
364 1
368 2
370 1
373 1
374 2
375 1
379 2
380 3
383 1
385 1
386 3
387 1
388 3
389 2
395 2
397 2
401 3
402 2
404 2
405 1
406 3
409 1
411 2
412 1
414 2
415 4
416 3
417 1
418 2
419 1
420 1
421 1
422 1
423 3
424 1
425 4
429 1
430 2
432 2
433 2
434 2
435 2
436 2
439 1
440 1
441 3
443 1
445 1
447 1
448 1
450 2
452 1
453 1
457 1
458 1
459 2
463 1
465 2
467 1
468 3
470 1
473 1
475 1
477 1
478 1
480 1
481 1
482 1
483 1
484 2
485 1
486 1
489 2
490 1
491 2
492 1
494 1
495 1
496 1
499 2
500 1
502 2
506 2
507 1
508 1
514 1
515 2
524 3
528 1
531 2
533 2
534 2
535 1
536 1
540 1
541 2
543 1
546 1
547 1
548 1
552 1
555 1
556 2
561 1
562 1
563 1
564 1
565 1
569 2
572 1
575 1
577 2
591 3
593 1
596 2
597 1
600 2
601 1
603 1
605 1
606 1
607 2
609 1
610 1
611 1
612 1
613 1
614 2
615 1
616 1
629 1
632 1
633 1
634 1
637 2
638 1
639 1
644 1
648 1
651 1
652 1
653 1
657 1
658 1
661 1
663 1
671 1
676 1
683 1
691 1
697 1
719 1
735 1
