100 3000 20
0 251199
1 48
2 80
3 109
4 119
5 160
6 157
7 155
8 197
9 178
10 182
11 210
12 204
13 215
14 195
15 222
16 200
17 192
18 186
19 194
20 179
21 177
22 194
23 165
24 166
25 170
26 162
27 177
28 154
29 156
30 141
31 115
32 109
33 120
34 118
35 95
36 112
37 89
38 94
39 84
40 76
41 76
42 86
43 71
44 69
45 62
46 58
47 69
48 51
49 61
50 60
51 37
52 50
53 41
54 53
55 46
56 52
57 35
58 32
59 27
60 38
61 28
62 30
63 28
64 28
65 28
66 38
67 23
68 17
69 23
70 16
71 14
72 18
73 17
74 19
75 13
76 13
77 11
78 17
79 21
80 18
81 18
82 18
83 13
84 9
85 20
86 11
87 8
88 19
89 6
90 8
91 7
92 11
93 6
94 11
95 7
96 6
97 14
98 6
99 2
100 11
101 4
102 8
103 8
104 4
105 6
106 6
107 4
108 10
109 2
110 8
111 5
112 6
113 4
114 5
115 4
116 6
117 5
118 4
119 5
120 5
121 3
122 6
123 4
124 5
125 2
126 3
127 6
128 4
129 7
130 5
131 4
132 1
133 3
134 1
135 4
136 3
137 5
138 6
139 5
140 3
141 3
142 4
143 1
144 4
145 2
146 3
147 1
148 2
149 1
150 4
151 2
152 1
153 2
154 3
155 1
156 2
157 1
158 2
159 2
160 4
161 5
162 1
163 1
164 4
165 2
166 5
167 4
168 3
170 3
171 3
172 3
173 3
174 2
175 2
176 1
177 3
178 3
179 1
180 1
181 2
182 1
184 1
185 2
188 2
189 4
190 2
191 3
192 1
193 2
194 1
195 1
196 1
197 1
198 1
201 1
203 1
204 2
206 3
207 1
208 3
209 4
210 1
212 4
213 1
214 4
215 2
217 1
218 1
219 2
221 1
222 5
223 2
224 1
225 1
226 1
227 1
228 2
229 1
230 4
231 1
232 1
234 2
235 2
237 1
240 1
242 3
244 1
248 3
250 1
251 3
257 2
258 1
259 1
260 1
262 3
263 1
264 1
265 1
266 1
267 1
268 1
274 1
276 2
277 1
279 1
281 1
282 1
284 1
285 1
286 2
288 1
289 1
292 1
293 1
295 1
298 3
299 1
300 1
303 4
305 3
307 1
309 1
310 1
312 2
313 1
315 1
316 3
317 1
318 1
321 1
322 2
324 1
326 1
328 1
331 1
340 1
342 1
348 1
349 2
351 2
354 1
357 2
358 1
374 1
384 1
401 1
423 1
424 1
426 1
462 1
