100 3000 20
0 243708
1 499
2 765
3 851
4 892
5 880
6 707
7 776
8 685
9 628
10 571
11 546
12 491
13 435
14 433
15 404
16 364
17 316
18 337
19 285
20 284
21 253
22 239
23 210
24 215
25 192
26 167
27 168
28 157
29 159
30 124
31 124
32 130
33 114
34 109
35 109
36 93
37 83
38 85
39 70
40 78
41 70
42 58
43 71
44 59
45 58
46 51
47 36
48 50
49 54
50 47
51 35
52 36
53 43
54 41
55 48
56 30
57 27
58 30
59 25
60 33
61 24
62 22
63 20
64 14
65 16
66 20
67 20
68 21
69 20
70 16
71 12
72 22
73 18
74 16
75 14
76 12
77 6
78 11
79 14
80 10
81 17
82 12
83 11
84 18
85 5
86 15
87 13
88 14
89 8
90 5
91 8
92 8
93 8
94 6
95 3
96 5
97 6
98 11
99 8
100 8
101 8
102 5
103 9
104 4
105 9
106 5
107 3
108 4
109 3
110 3
111 9
112 3
113 3
114 8
115 1
116 2
117 5
118 2
119 6
120 9
121 4
122 6
123 1
124 1
125 1
126 4
127 3
128 3
129 3
130 4
131 1
132 3
133 3
134 5
135 3
136 4
137 7
138 1
139 4
140 2
141 2
142 1
143 5
145 1
146 1
147 3
148 1
149 1
150 1
151 3
152 4
153 2
154 2
155 2
156 2
157 1
158 2
159 1
161 1
162 2
163 1
164 1
165 2
166 2
169 1
171 3
172 2
173 1
174 1
175 2
176 2
177 1
178 1
181 1
182 1
185 1
186 1
187 1
188 1
191 2
195 1
198 2
200 1
201 1
204 2
205 1
206 1
208 1
210 1
211 1
212 1
213 1
224 1
227 1
234 1
235 1
236 2
241 1
242 1
243 1
247 1
256 1
264 1
266 1
269 1
271 1
273 1
276 1
315 1
