100 3000 20
0 251424
1 21
2 37
3 72
4 106
5 130
6 145
7 164
8 161
9 172
10 206
11 158
12 202
13 206
14 199
15 199
16 198
17 198
18 219
19 187
20 198
21 174
22 181
23 153
24 181
25 154
26 146
27 155
28 150
29 143
30 158
31 131
32 125
33 118
34 116
35 112
36 100
37 113
38 95
39 94
40 74
41 72
42 80
43 82
44 68
45 66
46 61
47 63
48 50
49 56
50 54
51 45
52 44
53 47
54 46
55 45
56 32
57 35
58 36
59 31
60 35
61 25
62 24
63 30
64 31
65 22
66 21
67 26
68 20
69 24
70 21
71 21
72 23
73 12
74 21
75 23
76 20
77 11
78 19
79 15
80 15
81 11
82 13
83 11
84 14
85 14
86 16
87 10
88 13
89 15
90 9
91 13
92 13
93 9
94 9
95 11
96 7
97 7
98 5
99 5
100 6
101 7
102 8
103 4
104 5
105 6
106 7
107 6
108 6
109 7
110 8
111 7
112 4
113 4
114 4
115 6
116 8
117 4
118 4
119 3
120 5
121 2
122 5
123 5
124 7
125 2
126 1
127 4
128 5
129 2
130 5
131 2
132 5
133 4
134 6
135 4
136 3
137 2
138 2
139 5
140 5
142 3
143 6
144 2
146 3
147 2
148 5
149 2
150 1
151 5
152 2
153 3
154 3
155 3
156 2
157 4
159 1
160 3
162 3
163 3
164 6
165 1
166 4
167 2
168 1
169 2
170 1
172 1
173 2
174 1
175 2
176 1
177 1
178 2
179 1
180 5
181 2
184 1
186 1
187 2
188 2
190 1
191 1
192 2
193 2
194 1
195 3
196 2
198 1
199 3
200 2
201 1
202 3
203 1
204 2
206 1
207 1
208 2
209 3
211 1
212 4
214 2
215 2
216 2
218 3
219 1
221 3
222 1
223 1
224 1
226 2
227 2
229 1
230 1
231 2
232 3
233 1
234 1
235 3
236 1
239 1
240 2
241 2
242 2
243 1
244 2
245 2
246 3
247 1
248 1
250 1
251 1
252 2
253 2
255 2
257 1
258 1
260 1
262 3
265 3
266 2
267 1
269 2
270 1
271 1
272 1
273 1
275 1
277 2
278 1
280 1
283 1
286 1
288 1
289 1
291 1
294 1
296 2
297 1
299 2
300 2
301 1
302 1
304 1
306 1
309 2
311 1
314 1
315 1
318 1
320 1
321 1
322 1
325 1
326 1
328 2
329 1
330 2
331 2
337 1
338 1
339 1
343 1
344 1
346 2
351 1
355 2
364 1
375 1
376 1
377 1
381 1
391 1
395 1
402 1
410 1
412 1
