100 3000 20
0 252106
1 12
2 17
3 18
4 59
5 71
6 82
7 104
8 118
9 131
10 127
11 182
12 151
13 154
14 184
15 174
16 169
17 187
18 194
19 168
20 185
21 156
22 151
23 180
24 149
25 145
26 150
27 159
28 169
29 142
30 135
31 122
32 141
33 110
34 109
35 103
36 119
37 94
38 115
39 83
40 82
41 83
42 86
43 68
44 82
45 68
46 63
47 55
48 59
49 53
50 67
51 72
52 54
53 41
54 44
55 32
56 37
57 49
58 35
59 26
60 42
61 29
62 27
63 29
64 26
65 23
66 29
67 14
68 20
69 25
70 22
71 17
72 24
73 17
74 12
75 14
76 19
77 10
78 15
79 27
80 10
81 5
82 16
83 19
84 12
85 11
86 11
87 16
88 15
89 13
90 12
91 13
92 7
93 12
94 8
95 8
96 6
97 10
98 10
99 10
100 8
101 9
102 6
103 8
104 8
105 8
106 10
107 7
108 8
109 3
110 7
111 7
112 5
113 4
114 4
115 4
116 4
117 3
118 5
119 7
120 2
121 5
122 4
123 5
124 1
125 3
126 3
127 5
128 6
129 2
130 1
131 2
132 2
133 2
134 3
135 1
136 4
137 1
138 1
139 4
140 3
141 2
142 1
143 1
145 4
146 2
147 5
148 1
149 2
151 1
152 7
153 2
154 2
155 2
156 5
157 3
158 1
159 3
160 1
161 1
162 2
163 5
164 2
165 2
167 3
168 1
169 1
171 4
172 1
173 3
174 4
175 1
176 1
177 1
178 2
180 3
182 1
183 1
184 4
185 3
190 3
191 1
192 4
193 1
194 4
195 1
196 2
197 2
200 4
201 3
204 1
205 3
206 1
207 1
208 4
209 2
211 1
212 1
213 1
214 1
215 1
217 2
219 1
220 1
221 2
222 1
223 4
225 2
226 2
227 3
228 3
229 1
231 1
232 1
235 1
236 2
237 2
239 2
240 1
241 1
244 1
245 2
246 1
247 1
248 2
251 3
252 2
253 2
256 2
258 3
259 2
260 2
262 4
263 3
265 3
266 1
268 2
270 1
272 1
274 1
275 2
277 3
278 1
279 2
280 2
282 2
283 1
291 1
292 1
293 3
294 1
295 2
297 1
298 1
302 2
307 3
308 2
309 1
310 1
311 1
312 2
313 3
314 1
315 1
316 1
317 1
319 2
320 1
322 1
326 1
327 1
328 1
331 1
332 3
335 1
337 1
339 1
340 1
342 1
344 1
345 1
347 1
348 1
351 1
354 1
357 1
358 1
360 1
363 1
366 1
367 1
369 1
371 1
378 1
386 1
387 1
388 1
391 1
416 1
418 1
452 1
467 1
