100 3000 20
0 250878
1 58
2 114
3 133
4 160
5 186
6 201
7 203
8 205
9 220
10 199
11 216
12 230
13 201
14 215
15 208
16 195
17 195
18 186
19 200
20 201
21 180
22 189
23 158
24 139
25 168
26 155
27 161
28 139
29 158
30 143
31 131
32 134
33 130
34 115
35 116
36 93
37 106
38 77
39 103
40 88
41 91
42 75
43 75
44 67
45 65
46 54
47 50
48 54
49 47
50 40
51 51
52 64
53 38
54 34
55 34
56 56
57 39
58 34
59 46
60 29
61 41
62 31
63 32
64 26
65 34
66 25
67 20
68 23
69 25
70 18
71 17
72 17
73 26
74 23
75 21
76 14
77 19
78 10
79 12
80 14
81 12
82 15
83 9
84 11
85 9
86 15
87 7
88 13
89 10
90 14
91 6
92 9
93 8
94 15
95 10
96 5
97 4
98 13
99 3
100 6
101 5
102 6
103 4
104 3
105 12
106 6
107 5
108 10
109 4
110 8
111 5
112 8
113 6
114 4
115 4
116 7
117 6
118 4
119 6
120 4
121 3
123 1
124 4
125 3
126 2
127 4
128 5
129 2
130 3
131 4
132 2
134 6
135 4
136 2
137 5
138 4
140 4
141 3
142 2
143 1
144 7
145 4
146 3
147 3
148 4
149 5
150 2
151 1
152 1
154 2
155 4
157 2
158 1
159 2
160 3
161 1
162 2
163 3
164 2
165 1
166 1
167 3
168 3
169 4
170 1
171 2
172 2
173 1
174 2
175 1
176 4
177 2
178 1
180 1
182 1
183 1
184 2
185 2
186 3
187 1
189 5
190 5
191 2
192 2
193 1
194 3
195 1
196 2
197 3
198 1
199 3
202 3
203 2
204 2
205 1
206 2
207 1
208 2
209 2
211 5
212 2
214 1
215 2
216 1
218 1
219 2
221 2
222 2
223 4
226 1
227 2
229 1
230 2
231 1
232 1
234 3
235 3
236 1
237 2
238 4
239 2
241 1
242 1
245 4
246 3
247 1
248 1
250 1
251 1
254 1
255 3
256 2
257 1
258 3
260 2
263 2
264 1
266 1
267 1
268 2
271 1
273 2
275 1
279 1
282 1
283 1
285 1
290 1
292 2
293 1
297 1
300 1
302 1
305 1
310 1
311 1
312 2
313 3
314 1
315 1
316 1
319 1
324 1
325 1
326 3
327 1
328 2
330 1
335 1
336 1
337 2
338 1
340 1
341 3
361 1
378 1
392 1
393 1
409 1
430 2
432 1
