100 3000 20
0 252273
1 2
2 11
3 16
4 32
5 54
6 65
7 69
8 111
9 115
10 140
11 132
12 145
13 164
14 161
15 175
16 158
17 181
18 162
19 177
20 176
21 187
22 185
23 168
24 150
25 166
26 147
27 129
28 155
29 135
30 137
31 148
32 133
33 131
34 126
35 121
36 99
37 125
38 106
39 91
40 88
41 78
42 70
43 79
44 60
45 73
46 65
47 59
48 64
49 58
50 65
51 51
52 56
53 41
54 41
55 32
56 37
57 37
58 34
59 33
60 31
61 38
62 28
63 29
64 29
65 30
66 18
67 22
68 28
69 24
70 19
71 27
72 25
73 23
74 21
75 10
76 17
77 15
78 11
79 15
80 14
81 14
82 15
83 13
84 12
85 15
86 20
87 11
88 8
89 12
90 6
91 7
92 10
93 7
94 9
95 5
96 5
97 8
98 9
99 9
100 5
101 7
102 5
103 6
104 5
105 2
106 10
107 4
108 5
109 7
110 6
111 2
112 3
113 2
114 5
115 6
116 4
117 4
118 1
119 7
120 7
121 8
122 4
123 2
125 4
126 5
127 4
128 4
129 5
131 5
132 1
133 2
134 2
135 4
136 2
137 5
138 4
139 4
140 2
141 1
142 3
143 6
144 1
145 2
146 6
147 1
148 3
149 3
151 4
152 1
153 2
154 3
156 4
157 4
158 2
159 1
160 2
162 1
163 3
164 3
165 6
166 1
167 3
168 1
169 1
170 3
171 3
172 2
173 3
174 2
176 2
177 1
179 2
180 1
181 2
183 2
184 1
186 1
187 3
188 2
189 2
191 1
194 2
195 2
196 2
198 2
199 3
200 1
201 2
202 2
203 2
204 3
205 1
207 1
208 1
209 5
210 1
212 1
213 2
215 2
216 1
217 2
218 1
219 2
220 2
221 2
222 3
223 1
224 2
226 2
228 2
229 4
230 2
231 2
232 2
233 5
234 3
237 2
238 2
239 1
240 2
242 1
243 2
244 1
245 1
246 1
248 3
249 2
252 2
256 1
257 3
258 1
259 1
260 1
261 2
262 2
263 1
264 1
265 1
266 2
269 2
270 1
272 1
274 2
275 1
277 3
278 1
279 3
280 1
281 2
284 2
285 2
286 2
288 1
289 1
290 1
291 4
292 1
294 3
295 1
298 1
299 1
300 1
301 1
303 1
309 1
310 1
315 1
318 2
322 1
323 1
324 3
326 3
327 2
328 1
332 2
334 1
336 3
339 1
341 1
342 1
345 1
346 1
347 1
350 1
351 2
354 1
355 1
356 1
357 1
362 1
364 2
366 1
368 1
372 1
380 1
386 1
389 1
401 1
404 1
405 1
406 1
433 1
