100 3000 20
0 252231
1 4
2 7
3 26
4 30
5 53
6 78
7 94
8 103
9 115
10 130
11 130
12 145
13 146
14 159
15 199
16 170
17 189
18 181
19 153
20 181
21 171
22 164
23 170
24 167
25 172
26 150
27 180
28 169
29 153
30 134
31 144
32 117
33 128
34 104
35 105
36 117
37 110
38 89
39 91
40 89
41 95
42 87
43 59
44 83
45 67
46 56
47 41
48 51
49 51
50 51
51 49
52 53
53 51
54 44
55 45
56 38
57 35
58 38
59 36
60 21
61 36
62 31
63 23
64 20
65 25
66 19
67 28
68 26
69 20
70 23
71 22
72 25
73 21
74 20
75 18
76 15
77 19
78 20
79 12
80 14
81 12
82 15
83 17
84 12
85 14
86 9
87 15
88 15
89 13
90 6
91 8
92 11
93 5
94 9
95 10
96 8
97 6
98 7
99 8
100 9
101 5
102 5
103 6
104 4
105 7
106 4
107 5
108 4
109 3
110 1
111 8
112 4
113 7
114 8
115 7
116 5
117 6
118 3
119 2
120 4
121 6
122 4
123 7
124 5
125 4
126 7
127 4
128 2
129 4
130 4
131 2
132 2
133 4
134 5
135 2
136 6
137 2
138 3
139 3
140 2
141 6
142 1
143 5
144 3
145 1
146 5
147 3
148 1
149 5
150 3
151 3
152 2
153 4
154 1
155 4
156 2
157 3
158 1
159 2
160 2
161 2
162 3
163 3
164 3
165 1
166 1
168 1
169 1
170 3
173 2
174 1
175 2
177 2
178 2
179 3
180 5
181 1
182 1
183 1
184 1
186 2
187 1
188 1
189 2
190 1
191 2
192 2
193 2
194 2
195 1
196 2
198 4
199 2
200 2
201 4
202 1
203 1
205 3
206 4
208 2
209 1
212 2
213 3
214 1
215 2
216 2
219 2
221 2
222 1
225 2
227 2
228 1
229 3
230 1
231 1
232 3
234 2
235 2
236 1
237 2
240 4
241 1
242 1
243 1
245 1
246 1
247 5
248 1
250 1
251 1
252 4
253 2
254 2
255 2
259 3
260 1
261 1
263 1
264 2
267 1
268 2
269 2
270 3
271 1
272 1
273 2
274 4
277 1
281 1
282 2
284 1
291 2
292 2
294 2
295 1
297 1
298 3
299 1
300 1
301 1
302 3
306 3
307 1
309 1
310 2
312 1
313 1
314 1
320 1
321 3
324 1
329 3
331 1
332 1
333 1
334 1
337 1
338 1
339 1
340 2
341 1
342 1
348 1
350 1
351 1
352 1
354 1
356 2
367 1
368 1
370 1
375 1
376 1
381 1
384 1
389 1
392 1
395 1
412 1
418 1
430 1
456 1
