100 3000 20
0 251543
1 27
2 49
3 72
4 111
5 121
6 125
7 143
8 150
9 162
10 168
11 188
12 174
13 185
14 166
15 162
16 195
17 167
18 198
19 218
20 201
21 154
22 191
23 174
24 199
25 186
26 166
27 156
28 157
29 144
30 131
31 128
32 107
33 116
34 146
35 110
36 119
37 105
38 92
39 99
40 85
41 81
42 76
43 73
44 79
45 59
46 46
47 74
48 65
49 60
50 57
51 48
52 46
53 40
54 32
55 46
56 43
57 36
58 37
59 31
60 34
61 28
62 27
63 16
64 23
65 18
66 19
67 27
68 29
69 24
70 29
71 23
72 11
73 13
74 27
75 26
76 15
77 22
78 14
79 8
80 12
81 13
82 13
83 9
84 9
85 16
86 7
87 6
88 12
89 11
90 9
91 5
92 11
93 9
94 8
95 10
96 8
97 6
98 5
99 5
100 8
101 12
102 5
103 6
104 8
105 5
106 5
107 8
108 6
109 7
110 8
111 5
112 6
113 3
114 4
115 6
116 6
117 6
118 4
119 5
120 6
121 5
122 4
123 5
124 3
125 4
126 9
127 4
128 2
129 1
130 5
131 1
132 4
133 6
134 3
135 4
136 2
137 2
138 3
140 5
141 3
142 3
143 4
144 3
145 3
146 3
147 1
148 3
149 4
150 3
151 3
152 4
153 2
154 5
155 1
156 1
157 4
158 4
159 3
160 3
161 1
162 2
163 1
164 2
166 2
169 3
170 4
171 2
172 2
175 1
176 2
177 2
178 2
179 3
180 1
181 1
182 1
183 1
184 1
185 4
186 1
187 2
188 1
190 4
191 2
192 1
195 1
196 4
197 3
198 1
199 2
200 1
201 2
202 2
206 3
207 3
208 3
210 1
211 1
212 1
213 2
214 1
215 1
216 3
217 2
219 2
220 4
221 2
222 1
224 2
225 1
226 1
227 2
228 1
230 1
231 2
232 2
233 1
234 1
236 2
237 2
238 1
239 1
242 3
245 2
246 2
247 1
248 1
249 2
250 2
251 2
252 1
253 2
254 1
257 2
258 2
259 1
261 1
264 2
267 3
269 1
271 1
272 1
274 1
276 1
280 4
281 1
282 2
283 1
286 1
288 2
289 2
291 2
292 4
293 1
295 1
296 1
299 2
300 1
303 1
304 1
305 1
307 1
309 1
310 1
314 1
316 2
317 1
318 1
319 2
320 1
321 1
323 2
324 2
325 1
329 1
333 2
334 1
335 1
338 2
339 1
341 1
343 1
347 2
348 1
350 1
352 1
353 1
362 1
371 1
374 1
377 1
380 1
405 1
410 1
422 1
432 1
