100 3000 20
0 252250
1 2
2 13
3 16
4 22
5 54
6 81
7 83
8 97
9 121
10 110
11 142
12 131
13 155
14 176
15 166
16 167
17 180
18 190
19 190
20 176
21 183
22 181
23 168
24 162
25 180
26 172
27 156
28 162
29 145
30 141
31 124
32 108
33 114
34 111
35 115
36 122
37 109
38 102
39 86
40 80
41 78
42 73
43 91
44 65
45 80
46 55
47 59
48 58
49 56
50 44
51 45
52 38
53 39
54 51
55 49
56 44
57 29
58 43
59 41
60 32
61 22
62 37
63 25
64 23
65 27
66 24
67 27
68 31
69 23
70 16
71 19
72 20
73 19
74 13
75 26
76 24
77 15
78 12
79 15
80 10
81 13
82 10
83 15
84 7
85 10
86 16
87 7
88 11
89 11
90 9
91 8
92 8
93 12
94 10
95 8
96 6
97 8
98 9
99 13
100 6
101 5
102 7
103 8
104 7
105 5
106 8
107 8
108 5
109 4
110 5
111 6
112 7
113 10
114 4
115 3
116 7
117 6
118 6
119 5
120 4
121 3
122 4
123 6
124 1
125 3
126 3
127 4
128 3
129 4
130 2
131 3
132 1
133 1
134 4
135 5
136 5
137 1
138 2
139 2
140 3
141 1
142 3
143 2
144 8
145 3
146 1
147 3
148 2
149 2
151 5
152 3
153 2
154 3
155 4
156 3
157 1
158 1
159 4
160 2
161 2
162 2
163 3
164 1
165 3
166 3
167 1
168 2
169 2
170 2
171 1
173 3
174 2
175 1
176 3
177 2
178 2
179 1
180 1
181 4
183 2
184 3
186 4
187 2
188 1
191 2
192 3
193 1
194 3
195 2
196 1
197 2
198 4
203 2
204 1
205 2
207 1
208 2
209 2
210 1
211 2
212 3
213 1
214 1
215 2
217 2
218 2
219 2
221 2
223 2
225 1
227 1
228 3
229 1
230 2
231 1
232 3
233 1
235 2
237 1
238 2
239 1
240 2
241 2
242 4
244 3
245 1
246 1
247 2
248 1
249 1
250 1
252 2
253 2
255 1
257 2
258 1
260 2
261 2
262 1
263 1
264 2
265 1
266 3
267 2
268 1
270 3
271 2
272 1
273 2
274 2
275 1
277 1
279 2
281 3
284 2
286 2
287 1
288 1
289 1
293 2
297 1
298 1
301 2
302 1
303 3
304 1
305 1
306 1
307 1
310 1
311 1
312 2
314 1
317 1
318 2
319 1
320 2
321 3
323 2
324 1
326 1
327 2
329 1
331 2
334 1
336 1
340 1
342 2
348 3
349 1
351 1
354 2
364 1
365 1
369 1
371 1
382 2
387 1
393 1
395 1
397 1
399 1
474 1
