100 3000 20
0 251660
1 17
2 53
3 61
4 94
5 110
6 148
7 129
8 149
9 158
10 167
11 181
12 167
13 178
14 187
15 183
16 196
17 169
18 203
19 178
20 191
21 186
22 186
23 157
24 173
25 147
26 140
27 142
28 163
29 143
30 122
31 137
32 128
33 134
34 134
35 112
36 114
37 98
38 105
39 88
40 80
41 78
42 67
43 82
44 72
45 57
46 76
47 60
48 46
49 48
50 56
51 46
52 52
53 46
54 37
55 44
56 34
57 36
58 37
59 33
60 32
61 33
62 35
63 33
64 31
65 20
66 28
67 24
68 20
69 25
70 28
71 14
72 16
73 24
74 20
75 18
76 11
77 15
78 12
79 17
80 14
81 12
82 10
83 8
84 15
85 13
86 12
87 13
88 8
89 11
90 13
91 8
92 11
93 13
94 9
95 7
96 10
97 4
98 7
99 13
100 6
101 10
102 7
103 9
104 3
105 2
106 5
107 4
108 4
109 10
110 6
111 6
112 6
113 5
114 4
115 5
116 5
117 7
118 6
119 5
120 4
121 8
122 9
123 4
124 3
125 2
126 3
127 2
128 4
129 4
130 3
131 3
132 1
133 4
134 7
135 1
136 2
137 1
138 3
140 3
141 4
142 7
143 3
144 5
145 1
146 4
147 3
148 6
149 3
150 5
151 6
152 2
153 3
154 1
155 3
156 3
157 2
158 4
159 2
160 2
161 2
162 1
163 1
164 2
165 2
166 3
167 2
168 1
169 2
170 2
171 3
172 2
175 2
177 2
178 1
179 3
180 3
182 1
185 1
186 4
187 2
188 1
190 2
191 2
193 1
194 1
195 1
196 2
197 2
198 1
199 3
200 3
201 1
202 3
203 3
205 1
206 2
207 4
208 1
209 1
211 1
212 3
213 1
214 1
215 2
216 1
219 2
220 3
223 1
224 3
225 1
230 2
231 2
233 1
234 2
235 4
236 1
237 1
238 2
240 2
241 2
242 1
243 1
244 1
245 2
246 2
247 1
250 2
251 1
252 1
253 1
256 1
258 1
259 1
260 2
261 1
262 2
263 2
264 1
266 2
267 1
268 1
270 2
271 2
273 1
275 1
276 1
278 2
279 3
280 3
281 1
282 1
284 2
285 2
286 1
287 1
293 1
294 2
295 1
298 1
301 1
303 4
304 1
306 1
308 1
309 1
313 1
314 2
316 2
317 1
323 1
325 1
326 1
327 2
328 2
331 2
332 1
340 1
341 2
342 1
350 1
353 1
357 1
359 1
362 1
363 2
365 1
369 3
372 1
373 1
381 1
386 1
393 1
406 1
408 1
413 1
437 1
