100 3000 20
0 239501
1 773
2 1217
3 1298
4 1296
5 1333
6 1206
7 1042
8 971
9 792
10 784
11 694
12 679
13 586
14 530
15 503
16 449
17 365
18 358
19 355
20 274
21 295
22 263
23 241
24 236
25 178
26 188
27 190
28 169
29 146
30 147
31 138
32 113
33 125
34 122
35 96
36 104
37 82
38 76
39 87
40 73
41 84
42 68
43 61
44 48
45 69
46 40
47 30
48 39
49 49
50 35
51 32
52 34
53 30
54 30
55 24
56 23
57 24
58 23
59 25
60 20
61 14
62 17
63 22
64 20
65 21
66 17
67 13
68 17
69 12
70 12
71 15
72 14
73 11
74 7
75 11
76 18
77 9
78 11
79 9
80 10
81 13
82 7
83 12
84 7
85 12
86 7
87 6
88 16
89 3
90 6
91 8
92 6
93 5
94 10
95 5
96 1
97 3
98 8
99 4
100 4
101 3
102 4
103 7
104 4
105 7
106 7
107 4
108 1
109 1
110 2
111 7
112 4
113 3
114 1
115 3
116 3
117 3
118 3
119 2
120 2
122 1
123 2
124 5
125 3
126 3
127 3
129 2
130 1
131 2
132 1
134 3
136 2
139 1
142 1
143 3
144 3
146 1
148 1
151 4
156 1
157 1
159 1
160 1
161 1
162 1
164 1
180 2
182 1
195 1
197 1
199 1
203 1
221 1
222 1
224 1
229 1
