100 3000 20
0 252185
1 4
2 12
3 32
4 37
5 56
6 78
7 73
8 112
9 133
10 143
11 134
12 148
13 159
14 178
15 167
16 176
17 164
18 183
19 170
20 162
21 197
22 169
23 147
24 186
25 165
26 149
27 165
28 140
29 146
30 140
31 140
32 140
33 128
34 126
35 100
36 100
37 93
38 82
39 99
40 88
41 82
42 86
43 65
44 75
45 63
46 70
47 64
48 52
49 56
50 58
51 33
52 55
53 42
54 53
55 44
56 53
57 31
58 43
59 47
60 29
61 35
62 26
63 33
64 34
65 23
66 23
67 22
68 19
69 28
70 22
71 17
72 17
73 23
74 25
75 15
76 16
77 18
78 20
79 14
80 21
81 19
82 17
83 10
84 12
85 9
86 11
87 13
88 13
89 14
90 8
91 12
92 3
93 8
94 9
95 6
96 7
97 3
98 7
99 4
100 6
101 7
102 4
103 4
104 4
105 10
106 3
107 5
108 2
109 7
110 6
111 7
112 5
113 3
114 6
115 4
116 8
117 2
118 12
119 6
120 6
121 6
122 7
123 2
124 4
125 4
126 4
127 3
128 7
129 1
130 5
131 5
132 6
133 3
134 4
135 2
136 1
137 3
138 3
139 1
140 6
141 4
142 4
143 2
144 3
145 1
146 3
147 3
148 1
150 4
153 3
154 1
158 3
159 2
160 1
161 2
162 2
163 2
165 1
166 1
167 3
170 2
171 2
172 1
173 2
175 1
177 3
179 2
180 2
181 3
182 1
183 2
184 3
186 1
187 2
188 2
189 1
190 2
191 1
192 2
193 3
194 1
195 3
197 4
198 1
199 3
200 1
201 1
202 1
203 1
205 3
206 2
207 4
208 2
209 1
210 3
211 1
212 1
214 2
215 1
216 2
217 1
218 2
219 3
220 1
221 1
222 3
223 2
224 1
225 1
227 3
228 2
230 2
232 1
234 2
235 1
236 4
237 3
238 2
239 1
240 2
241 2
242 5
243 1
244 1
246 1
249 1
250 4
251 4
252 1
253 4
254 1
255 3
256 4
257 1
258 1
260 3
261 1
265 2
267 1
270 2
271 1
272 1
273 5
274 1
276 2
278 1
279 1
281 2
282 2
283 1
284 2
285 1
290 2
297 2
298 2
299 1
300 2
301 3
304 2
305 1
308 2
310 4
311 1
312 1
314 1
315 1
316 1
317 1
318 1
319 1
321 1
323 1
324 3
326 1
333 1
335 1
337 1
338 1
340 1
348 1
350 1
354 1
360 1
361 1
372 1
374 1
376 1
384 1
386 1
391 2
399 1
406 1
409 1
436 1
449 1
