100 3000 20
0 249422
1 174
2 255
3 304
4 319
5 334
6 309
7 291
8 325
9 293
10 286
11 275
12 269
13 256
14 231
15 210
16 219
17 233
18 237
19 212
20 184
21 191
22 194
23 193
24 160
25 164
26 157
27 155
28 145
29 135
30 153
31 128
32 128
33 125
34 110
35 120
36 108
37 97
38 82
39 87
40 95
41 73
42 76
43 78
44 67
45 71
46 74
47 59
48 54
49 55
50 68
51 38
52 34
53 39
54 39
55 36
56 42
57 36
58 34
59 50
60 24
61 33
62 28
63 24
64 20
65 31
66 24
67 19
68 16
69 20
70 20
71 16
72 14
73 14
74 16
75 21
76 14
77 12
78 17
79 13
80 22
81 16
82 13
83 13
84 10
85 8
86 14
87 5
88 8
89 11
90 13
91 9
92 16
93 15
94 4
95 3
96 11
97 2
98 9
99 8
100 2
101 3
102 3
103 7
104 5
105 9
106 9
107 3
108 5
109 7
110 4
111 4
112 8
113 5
114 6
115 5
116 5
117 5
118 1
119 8
120 4
121 6
122 4
123 6
124 3
125 4
126 4
127 3
128 2
129 3
130 4
131 4
132 3
134 1
135 3
137 3
138 4
139 4
140 2
141 1
142 2
143 3
145 5
146 1
147 5
148 4
149 1
150 3
151 4
152 2
153 4
154 4
155 6
156 3
157 3
158 1
159 1
160 1
161 1
162 1
163 1
164 4
165 2
166 2
167 7
168 1
170 2
171 3
172 1
173 2
174 1
175 4
176 4
177 4
178 1
179 2
180 2
181 1
182 3
183 2
184 3
185 1
186 1
187 2
188 1
189 5
190 3
191 2
192 2
193 2
194 1
195 1
196 4
197 3
198 1
199 1
200 1
202 2
203 4
204 2
205 1
207 1
208 3
209 2
211 1
212 1
213 2
216 1
220 1
222 3
225 2
229 1
231 2
233 3
234 2
235 2
238 3
240 2
241 1
243 1
245 1
246 1
247 3
248 2
250 2
252 2
254 3
256 1
258 2
262 1
263 1
265 2
266 1
267 1
272 1
273 1
274 2
275 1
278 1
281 1
284 1
287 3
288 2
289 2
293 3
295 1
297 2
298 1
300 1
305 1
307 2
308 1
311 4
315 1
326 2
328 1
329 1
332 1
334 1
337 1
339 1
348 1
353 1
358 1
369 1
381 1
389 1
438 1
