100 3000 20
0 252209
1 1
2 14
3 21
4 40
5 57
6 68
7 87
8 92
9 132
10 136
11 137
12 142
13 165
14 166
15 162
16 182
17 193
18 188
19 190
20 178
21 176
22 164
23 185
24 146
25 153
26 176
27 157
28 142
29 128
30 139
31 130
32 126
33 122
34 119
35 109
36 104
37 101
38 100
39 100
40 100
41 94
42 75
43 79
44 62
45 72
46 65
47 64
48 55
49 61
50 43
51 43
52 51
53 45
54 37
55 36
56 56
57 34
58 30
59 38
60 32
61 20
62 30
63 25
64 25
65 30
66 23
67 27
68 26
69 22
70 20
71 24
72 22
73 30
74 15
75 14
76 19
77 13
78 15
79 15
80 20
81 15
82 12
83 14
84 13
85 16
86 17
87 12
88 12
89 12
90 11
91 7
92 6
93 10
94 6
95 8
96 6
97 6
98 3
99 7
100 6
101 5
102 8
103 8
104 2
105 8
106 4
107 8
108 5
109 10
110 5
111 7
112 1
113 5
114 5
115 7
116 9
117 6
118 4
119 7
120 3
121 3
122 3
123 3
124 3
125 6
126 6
127 2
128 2
129 3
130 9
131 3
132 2
133 5
134 5
135 6
136 1
137 2
138 3
139 2
140 6
142 3
143 1
144 2
146 2
147 2
148 6
149 1
150 4
151 1
152 1
154 3
155 1
156 4
158 1
159 2
160 1
161 1
162 3
163 1
164 3
166 1
167 1
168 2
169 1
170 2
172 4
173 1
174 2
175 1
176 2
177 1
178 3
179 1
180 2
181 3
182 3
183 2
184 3
185 2
187 3
188 3
190 5
191 1
192 1
193 2
194 1
196 2
197 1
198 1
200 1
201 1
202 1
204 1
206 1
207 2
208 1
209 2
210 3
213 1
214 3
215 1
216 4
217 2
218 3
219 1
221 3
222 1
224 1
225 1
226 2
228 5
229 3
230 3
231 3
232 1
233 1
234 1
235 3
236 1
238 1
239 2
240 2
241 2
243 1
246 1
249 2
250 1
251 1
253 1
254 1
255 2
256 2
258 2
260 2
261 2
262 2
265 1
266 1
267 2
269 1
272 4
273 1
274 1
275 3
276 2
278 2
279 2
280 2
281 1
282 1
283 1
284 1
285 4
286 4
288 1
290 1
291 2
293 1
294 2
295 1
296 1
297 2
298 1
299 2
301 1
302 1
303 1
305 1
306 1
307 1
308 1
309 1
313 2
316 3
317 1
318 2
319 1
320 1
321 1
323 1
324 1
325 3
329 2
330 1
335 1
337 1
340 1
343 1
344 1
346 1
347 1
350 2
351 1
354 1
355 1
356 1
358 1
361 1
368 1
375 1
377 1
382 1
387 1
403 1
410 1
439 1
