100 3000 20
0 252159
1 10
2 9
3 32
4 46
5 55
6 84
7 103
8 111
9 117
10 139
11 132
12 150
13 157
14 152
15 214
16 167
17 168
18 156
19 162
20 194
21 178
22 176
23 162
24 173
25 165
26 161
27 153
28 149
29 158
30 143
31 137
32 118
33 123
34 112
35 100
36 129
37 76
38 95
39 89
40 103
41 93
42 64
43 72
44 72
45 80
46 71
47 67
48 59
49 50
50 54
51 50
52 52
53 55
54 33
55 47
56 37
57 36
58 30
59 38
60 23
61 30
62 30
63 24
64 39
65 27
66 18
67 22
68 22
69 29
70 22
71 23
72 18
73 16
74 21
75 17
76 25
77 14
78 10
79 19
80 18
81 14
82 9
83 12
84 8
85 11
86 15
87 9
88 15
89 12
90 18
91 16
92 9
93 7
94 15
95 10
96 6
97 10
98 3
99 9
100 8
101 6
102 8
103 9
104 6
105 7
106 9
107 8
108 5
109 4
110 5
111 5
112 6
113 4
114 4
115 6
116 5
117 3
118 3
119 5
120 4
121 6
122 3
123 2
124 2
125 1
126 3
127 4
128 6
129 1
130 4
131 4
132 3
133 1
134 4
135 1
136 2
137 5
138 2
139 1
140 2
141 2
142 2
143 2
144 2
145 2
147 2
148 1
149 2
150 3
151 1
152 2
153 2
154 2
155 2
156 5
157 3
158 2
159 2
160 2
161 1
162 3
163 2
165 2
166 1
167 1
168 3
169 3
170 1
171 1
172 1
174 3
175 3
176 1
177 3
178 2
179 3
181 1
182 3
183 1
186 1
187 3
188 2
189 2
191 3
192 3
193 1
194 2
195 1
196 2
197 1
198 1
199 1
200 1
201 3
202 4
203 2
204 1
205 3
206 2
209 3
210 3
211 2
212 2
213 2
214 2
215 3
216 2
217 2
218 2
219 2
220 1
222 3
224 1
225 1
228 4
229 2
230 2
231 2
232 2
233 1
235 2
236 3
237 3
240 1
242 3
243 1
244 1
245 1
246 1
247 3
248 1
250 1
252 1
254 4
258 2
259 2
260 2
261 1
262 1
264 1
266 2
267 2
269 1
270 2
271 1
272 3
273 2
274 1
276 2
277 2
278 1
280 2
282 2
285 1
286 1
287 2
288 1
289 1
291 1
293 1
294 2
295 1
296 2
298 1
299 2
301 1
303 1
304 1
306 2
307 1
308 1
309 1
310 1
314 4
315 2
317 2
320 1
321 1
326 2
332 3
334 1
337 1
343 2
344 1
345 1
346 1
351 1
352 1
353 1
356 1
357 1
358 1
359 1
361 1
363 1
364 1
370 1
377 1
380 1
385 1
387 1
390 1
396 1
401 1
403 1
440 1
