100 3000 20
0 252052
1 10
2 17
3 41
4 45
5 83
6 86
7 108
8 119
9 144
10 131
11 172
12 169
13 160
14 165
15 169
16 161
17 171
18 199
19 166
20 174
21 185
22 160
23 197
24 158
25 150
26 158
27 155
28 151
29 154
30 145
31 150
32 130
33 108
34 116
35 119
36 111
37 82
38 101
39 89
40 92
41 78
42 74
43 73
44 73
45 62
46 76
47 71
48 57
49 65
50 56
51 54
52 33
53 49
54 41
55 45
56 34
57 34
58 34
59 39
60 34
61 37
62 33
63 28
64 24
65 26
66 20
67 20
68 18
69 26
70 14
71 24
72 18
73 12
74 18
75 22
76 12
77 14
78 17
79 14
80 17
81 14
82 7
83 14
84 9
85 10
86 11
87 14
88 9
89 6
90 11
91 12
92 6
93 7
94 5
95 13
96 12
97 11
98 6
99 7
100 8
101 9
102 7
103 6
104 5
105 7
106 6
107 6
108 6
109 6
110 10
111 4
112 8
113 4
114 6
115 4
116 11
117 6
118 1
119 5
120 4
121 3
122 2
123 7
124 5
125 1
126 7
127 5
128 2
129 2
130 2
131 2
132 2
133 1
134 6
135 1
136 5
137 2
138 4
139 4
140 4
141 1
144 4
145 4
146 5
147 1
148 2
149 2
150 5
151 6
152 1
153 1
154 3
155 3
156 1
157 2
158 3
159 4
160 2
161 4
163 1
164 3
165 3
167 1
168 2
170 1
172 1
173 3
174 1
176 2
178 1
181 1
182 3
183 3
184 2
186 5
187 1
188 1
191 2
192 1
193 4
194 3
196 4
197 2
198 2
199 1
200 2
201 2
202 1
203 2
204 4
205 1
206 1
207 1
208 2
209 1
210 2
213 3
214 1
215 4
216 3
219 1
220 2
221 2
222 2
223 1
224 1
225 1
226 2
227 1
228 2
229 2
231 2
232 2
233 1
234 3
236 1
238 2
239 2
240 4
241 3
242 2
247 1
248 5
249 1
250 2
251 2
252 1
253 2
254 1
255 2
256 1
257 2
258 1
260 1
261 1
263 1
265 1
266 2
269 2
271 1
273 2
274 1
275 1
276 1
279 3
280 1
287 1
289 2
290 1
293 1
294 1
296 2
298 2
299 1
301 1
302 2
303 1
304 1
307 2
308 3
310 3
311 1
312 1
313 1
316 1
317 3
323 2
325 1
326 1
327 1
329 2
330 2
332 1
333 1
335 1
340 2
342 1
343 3
347 2
348 2
353 1
357 2
358 1
365 1
367 1
368 2
386 1
394 1
398 2
401 1
408 1
416 1
418 1
424 1
445 1
493 1
