100 3000 20
0 251790
1 24
2 46
3 52
4 60
5 102
6 128
7 135
8 132
9 141
10 174
11 168
12 168
13 172
14 188
15 151
16 204
17 185
18 190
19 190
20 182
21 193
22 171
23 158
24 173
25 155
26 161
27 151
28 138
29 145
30 118
31 136
32 122
33 134
34 116
35 107
36 105
37 89
38 104
39 94
40 91
41 79
42 71
43 63
44 65
45 79
46 70
47 52
48 59
49 65
50 60
51 54
52 48
53 42
54 42
55 43
56 34
57 31
58 37
59 43
60 39
61 34
62 27
63 25
64 28
65 20
66 27
67 28
68 25
69 17
70 20
71 20
72 16
73 22
74 13
75 17
76 26
77 16
78 12
79 17
80 7
81 13
82 16
83 18
84 13
85 26
86 14
87 8
88 11
89 5
90 12
91 12
92 5
93 10
94 8
95 16
96 9
97 12
98 6
99 5
100 5
101 11
102 6
103 4
104 4
105 5
106 7
107 6
108 7
109 5
110 2
111 6
112 6
113 4
114 7
115 6
116 7
117 3
118 4
119 3
120 5
121 6
122 3
123 3
124 1
125 4
126 5
127 4
128 2
129 4
130 3
131 4
132 3
133 6
134 5
136 3
137 1
138 2
139 3
140 2
141 2
142 4
143 4
144 4
145 3
146 1
147 1
148 2
149 2
150 3
151 3
152 1
154 1
155 3
156 1
157 4
158 2
159 1
160 6
161 2
162 4
163 5
164 5
165 1
166 3
167 2
168 2
169 1
170 3
171 3
172 1
173 2
174 2
175 1
176 1
177 1
178 3
179 1
180 2
181 1
182 2
183 3
184 3
186 1
187 3
189 2
190 2
191 1
192 3
193 3
195 2
196 2
197 1
200 3
201 4
203 1
204 1
205 1
206 1
207 1
208 2
209 1
210 2
211 2
212 2
213 1
214 1
215 1
217 2
219 2
223 1
224 2
225 3
226 1
227 1
228 4
229 2
230 1
231 1
232 2
233 1
234 2
235 1
236 1
239 1
240 3
244 2
245 3
246 3
247 1
249 1
251 3
252 1
253 2
255 2
256 2
259 1
260 1
261 1
262 1
263 1
266 1
269 3
270 1
271 2
273 2
278 1
281 2
282 1
283 1
286 1
287 1
288 1
289 3
291 1
292 1
293 2
294 2
297 1
299 2
300 1
302 1
303 1
305 1
307 1
310 3
311 2
313 1
316 2
318 1
320 1
321 1
323 2
324 1
325 3
329 2
334 1
335 2
340 2
342 1
344 1
345 1
346 1
347 1
352 2
355 1
357 1
359 1
368 2
369 1
371 1
377 1
382 1
383 1
386 1
399 2
402 1
407 1
417 1
418 1
455 1
