100 3000 20
0 250328
1 121
2 155
3 191
4 208
5 239
6 247
7 234
8 249
9 259
10 255
11 228
12 215
13 223
14 214
15 208
16 221
17 244
18 191
19 211
20 194
21 188
22 179
23 182
24 166
25 159
26 149
27 159
28 161
29 151
30 147
31 122
32 126
33 132
34 120
35 106
36 96
37 109
38 88
39 91
40 77
41 73
42 74
43 90
44 74
45 63
46 56
47 57
48 60
49 45
50 48
51 58
52 45
53 39
54 33
55 35
56 28
57 38
58 36
59 17
60 38
61 27
62 32
63 31
64 32
65 30
66 26
67 19
68 19
69 26
70 18
71 17
72 16
73 21
74 16
75 20
76 18
77 16
78 14
79 15
80 14
81 11
82 10
83 11
84 19
85 17
86 9
87 7
88 8
89 18
90 11
91 6
92 8
93 11
94 4
95 10
96 10
97 11
98 11
99 6
100 9
101 9
102 6
103 6
104 3
105 4
106 4
107 6
108 8
109 3
110 4
111 3
112 5
113 7
115 6
116 8
117 4
118 4
119 8
120 5
121 3
122 3
123 4
124 3
125 3
126 4
127 3
128 5
129 7
130 4
131 2
132 3
133 3
134 4
135 5
136 4
137 2
138 2
140 4
141 3
142 2
143 2
146 1
148 4
149 4
150 1
151 3
152 2
153 2
154 2
155 2
156 3
157 2
158 4
159 7
160 2
161 2
162 2
163 5
164 2
165 1
166 2
167 2
168 1
169 3
170 2
171 3
173 4
174 3
175 3
176 2
177 2
178 1
179 2
180 4
181 1
182 4
183 2
184 3
186 1
187 2
188 1
189 1
190 2
191 3
192 4
193 1
194 4
195 2
196 1
198 2
200 1
202 1
203 1
204 1
205 1
206 1
207 2
208 4
210 2
211 2
212 3
213 2
214 1
215 1
216 1
217 1
218 3
221 3
223 3
224 2
225 2
227 3
228 3
229 3
231 2
232 1
234 1
239 3
240 1
241 3
247 1
250 2
251 2
253 3
254 1
255 3
257 1
261 1
262 1
263 3
266 1
268 3
271 1
272 2
273 2
274 1
275 1
277 1
279 1
281 1
283 1
284 2
292 1
294 2
296 1
300 1
302 1
304 2
305 1
308 1
310 1
312 2
313 1
315 2
316 1
317 1
318 1
319 1
320 1
322 1
323 1
324 1
328 1
330 3
331 1
339 1
343 1
347 1
349 1
355 1
359 1
370 2
379 1
387 1
398 1
418 1
429 1
445 1
