100 3000 20
0 246355
1 329
2 501
3 570
4 605
5 603
6 580
7 545
8 532
9 485
10 444
11 390
12 407
13 382
14 352
15 318
16 326
17 294
18 248
19 249
20 233
21 219
22 223
23 188
24 186
25 161
26 180
27 157
28 147
29 137
30 162
31 141
32 120
33 115
34 117
35 120
36 100
37 84
38 92
39 91
40 87
41 78
42 79
43 58
44 63
45 60
46 59
47 51
48 54
49 47
50 45
51 46
52 37
53 38
54 39
55 27
56 36
57 38
58 30
59 24
60 23
61 29
62 34
63 22
64 29
65 21
66 17
67 22
68 22
69 22
70 25
71 18
72 17
73 19
74 13
75 17
76 13
77 12
78 13
79 14
80 13
81 12
82 8
83 9
84 6
85 16
86 4
87 8
88 12
89 7
90 15
91 9
92 10
93 10
94 6
95 9
96 10
97 10
98 10
99 5
100 5
101 5
102 3
103 4
104 7
105 8
106 3
107 6
108 6
109 6
110 3
111 6
112 6
113 3
114 4
115 4
116 6
117 3
118 5
119 4
120 2
121 4
122 7
123 3
124 4
125 5
126 2
127 4
128 3
129 2
130 4
131 2
132 5
133 3
134 4
135 4
136 5
137 5
138 2
139 4
140 1
141 2
142 1
144 4
145 5
146 2
147 4
148 2
149 5
150 1
151 3
152 2
153 4
154 7
155 2
156 1
158 1
159 3
160 1
161 1
162 4
164 1
165 2
166 4
168 2
169 1
170 5
171 2
172 4
174 1
176 1
177 3
178 3
179 3
181 2
182 1
183 1
184 4
185 1
188 3
189 2
190 1
191 2
194 2
195 2
196 2
197 1
200 2
201 2
205 1
207 2
208 1
209 2
213 1
215 1
216 2
220 3
222 1
223 2
226 3
231 2
238 1
239 1
242 2
246 1
247 1
250 1
251 1
255 2
259 2
261 1
262 1
266 4
269 1
270 1
272 1
274 1
275 1
280 1
282 1
303 1
305 2
315 1
322 1
331 1
354 1
355 1
377 1
