100 3000 20
0 251896
1 17
2 29
3 52
4 65
5 82
6 99
7 110
8 141
9 149
10 146
11 175
12 165
13 175
14 172
15 183
16 193
17 180
18 168
19 200
20 199
21 188
22 186
23 173
24 157
25 149
26 168
27 152
28 166
29 115
30 124
31 118
32 154
33 131
34 109
35 107
36 100
37 94
38 89
39 85
40 100
41 76
42 77
43 82
44 80
45 63
46 61
47 52
48 59
49 52
50 45
51 39
52 42
53 46
54 48
55 37
56 35
57 44
58 35
59 45
60 36
61 27
62 35
63 24
64 35
65 20
66 31
67 23
68 26
69 18
70 19
71 16
72 13
73 21
74 24
75 15
76 16
77 13
78 18
79 13
80 12
81 10
82 13
83 13
84 17
85 20
86 11
87 9
88 14
89 9
90 9
91 6
92 12
93 8
94 11
95 9
96 4
97 15
98 15
99 5
100 9
101 8
102 6
103 5
104 6
105 5
106 4
107 5
108 8
109 6
110 3
111 5
112 8
113 5
114 4
115 8
116 8
117 4
118 4
119 2
120 3
121 3
122 1
123 5
124 4
125 3
126 3
127 5
128 6
129 5
130 4
131 4
132 4
133 4
134 1
135 2
136 2
137 8
138 3
139 2
140 3
141 1
142 3
143 4
144 5
145 3
146 4
147 2
148 2
149 2
150 4
151 2
153 2
154 6
155 1
156 5
157 2
159 5
160 1
161 1
162 2
163 1
164 1
165 1
166 2
168 2
169 4
170 3
171 1
173 3
174 1
175 1
178 4
179 1
180 2
181 3
182 2
183 2
184 1
185 2
186 1
187 3
188 2
189 2
190 1
191 2
192 1
193 1
194 4
195 3
197 2
198 2
199 2
200 2
201 2
203 2
204 1
205 3
207 1
208 2
212 2
214 1
216 3
217 4
218 2
219 3
222 1
228 2
229 2
230 3
231 2
233 1
234 1
235 1
236 1
237 2
238 1
239 1
240 2
242 1
243 1
244 1
245 2
246 2
247 1
248 1
249 1
250 2
251 5
253 4
255 1
258 1
259 1
260 1
261 3
262 2
264 2
265 2
267 2
268 2
270 1
271 6
278 2
283 2
286 1
287 1
288 2
290 1
291 2
294 3
295 1
300 2
301 2
303 1
305 2
308 2
309 2
314 1
315 1
316 1
318 1
320 2
321 2
322 2
323 2
325 1
326 1
327 1
330 1
333 1
336 1
338 1
339 1
342 1
343 1
346 2
349 1
356 1
357 1
360 1
362 1
363 1
370 1
378 1
379 1
389 1
391 1
393 1
394 1
395 1
398 1
399 1
401 1
407 2
414 1
418 1
540 1
