50 1000 99
0 40050
1 2911
2 1173
3 631
4 430
5 294
6 234
7 184
8 143
9 145
10 130
11 95
12 89
13 98
14 83
15 56
16 49
17 47
18 44
19 43
20 34
21 27
22 33
23 29
24 24
25 20
26 17
27 23
28 22
29 25
30 17
31 18
32 18
33 14
34 15
35 19
36 13
37 16
38 12
39 8
40 13
41 9
42 12
43 11
44 6
45 11
46 10
47 9
48 6
49 6
50 9
51 7
52 5
53 4
54 5
55 4
56 7
57 3
58 2
59 5
60 1
61 3
62 6
63 3
64 3
65 5
66 2
67 2
68 1
69 4
70 4
71 3
72 2
73 3
74 2
75 2
76 1
77 3
78 1
79 2
80 1
81 1
82 4
84 2
85 1
88 1
89 1
90 1
91 2
94 3
95 1
98 1
103 1
105 1
109 1
111 1
112 1
115 1
121 1
140 1
179 1
187 1
