50 1000 99
0 45050
1 830
2 350
3 166
4 119
5 88
6 69
7 61
8 49
9 52
10 39
11 31
12 30
13 26
14 23
15 20
16 16
17 17
18 9
19 13
20 12
21 12
22 13
23 9
24 12
25 10
26 5
27 13
28 10
29 10
30 8
31 5
32 4
33 8
34 8
35 8
36 8
37 11
38 5
39 3
40 7
41 6
42 4
43 6
44 3
45 12
46 7
47 5
48 4
49 6
50 7
51 4
52 4
53 5
54 3
55 5
56 4
57 6
58 6
59 6
60 6
61 2
62 3
63 5
65 5
66 5
67 5
68 2
69 1
70 1
71 1
72 2
74 4
75 6
76 1
77 3
78 3
79 1
80 4
81 2
82 3
83 2
84 2
85 2
86 2
87 2
88 1
90 2
91 3
92 1
93 3
94 3
95 4
96 1
98 1
99 2
100 3
102 1
103 1
104 3
105 3
106 1
107 1
108 2
110 1
112 1
116 1
118 1
119 1
123 2
124 1
125 4
126 2
127 1
128 1
129 1
130 1
131 2
133 2
135 2
136 1
138 2
139 1
140 1
142 3
143 2
146 1
148 1
150 1
151 1
153 2
155 1
157 1
159 1
160 1
161 1
163 1
165 1
169 1
175 1
177 1
181 1
184 1
185 1
187 1
189 2
191 1
195 1
199 1
202 1
203 1
206 1
207 1
213 1
214 1
216 1
219 1
220 2
221 1
222 2
224 1
229 1
242 1
243 1
248 1
262 1
265 1
266 1
273 1
279 1
280 1
290 1
291 1
301 1
302 1
306 1
318 1
339 1
341 1
346 1
351 1
358 1
364 1
370 1
398 1
428 1
429 1
443 1
446 1
459 1
472 1
474 1
501 1
525 1
