100 3000 50
1 15
2 9
3 9
4 7
5 2
6 9
7 8
8 1
9 7
10 2
12 2
13 1
14 3
15 1
16 1
17 5
18 1
19 2
20 1
22 1
23 1
24 2
25 3
26 1
27 1
29 3
30 1
31 1
32 1
36 1
37 1
40 2
42 1
49 1
50 1
53 2
70 1
75 1
77 2
79 1
83 2
84 1
85 1
89 1
95 1
106 1
110 1
113 1
121 1
144 1
153 1
154 1
171 1
186 1
194 1
200 1
209 1
210 1
224 1
230 1
256 1
275 1
280 1
359 1
478 1
520 1
529 1
580 1
628 1
676 1
787 1
808 1
816 1
937 1
1023 1
1036 1
1039 1
1061 1
1104 1
1123 1
1126 1
1137 1
1152 1
1156 1
1160 1
1170 1
1206 1
1214 1
1219 1
1229 1
1265 1
1269 1
1270 2
1277 1
1287 1
1301 1
1305 1
1308 1
1310 1
1311 1
1313 1
1316 1
1318 1
1323 1
1326 1
1341 1
1346 2
1347 1
1354 1
1355 2
1359 1
1362 2
1366 2
1371 2
1372 1
1375 1
1377 1
1379 1
1380 1
1381 1
1383 2
1385 2
1391 2
1393 1
1394 2
1396 3
1400 2
1403 1
1404 1
1408 1
1410 1
1411 1
1413 1
1414 2
1415 1
1416 1
1417 1
1418 1
1420 1
1422 2
1424 1
1429 1
1431 1
1432 1
1433 1
1435 2
1438 2
1440 1
1442 1
1443 1
1444 1
1446 1
1448 1
1451 1
1453 1
1455 1
1457 1
1460 1
1463 2
1464 2
1466 1
1467 1
1468 1
1473 1
1474 2
1475 1
1477 2
1478 1
1480 1
1483 1
1484 1
1485 1
1486 1
1489 1
1496 1
1500 1
1503 1
1506 1
1509 1
1511 1
1512 2
1515 1
1516 1
1517 2
1518 1
1521 3
1522 3
1524 2
1526 2
1531 1
1533 1
1535 1
1537 1
1538 1
1546 1
1547 3
1548 1
1550 2
1552 1
1555 1
1557 1
1560 1
1562 1
1564 2
1565 2
1566 1
1568 1
1569 1
1570 2
1573 1
1576 2
1581 1
1585 1
1587 2
1592 2
1595 1
1596 1
1598 2
1600 1
1602 1
1603 2
1615 1
1617 1
1621 1
1628 1
1640 1
1645 3
1654 1
1665 1
1681 1
1714 1
