100 3000 20
1 17
2 7
3 16
4 8
5 1
6 4
7 5
8 7
9 4
10 1
11 4
12 5
13 2
14 2
15 3
16 5
17 6
18 4
19 4
20 1
21 5
22 4
23 1
24 4
25 1
26 5
27 2
28 2
30 1
31 4
34 5
35 2
36 2
37 1
38 3
39 1
40 1
41 1
42 2
43 3
44 5
45 2
47 4
48 3
49 6
50 2
51 1
52 1
53 4
54 2
55 2
56 3
57 2
58 3
59 2
60 1
61 1
62 1
63 3
64 3
65 2
67 1
68 2
70 3
72 1
73 2
74 6
75 5
76 2
77 2
78 2
79 3
80 1
81 1
82 3
84 4
85 4
86 4
87 2
88 2
89 3
90 3
91 2
93 1
95 1
96 1
97 2
98 1
99 2
100 5
101 2
102 1
103 2
104 1
105 4
106 2
107 4
108 3
109 3
110 4
111 3
112 2
114 1
115 5
116 7
117 3
118 1
119 1
120 3
121 6
122 3
123 6
124 5
125 3
126 1
127 5
128 5
129 4
130 3
131 1
132 3
133 5
134 4
136 4
137 2
138 2
139 2
140 5
141 5
142 9
143 5
144 4
145 4
146 5
147 4
148 8
149 8
150 9
151 9
152 4
153 7
154 10
155 6
156 4
157 11
158 6
159 6
160 5
161 6
162 6
163 2
164 6
165 5
166 8
167 7
168 5
169 12
170 7
171 5
172 10
173 12
174 9
175 14
176 9
177 6
178 7
179 10
180 7
181 11
182 12
183 4
184 7
185 14
186 9
187 8
188 6
189 9
190 6
191 12
192 8
193 6
194 9
195 6
196 12
197 11
198 7
199 7
200 14
201 12
202 15
203 11
204 4
205 12
206 11
207 9
208 11
209 12
210 4
211 8
212 12
213 9
214 16
215 12
216 10
217 7
218 5
219 8
220 9
221 11
222 11
223 12
224 7
225 9
226 14
227 10
228 10
229 16
230 14
231 7
232 7
233 13
234 8
235 11
236 12
237 11
238 10
239 10
240 8
241 14
242 6
243 16
244 7
245 10
246 11
247 12
248 5
249 9
250 11
251 8
252 8
253 12
254 10
255 7
256 4
257 10
258 9
259 8
260 12
261 12
262 7
263 3
264 6
266 12
267 11
268 8
269 2
270 8
271 13
272 5
273 5
274 2
275 2
276 7
277 2
278 4
279 2
280 5
281 5
282 4
283 6
284 3
285 4
286 4
287 6
288 8
289 2
290 1
291 2
292 5
293 3
294 2
295 1
297 4
298 1
299 3
300 2
302 2
305 1
306 2
309 1
311 2
313 1
314 2
318 2
319 1
325 1
327 1
333 1
341 1
342 1
344 1
345 1
367 1
