100 100000 10
1 82617
2 80470
3 75960
4 70400
5 65676
6 60030
7 55636
8 50360
9 46229
10 42107
11 38099
12 34461
13 31366
14 28014
15 25597
16 22782
17 20345
18 18573
19 16275
20 14828
21 13262
22 11670
23 10383
24 9237
25 8350
26 7393
27 6575
28 5827
29 5036
30 4565
31 4216
32 3554
33 3053
34 2800
35 2411
36 2069
37 1813
38 1631
39 1416
40 1260
41 1081
42 1004
43 881
44 745
45 644
46 547
47 485
48 413
49 371
50 297
51 293
52 249
53 219
54 171
55 169
56 141
57 129
58 91
59 88
60 64
61 64
62 64
63 40
64 52
65 46
66 34
67 27
68 29
69 16
70 16
71 21
72 8
73 7
74 9
75 11
76 11
77 3
78 6
79 5
80 6
81 4
82 2
83 2
84 1
85 1
87 2
88 2
89 1
93 1
102 1
104 1
