100 100000 10
1 804
2 529
3 438
4 338
5 320
6 289
7 292
8 283
9 240
10 241
11 250
12 236
13 227
14 211
15 227
16 214
17 190
18 231
19 225
20 230
21 224
22 205
23 211
24 211
25 199
26 213
27 243
28 224
29 201
30 214
31 222
32 177
33 223
34 180
35 217
36 218
37 205
38 219
39 232
40 255
41 195
42 199
43 195
44 215
45 202
46 221
47 195
48 240
49 219
50 210
51 200
52 229
53 213
54 241
55 250
56 241
57 222
58 267
59 257
60 265
61 262
62 269
63 251
64 265
65 263
66 290
67 271
68 273
69 255
70 255
71 255
72 267
73 270
74 250
75 267
76 293
77 280
78 272
79 298
80 300
81 267
82 281
83 291
84 276
85 273
86 339
87 313
88 295
89 307
90 308
91 310
92 322
93 320
94 355
95 311
96 308
97 307
98 319
99 328
100 343
101 334
102 340
103 319
104 321
105 314
106 337
107 336
108 344
109 309
110 361
111 329
112 381
113 354
114 340
115 346
116 391
117 375
118 356
119 361
120 368
121 313
122 361
123 375
124 389
125 399
126 372
127 399
128 404
129 407
130 418
131 351
132 381
133 410
134 408
135 375
136 395
137 364
138 353
139 437
140 409
141 384
142 402
143 410
144 392
145 402
146 385
147 410
148 401
149 421
150 407
151 411
152 412
153 426
154 386
155 366
156 385
157 430
158 397
159 406
160 415
161 407
162 381
163 394
164 402
165 393
166 431
167 417
168 402
169 400
170 377
171 402
172 369
173 384
174 428
175 409
176 389
177 351
178 401
179 353
180 366
181 403
182 387
183 391
184 355
185 360
186 347
187 392
188 364
189 362
190 323
191 354
192 342
193 337
194 325
195 335
196 355
197 334
198 334
199 333
200 315
201 332
202 323
203 320
204 298
205 303
206 287
207 270
208 300
209 306
210 278
211 251
212 270
213 272
214 256
215 273
216 284
217 214
218 273
219 227
220 240
221 232
222 230
223 214
224 225
225 215
226 219
227 227
228 228
229 211
230 182
231 195
232 180
233 172
234 173
235 185
236 151
237 157
238 161
239 140
240 136
241 132
242 125
243 140
244 148
245 122
246 113
247 122
248 128
249 101
250 122
251 99
252 109
253 102
254 105
255 93
256 80
257 91
258 79
259 88
260 79
261 96
262 72
263 66
264 60
265 60
266 56
267 50
268 60
269 50
270 53
271 38
272 42
273 44
274 46
275 38
276 32
277 34
278 24
279 34
280 29
281 23
282 27
283 30
284 25
285 24
286 19
287 17
288 13
289 18
290 17
291 18
292 13
293 15
294 10
295 11
296 11
297 11
298 6
299 11
300 3
301 8
302 9
303 7
304 6
305 5
306 7
307 4
308 3
309 2
310 6
311 4
312 7
313 2
314 3
315 3
316 2
317 2
318 3
320 2
321 2
324 2
326 4
330 1
343 1
377 1
