100 100000 10
1 765
2 651
3 605
4 556
5 602
6 569
7 545
8 537
9 545
10 554
11 551
12 554
13 611
14 615
15 622
16 603
17 566
18 607
19 579
20 573
21 583
22 600
23 594
24 608
25 635
26 588
27 620
28 624
29 623
30 659
31 633
32 661
33 625
34 614
35 672
36 636
37 614
38 666
39 623
40 687
41 650
42 641
43 660
44 637
45 695
46 696
47 730
48 664
49 659
50 707
51 678
52 690
53 618
54 692
55 648
56 672
57 688
58 716
59 697
60 709
61 691
62 713
63 672
64 733
65 727
66 682
67 746
68 696
69 658
70 686
71 681
72 711
73 655
74 677
75 710
76 679
77 708
78 643
79 715
80 642
81 648
82 700
83 707
84 650
85 670
86 624
87 634
88 687
89 689
90 665
91 686
92 642
93 599
94 635
95 614
96 633
97 677
98 636
99 671
100 591
101 668
102 600
103 653
104 638
105 654
106 540
107 574
108 603
109 587
110 540
111 583
112 578
113 577
114 565
115 554
116 573
117 523
118 542
119 543
120 534
121 549
122 547
123 580
124 537
125 508
126 556
127 557
128 471
129 512
130 540
131 498
132 484
133 512
134 462
135 455
136 496
137 463
138 463
139 444
140 446
141 420
142 417
143 453
144 395
145 419
146 440
147 403
148 396
149 375
150 429
151 424
152 407
153 372
154 405
155 376
156 370
157 373
158 381
159 350
160 354
161 349
162 359
163 318
164 340
165 345
166 344
167 340
168 336
169 341
170 313
171 298
172 275
173 264
174 297
175 277
176 277
177 264
178 245
179 274
180 265
181 256
182 249
183 257
184 212
185 237
186 217
187 235
188 214
189 210
190 229
191 178
192 217
193 183
194 197
195 181
196 175
197 154
198 168
199 158
200 155
201 149
202 148
203 128
204 136
205 160
206 151
207 140
208 131
209 154
210 141
211 153
212 119
213 106
214 107
215 95
216 116
217 90
218 95
219 110
220 89
221 96
222 83
223 91
224 74
225 83
226 78
227 65
228 74
229 66
230 78
231 60
232 63
233 64
234 47
235 60
236 49
237 54
238 42
239 51
240 46
241 47
242 33
243 35
244 38
245 36
246 31
247 34
248 21
249 36
250 42
251 28
252 25
253 25
254 25
255 21
256 19
257 17
258 28
259 9
260 22
261 18
262 17
263 18
264 22
265 6
266 16
267 8
268 10
269 14
270 12
271 9
272 10
273 12
274 8
275 10
276 3
277 6
278 5
279 3
280 7
281 5
282 4
283 8
284 2
285 4
286 4
287 8
288 2
289 2
290 1
291 3
292 1
293 1
294 3
295 1
296 1
299 1
301 1
302 4
304 3
305 1
306 1
307 1
309 1
311 1
314 1
319 1
330 1
356 1
