100 100000 10
1 927
2 597
3 432
4 357
5 343
6 323
7 255
8 233
9 228
10 196
11 176
12 171
13 199
14 159
15 167
16 181
17 146
18 166
19 136
20 150
21 150
22 133
23 146
24 131
25 137
26 143
27 125
28 127
29 128
30 144
31 121
32 128
33 133
34 126
35 125
36 117
37 136
38 136
39 123
40 107
41 114
42 118
43 117
44 110
45 120
46 108
47 111
48 138
49 105
50 93
51 110
52 104
53 103
54 107
55 97
56 125
57 117
58 110
59 125
60 114
61 118
62 115
63 112
64 119
65 113
66 114
67 117
68 126
69 129
70 122
71 128
72 112
73 100
74 118
75 121
76 121
77 130
78 122
79 117
80 150
81 103
82 114
83 134
84 125
85 123
86 128
87 118
88 145
89 149
90 119
91 128
92 134
93 125
94 131
95 135
96 124
97 139
98 134
99 143
100 131
101 143
102 153
103 140
104 153
105 154
106 169
107 131
108 152
109 155
110 172
111 166
112 188
113 160
114 171
115 152
116 144
117 146
118 187
119 174
120 186
121 202
122 187
123 203
124 212
125 213
126 211
127 205
128 195
129 209
130 186
131 215
132 207
133 242
134 199
135 251
136 231
137 198
138 232
139 233
140 233
141 248
142 272
143 259
144 291
145 256
146 262
147 252
148 272
149 266
150 275
151 272
152 294
153 291
154 265
155 258
156 296
157 284
158 328
159 293
160 315
161 265
162 307
163 294
164 298
165 316
166 307
167 319
168 327
169 328
170 333
171 347
172 379
173 330
174 358
175 358
176 372
177 387
178 388
179 357
180 344
181 368
182 399
183 371
184 397
185 412
186 391
187 404
188 390
189 373
190 406
191 394
192 429
193 430
194 428
195 413
196 408
197 398
198 401
199 398
200 410
201 373
202 407
203 366
204 382
205 420
206 425
207 376
208 400
209 362
210 368
211 383
212 393
213 372
214 409
215 378
216 374
217 378
218 384
219 386
220 370
221 380
222 331
223 359
224 358
225 319
226 334
227 308
228 319
229 345
230 312
231 297
232 302
233 303
234 308
235 291
236 246
237 318
238 258
239 259
240 291
241 269
242 259
243 239
244 254
245 251
246 242
247 228
248 214
249 230
250 207
251 210
252 199
253 213
254 170
255 163
256 157
257 173
258 170
259 163
260 166
261 152
262 127
263 130
264 131
265 118
266 117
267 113
268 105
269 103
270 129
271 89
272 92
273 104
274 93
275 88
276 80
277 64
278 75
279 68
280 71
281 60
282 45
283 58
284 52
285 50
286 41
287 43
288 45
289 27
290 39
291 30
292 29
293 32
294 31
295 27
296 24
297 26
298 20
299 21
300 20
301 16
302 19
303 18
304 12
305 16
306 15
307 13
308 16
309 9
310 11
311 2
312 12
313 5
314 9
315 5
316 6
317 5
318 4
319 5
320 5
321 5
322 2
323 2
324 2
325 4
326 6
327 2
328 2
329 5
331 4
332 2
333 2
334 1
335 1
336 1
339 1
341 3
344 1
350 1
355 1
