100 100000 10
1 17965
2 18488
3 18544
4 18276
5 18081
6 17620
7 17374
8 16788
9 16352
10 15679
11 15336
12 14965
13 14321
14 13486
15 13252
16 12563
17 12346
18 11599
19 11287
20 10812
21 10461
22 9996
23 9488
24 9059
25 8465
26 8161
27 7753
28 7465
29 7087
30 6755
31 6357
32 6042
33 5704
34 5391
35 5216
36 4785
37 4553
38 4402
39 4135
40 3830
41 3706
42 3379
43 3286
44 3012
45 2847
46 2724
47 2638
48 2394
49 2282
50 2129
51 2011
52 1932
53 1786
54 1623
55 1570
56 1398
57 1359
58 1298
59 1202
60 1059
61 1055
62 977
63 857
64 892
65 761
66 727
67 723
68 652
69 614
70 544
71 508
72 467
73 466
74 444
75 381
76 378
77 330
78 296
79 268
80 256
81 248
82 214
83 204
84 189
85 192
86 202
87 159
88 147
89 130
90 112
91 115
92 99
93 85
94 87
95 75
96 80
97 73
98 70
99 50
100 61
101 42
102 43
103 26
104 36
105 36
106 31
107 23
108 26
109 21
110 25
111 19
112 24
113 20
114 9
115 22
116 17
117 14
118 11
119 13
120 9
121 6
122 3
123 10
124 5
125 7
126 5
127 4
128 3
129 4
130 1
131 3
132 2
133 3
134 1
135 1
137 1
139 2
140 1
141 1
143 2
144 1
145 1
146 1
148 3
150 1
151 2
152 1
153 1
154 1
157 1
159 1
176 1
