100 3000 50
1 33
2 18
3 10
4 3
5 4
6 3
7 2
8 4
11 3
14 1
16 1
33 1
44 1
63 1
71 1
77 1
121 1
124 1
144 1
180 1
186 1
190 1
206 1
230 1
238 1
248 1
264 1
274 1
284 1
309 1
321 1
379 1
389 1
395 1
397 1
402 1
403 1
407 1
420 1
422 1
431 1
432 1
454 1
461 1
482 1
487 1
492 1
506 1
510 1
521 1
548 1
550 1
556 1
564 1
606 2
608 1
612 1
613 1
616 1
617 1
623 1
624 1
632 1
635 1
640 1
641 2
645 1
657 1
665 2
669 1
674 1
676 2
677 1
683 1
691 1
700 1
719 1
734 1
735 1
745 1
804 1
850 1
856 1
880 1
886 1
892 1
899 1
901 1
934 1
961 1
967 1
971 1
988 1
997 1
1000 1
1001 1
1011 1
1018 1
1021 1
1022 1
1023 1
1028 1
1031 1
1034 1
1041 1
1046 1
1050 1
1058 1
1062 1
1065 1
1066 1
1070 1
1075 1
1079 1
1081 1
1082 1
1087 1
1088 2
1089 1
1093 1
1094 1
1095 1
1097 1
1101 1
1106 1
1109 1
1110 1
1116 2
1124 1
1125 2
1128 2
1130 1
1134 1
1138 2
1141 2
1143 1
1154 1
1155 1
1157 1
1158 1
1161 1
1163 1
1164 1
1166 1
1168 1
1169 1
1173 1
1175 1
1176 1
1178 1
1184 1
1191 1
1194 1
1195 1
1198 1
1213 1
1214 1
1220 1
1232 1
1234 2
1235 2
1248 1
1249 1
1255 1
1257 1
1260 1
1294 1
1296 1
1300 1
1302 1
1314 1
1350 1
1355 1
1360 1
1388 1
1399 1
1429 1
1431 1
1434 1
1437 1
1441 1
1447 1
1477 1
1491 1
1514 1
1533 1
1535 1
1549 1
1558 1
1563 1
1578 2
1609 1
1629 1
1662 1
1688 1
1711 1
1717 1
1730 1
1750 1
1751 1
1753 1
1758 2
1763 1
1765 1
1781 1
1791 2
1792 1
1793 1
1798 1
1817 1
1825 1
1831 1
1836 1
1842 1
1849 1
1852 1
1858 1
1860 1
1874 1
1877 1
1880 1
1900 1
1904 1
1923 1
1940 1
1946 1
1957 1
1975 1
1981 1
1987 1
2032 1
2119 1
2142 1
2195 1
2280 1
2309 1
2323 1
2325 1
2331 1
2335 2
2343 1
2355 1
2359 2
2376 1
2383 1
2384 1
2387 1
2388 1
2392 1
2394 1
