100 3000 50
0 258520
1 3
2 4
3 11
4 18
5 26
6 25
7 31
8 24
9 17
10 13
11 11
12 12
13 5
14 12
15 5
16 4
17 7
18 2
19 5
20 3
21 2
22 7
24 2
25 2
26 2
27 3
28 2
29 5
30 4
31 2
32 3
35 1
36 1
37 2
39 1
40 1
42 1
43 2
44 1
47 2
48 2
49 3
51 1
52 2
56 1
58 3
59 2
61 1
64 1
70 2
76 1
78 3
80 1
82 2
84 3
85 1
86 1
92 2
99 1
106 1
110 1
113 2
115 1
118 1
120 3
121 1
122 1
130 1
134 1
135 1
142 1
145 2
148 1
166 1
176 1
185 1
192 1
200 1
201 1
210 1
216 1
217 1
220 1
228 1
229 2
230 1
232 1
233 1
237 1
240 2
242 1
260 1
262 1
270 1
276 1
277 1
280 1
282 1
284 1
288 2
308 1
316 2
322 1
324 1
335 1
337 1
341 1
345 2
381 1
384 1
385 1
388 1
392 1
397 1
404 1
405 1
406 1
421 1
424 1
425 2
434 3
435 1
442 1
461 1
470 1
479 2
480 1
484 1
488 1
495 1
498 2
518 1
538 1
544 1
554 1
568 1
603 1
604 1
607 1
613 1
617 2
621 2
626 2
627 2
635 1
645 1
653 1
658 1
660 1
661 1
671 1
688 1
693 1
696 1
699 1
707 1
708 1
709 1
712 1
713 2
724 1
726 1
735 1
736 1
737 1
743 2
750 1
753 1
763 1
766 1
767 1
776 1
779 1
789 1
791 1
797 1
798 1
799 1
800 1
807 1
808 1
811 1
815 1
826 1
828 1
831 1
834 1
837 1
846 1
847 1
848 1
850 1
851 1
856 2
859 3
860 2
861 1
862 1
863 1
864 1
866 2
867 2
869 1
871 3
872 1
873 1
877 1
882 2
883 1
887 2
888 2
890 1
892 1
896 1
898 1
900 3
903 1
906 1
908 1
909 1
911 1
914 1
916 4
917 1
922 2
923 1
925 1
926 1
930 2
932 1
940 2
943 1
944 1
948 1
949 1
950 1
960 1
961 2
970 1
973 1
975 1
976 2
979 1
982 1
983 1
984 1
988 2
993 1
995 1
1056 1
1060 1
1068 1
1074 1
1077 1
1085 1
1090 1
1092 1
1094 1
1097 1
1103 1
1119 1
1122 1
1131 1
1134 1
1135 1
1139 1
1142 1
1144 1
1146 1
1150 1
1151 1
1153 1
1158 1
1160 1
1162 1
1166 1
1177 1
1180 1
1184 1
1185 1
1192 1
1202 1
1205 1
1208 1
1210 2
1214 1
1219 1
1221 1
1222 1
1226 1
1227 1
1233 1
1236 1
1240 3
1242 1
1245 1
1247 2
1252 1
1260 1
1262 1
1267 1
1268 1
1271 1
1277 1
1281 1
1286 1
1299 1
1307 1
1316 1
1318 1
1325 1
1344 1
1352 1
1356 1
1360 1
1364 1
1372 1
1380 1
1404 1
1419 1
1421 2
1427 1
1429 2
1436 2
1438 1
1439 2
1444 1
1445 1
1451 2
1452 1
1456 1
1457 2
1459 1
1461 1
1462 1
1463 1
1465 1
1466 1
1469 2
1471 1
1474 1
1475 2
1477 1
1490 1
1491 1
1492 1
1499 1
1501 1
1510 1
1513 1
1515 1
1524 1
