100 3000 50
0 258580
2 1
3 9
4 11
5 12
6 10
7 18
8 16
9 12
10 18
11 16
12 11
13 7
14 7
15 8
16 4
17 4
18 8
19 4
20 2
21 2
22 4
23 2
24 2
25 3
26 2
27 2
28 1
29 2
30 1
31 2
32 3
33 3
35 1
36 1
37 3
39 3
40 1
41 3
42 1
43 1
44 1
45 5
47 1
48 1
49 1
56 2
59 2
62 2
63 1
65 2
68 2
69 1
70 1
71 3
72 1
73 1
78 1
79 1
80 3
83 1
87 1
88 1
89 1
90 2
94 1
95 1
96 1
97 1
102 1
103 1
105 1
113 1
114 1
115 1
118 1
121 1
124 1
129 1
132 1
138 1
152 1
153 1
158 1
161 1
162 1
167 1
170 1
176 1
181 1
194 1
196 1
201 1
202 1
212 1
222 1
223 1
230 1
232 1
243 2
255 1
258 1
266 1
273 2
285 1
286 1
300 1
303 1
308 1
311 1
322 1
324 1
328 1
337 2
350 1
351 1
352 1
358 1
361 1
368 1
370 1
372 1
374 2
377 1
378 1
379 1
401 1
410 1
417 1
420 1
431 1
436 1
454 1
462 1
468 2
485 1
490 2
492 1
501 1
516 1
521 1
543 1
556 1
560 1
562 1
564 1
566 1
567 1
571 1
572 1
578 1
582 1
603 2
609 1
617 1
631 1
635 1
653 1
657 2
663 1
669 1
673 1
681 1
688 1
692 1
695 2
698 1
699 1
701 1
703 1
718 1
719 2
722 1
725 1
728 1
734 1
741 1
755 2
756 1
757 2
770 1
776 1
777 1
778 1
784 1
793 1
799 1
800 2
804 1
805 2
806 1
807 1
808 1
813 1
814 1
818 1
819 1
820 1
821 2
825 1
828 1
831 1
839 1
840 3
842 1
845 1
848 1
850 1
854 1
855 1
863 1
866 1
868 1
870 1
871 1
873 2
879 1
880 1
881 2
882 2
883 1
886 1
887 2
888 1
890 2
891 2
894 1
895 1
896 1
897 1
899 1
900 1
904 1
905 2
908 2
909 2
913 1
914 1
916 1
918 2
919 1
920 1
926 1
928 1
934 1
935 1
936 1
937 1
939 1
940 2
942 1
944 2
954 1
956 1
964 1
965 1
970 1
974 1
983 1
1004 1
1012 1
1015 1
1028 1
1032 1
1036 1
1039 1
1043 1
1046 1
1051 1
1054 1
1058 1
1059 1
1060 1
1063 1
1076 1
1078 1
1094 1
1098 1
1118 1
1119 1
1120 1
1141 1
1148 1
1150 1
1161 1
1164 1
1171 1
1173 1
1175 1
1178 2
1181 2
1183 1
1189 1
1191 1
1197 1
1203 1
1205 2
1207 1
1209 1
1211 1
1216 1
1221 1
1229 1
1233 2
1236 1
1241 1
1243 1
1248 1
1254 1
1255 1
1260 1
1261 1
1269 1
1275 1
1278 1
1286 1
1292 1
1304 1
1309 1
1313 1
1328 1
1340 1
1342 1
1344 1
1345 1
1350 1
1359 1
1362 1
1370 1
1376 1
1389 1
1392 1
1405 1
1412 2
1414 1
1423 3
1424 1
1425 1
1427 1
1428 2
1430 1
1431 2
1432 1
1436 1
1437 2
1443 1
1447 1
1450 1
1454 1
1455 1
1456 1
1466 1
1467 3
1468 1
1472 1
1473 1
1474 1
1477 1
1478 1
1480 1
1482 2
1486 1
1498 1
1500 2
1506 1
1518 1
1523 1
