100 3000 50
0 258552
2 1
3 8
4 16
5 17
6 15
7 33
8 17
9 19
10 14
11 14
12 7
13 8
14 15
15 12
16 4
17 8
18 2
19 3
20 3
21 2
22 1
24 5
25 1
26 1
27 2
28 1
29 2
30 1
31 4
32 1
33 2
34 3
35 2
37 1
38 4
39 1
40 1
41 1
42 1
43 2
44 2
45 1
48 2
50 1
52 1
54 1
55 1
57 2
58 1
59 1
62 2
63 1
68 1
71 2
73 1
74 2
80 2
85 1
86 1
91 1
92 1
96 1
97 1
104 2
106 1
112 1
113 1
115 1
116 1
117 1
118 1
119 1
127 1
131 1
142 1
143 1
158 1
164 1
170 2
177 1
178 1
184 1
188 2
194 1
198 1
203 1
204 1
210 1
215 2
218 1
227 1
237 2
242 1
246 1
247 1
260 1
262 1
265 2
272 1
274 1
276 1
283 1
289 1
296 1
300 1
303 1
313 1
317 1
323 2
328 1
329 1
331 2
333 1
340 1
345 1
357 1
358 1
377 1
385 1
391 2
400 1
408 2
416 2
417 1
434 1
439 1
453 1
471 1
480 2
482 1
485 1
498 1
502 1
508 1
515 1
531 1
554 1
576 1
581 1
585 1
590 1
596 1
598 1
599 1
601 1
605 1
611 1
613 1
616 2
621 1
627 1
628 1
640 1
649 1
651 2
658 1
659 1
662 1
664 1
685 1
690 1
695 1
702 1
708 1
710 1
711 1
715 1
717 3
723 1
726 1
727 1
728 1
734 1
735 1
756 1
758 1
762 1
766 1
770 1
772 1
774 1
778 1
780 1
786 1
788 1
795 1
798 1
803 1
808 1
813 1
814 1
818 1
821 2
823 1
825 2
826 1
828 1
830 2
832 1
833 1
838 1
842 1
844 1
848 1
852 1
854 1
855 1
856 1
859 3
860 1
862 2
863 2
865 1
867 1
870 2
878 2
879 1
880 1
883 1
885 1
887 2
888 1
889 1
891 1
892 1
893 1
894 1
896 1
897 1
899 1
900 2
901 1
903 3
905 1
907 1
913 1
916 1
917 1
918 1
919 1
926 1
928 1
929 1
930 1
933 2
941 1
942 1
947 1
952 1
953 2
958 1
959 2
961 1
963 1
973 1
979 1
982 1
992 1
999 1
1004 1
1028 1
1032 1
1033 1
1034 1
1035 1
1044 1
1046 1
1054 2
1062 1
1082 1
1083 1
1086 1
1113 1
1115 1
1119 1
1129 1
1136 1
1140 1
1143 1
1154 1
1160 2
1161 1
1162 1
1169 1
1170 1
1174 1
1182 1
1183 1
1184 1
1192 1
1197 1
1199 2
1200 1
1210 2
1212 2
1226 3
1228 1
1230 1
1233 1
1235 1
1243 1
1247 1
1251 1
1260 1
1262 1
1270 1
1281 1
1288 1
1290 1
1292 2
1303 1
1305 1
1311 1
1327 1
1330 1
1340 1
1355 1
1356 1
1359 1
1364 1
1373 1
1376 1
1380 1
1382 2
1383 1
1387 1
1391 1
1392 2
1397 1
1401 1
1403 1
1408 1
1412 1
1417 1
1423 1
1427 1
1430 1
1440 1
1442 2
1443 1
1448 2
1451 2
1452 1
1457 1
1464 1
1466 2
1467 1
1468 1
1473 1
1475 1
1482 2
1484 1
1486 1
1491 1
1495 1
1497 1
1503 2
1513 1
1522 1
1532 1
1537 1
1550 1
