100 3000 50
0 258532
1 3
2 3
3 3
4 20
5 18
6 17
7 27
8 18
9 17
10 21
11 14
12 9
13 17
14 4
15 12
16 4
17 3
18 4
19 4
20 3
21 4
22 1
23 4
24 4
25 3
26 2
27 4
28 2
29 1
30 1
31 1
32 4
33 1
34 2
35 2
36 3
37 1
39 3
41 1
42 3
43 3
46 3
49 1
51 3
52 3
54 3
55 3
56 1
57 1
59 2
60 1
61 1
65 2
67 1
68 1
69 1
71 2
72 1
73 1
80 1
82 1
90 1
93 2
98 2
109 1
110 3
112 1
116 1
124 1
132 1
151 1
155 1
158 1
166 1
174 1
176 1
181 1
184 1
186 1
198 1
206 1
210 1
216 1
218 1
219 1
226 1
236 1
239 1
245 1
246 1
248 1
253 1
255 1
260 1
265 1
267 2
277 1
281 1
284 1
287 1
291 1
292 1
294 1
298 1
302 1
303 1
306 1
326 1
327 1
328 1
333 1
334 1
338 1
351 1
353 3
358 1
368 1
379 2
380 1
385 1
388 1
391 1
398 1
415 1
416 1
429 2
432 1
470 1
471 1
482 1
484 1
493 1
504 2
512 2
519 1
534 1
535 2
537 1
538 1
540 1
564 1
570 1
581 1
583 1
588 1
604 1
606 1
611 1
628 1
631 1
648 1
649 1
651 2
655 2
662 2
666 1
667 1
676 1
678 1
689 1
697 1
698 1
700 1
706 1
715 1
719 1
723 1
724 1
731 1
734 1
738 1
742 1
744 1
748 1
758 1
759 1
766 1
767 2
768 1
769 1
774 1
775 1
776 1
777 1
779 1
785 1
790 1
793 1
795 1
804 1
819 1
822 1
824 2
825 1
832 1
834 1
837 1
838 2
844 1
850 1
854 1
855 1
858 1
859 1
860 1
861 1
864 2
865 1
868 2
869 2
870 1
872 3
874 2
875 1
880 2
882 2
883 1
884 1
885 1
886 3
887 2
888 1
890 1
891 3
894 1
895 1
898 1
902 1
904 1
907 1
909 1
912 1
913 1
915 1
918 1
920 1
926 1
928 2
930 1
932 2
933 1
945 1
952 1
953 1
960 1
961 1
965 1
967 1
968 1
975 1
978 1
979 1
982 1
987 1
997 1
999 1
1001 1
1009 1
1011 1
1018 1
1028 1
1030 1
1038 1
1042 1
1048 1
1052 2
1057 1
1086 1
1098 1
1107 1
1114 1
1118 1
1122 1
1131 1
1136 1
1138 1
1140 1
1141 1
1148 1
1150 1
1151 1
1153 1
1155 1
1160 1
1162 1
1168 1
1169 1
1174 1
1181 1
1182 1
1183 1
1190 1
1192 1
1193 1
1201 1
1209 1
1211 1
1221 1
1223 1
1225 1
1228 2
1229 1
1231 1
1234 1
1236 1
1243 2
1244 1
1246 1
1255 1
1258 2
1268 2
1271 1
1278 3
1283 1
1284 1
1285 1
1296 1
1300 1
1332 1
1341 1
1364 1
1365 1
1367 1
1372 1
1399 1
1405 1
1407 2
1417 1
1419 1
1424 1
1427 1
1428 1
1431 1
1434 1
1435 1
1442 2
1446 2
1451 1
1453 1
1456 2
1457 1
1458 1
1461 1
1463 1
1464 1
1465 1
1467 1
1469 1
1473 1
1476 2
1479 1
1483 2
1484 2
1485 1
1487 1
1489 1
1494 1
1495 1
1502 1
1505 1
1509 1
1511 1
