100 3000 50
0 220285
1 5106
2 4506
3 3945
4 3474
5 2925
6 2568
7 2215
8 1844
9 1595
10 1340
11 1208
12 1106
13 935
14 712
15 682
16 613
17 492
18 437
19 396
20 322
21 302
22 251
23 205
24 178
25 157
26 157
27 147
28 124
29 90
30 83
31 86
32 61
33 78
34 66
35 54
36 41
37 45
38 42
39 13
40 33
41 28
42 19
43 22
44 18
45 18
46 10
47 16
48 7
49 7
50 7
51 3
52 7
53 9
54 10
55 4
56 5
57 6
58 10
59 2
60 5
61 3
62 1
63 6
64 6
65 3
66 4
67 2
68 2
69 2
70 1
71 3
72 1
73 1
75 2
76 3
77 1
81 1
82 1
84 1
92 1
93 2
96 1
99 1
102 1
107 2
