100 3000 50
0 243277
1 2926
2 2318
3 1749
4 1265
5 1001
6 767
7 641
8 525
9 406
10 366
11 312
12 243
13 220
14 187
15 174
16 132
17 124
18 111
19 123
20 103
21 83
22 94
23 76
24 67
25 59
26 64
27 55
28 48
29 41
30 57
31 37
32 35
33 32
34 30
35 32
36 31
37 29
38 22
39 33
40 29
41 25
42 18
43 22
44 21
45 24
46 15
47 26
48 17
49 14
50 15
51 16
52 23
53 10
54 13
55 15
56 21
57 20
58 11
59 12
60 12
61 16
62 11
63 5
64 11
65 14
66 13
67 7
68 12
69 10
70 18
71 13
72 13
73 8
74 7
75 6
76 11
77 10
78 8
79 6
80 8
81 7
82 7
83 7
84 14
85 4
86 6
87 6
88 4
89 6
90 13
91 9
92 5
93 3
94 3
95 5
96 6
97 6
98 5
99 8
100 4
101 4
102 4
103 9
104 2
105 8
106 5
107 4
108 4
109 5
110 2
111 5
112 2
113 8
114 7
115 3
116 5
117 7
118 7
119 2
120 4
121 1
122 3
123 6
124 2
125 3
126 2
127 3
128 2
129 8
130 3
131 3
132 1
133 3
134 2
135 4
136 2
137 6
138 2
139 3
140 2
141 3
142 2
143 3
144 2
145 3
146 7
147 3
148 3
149 2
150 3
151 1
152 2
153 3
154 2
155 6
156 2
157 3
158 2
159 1
160 2
161 1
162 5
163 4
164 2
165 1
166 3
168 1
169 3
170 5
171 2
172 5
173 3
174 3
175 1
176 2
178 1
179 1
180 1
181 1
182 3
184 2
186 1
187 3
188 1
189 2
190 1
191 2
192 4
193 1
194 1
195 2
196 1
198 1
199 1
200 4
202 1
203 1
204 1
206 1
207 4
209 1
210 1
211 1
213 2
214 1
217 2
218 2
219 3
220 1
221 1
222 3
223 3
225 1
226 4
227 3
228 2
230 1
232 2
233 2
234 1
235 2
236 1
237 4
239 1
240 3
242 2
244 1
249 3
252 1
253 2
254 2
260 1
261 1
262 4
263 3
265 1
266 1
271 1
274 2
275 1
276 1
277 2
279 1
282 2
283 1
286 2
287 1
289 2
290 1
291 1
294 1
295 1
296 1
297 1
298 1
300 2
305 1
306 1
307 3
308 2
309 1
310 2
312 2
315 3
317 1
321 1
324 1
325 2
327 2
329 1
330 1
333 1
334 1
336 1
342 1
344 1
346 1
347 1
351 1
353 1
354 1
358 1
359 1
362 1
367 2
368 2
369 1
371 2
372 1
376 1
379 1
380 1
382 2
383 1
385 2
387 2
389 1
390 1
392 1
400 1
402 1
405 1
406 1
407 1
409 2
411 1
414 2
415 1
417 1
419 1
425 1
427 1
428 1
432 1
435 1
436 1
437 1
438 1
442 1
445 2
451 1
454 1
459 1
464 2
472 1
474 1
481 1
485 1
488 1
493 1
497 1
498 1
503 1
507 1
508 1
511 1
514 1
518 3
519 2
532 1
548 1
553 1
556 1
558 1
559 1
560 1
562 1
568 1
569 1
573 2
574 1
579 1
580 1
582 1
589 1
591 1
594 1
595 1
596 1
600 1
606 2
607 2
610 1
613 2
615 2
618 1
619 1
622 1
624 1
629 1
633 1
634 2
636 1
643 1
667 1
675 1
676 1
683 1
686 1
687 1
691 1
692 1
696 1
706 1
710 1
711 1
730 1
732 1
733 1
735 1
738 1
749 1
755 1
764 1
785 2
787 1
794 1
800 1
804 1
828 2
846 1
872 1
901 1
902 1
905 1
907 1
936 1
946 1
981 1
1020 1
