100 3000 50
0 258469
1 4
2 13
3 14
4 33
5 30
6 36
7 26
8 19
9 19
10 20
11 16
12 10
13 10
14 7
15 7
16 8
17 3
18 6
19 6
20 2
21 5
22 1
23 3
24 2
27 5
29 4
30 3
31 3
32 3
33 2
34 2
35 1
36 1
37 1
39 3
41 2
43 1
44 1
45 2
46 1
48 1
50 2
52 3
53 1
56 1
59 1
64 1
68 1
71 1
73 2
75 2
76 1
89 1
90 1
96 1
101 3
102 1
104 1
108 2
110 2
115 1
117 1
121 2
122 1
124 1
131 1
133 2
135 1
139 1
141 2
142 1
144 1
154 1
163 1
164 1
165 1
172 1
182 1
192 1
193 1
194 1
195 1
201 2
207 1
215 1
223 1
225 1
227 2
235 1
236 2
241 1
242 1
247 1
257 2
261 1
263 1
265 1
290 2
293 2
294 2
296 1
304 1
307 2
316 2
325 1
331 1
338 1
339 1
341 1
345 1
354 1
361 1
364 1
368 1
373 1
387 1
392 1
398 1
411 1
419 1
421 2
425 1
428 1
436 1
438 1
439 1
443 1
445 1
458 1
459 1
474 1
491 1
499 1
510 3
514 1
516 1
560 1
561 1
565 1
566 1
572 1
581 1
587 1
588 1
593 2
594 1
595 1
596 1
606 1
613 1
619 1
636 1
642 1
662 1
669 1
673 1
674 1
675 1
678 1
679 1
688 1
690 1
693 1
702 1
716 1
717 1
723 2
732 1
736 1
742 1
747 3
751 1
755 1
769 1
770 1
771 1
773 1
783 1
786 2
791 2
793 2
797 2
802 2
803 1
804 1
805 1
807 1
809 1
813 1
818 1
819 1
820 3
823 1
827 1
828 1
830 2
835 1
839 1
840 1
841 1
842 1
843 2
844 1
847 1
856 1
860 2
864 1
866 2
870 1
873 1
874 1
877 1
878 1
879 1
881 1
882 1
886 1
887 1
888 1
892 1
893 2
894 1
896 1
899 2
902 1
906 1
907 2
911 1
914 1
917 1
918 1
921 2
923 1
924 1
926 1
927 1
929 1
931 1
932 1
936 1
938 1
944 1
946 1
948 1
949 1
950 1
954 2
955 1
957 2
967 1
975 1
979 1
982 1
985 1
994 1
999 1
1014 1
1032 1
1037 1
1038 1
1047 1
1048 1
1058 1
1064 1
1072 1
1076 1
1077 1
1080 1
1082 1
1087 1
1096 1
1098 1
1101 1
1102 1
1110 1
1120 1
1130 1
1133 1
1139 1
1140 1
1143 1
1145 2
1156 1
1157 2
1159 1
1160 1
1166 1
1169 1
1178 1
1181 2
1184 1
1185 1
1186 1
1193 1
1197 1
1200 1
1204 1
1207 1
1212 1
1213 1
1216 1
1217 1
1220 1
1232 1
1238 1
1241 1
1243 1
1247 1
1252 1
1264 2
1269 1
1278 2
1284 1
1287 1
1296 1
1297 1
1300 1
1302 1
1310 1
1315 1
1318 1
1319 1
1358 1
1359 1
1363 1
1365 1
1366 1
1367 1
1383 2
1385 1
1392 1
1409 2
1414 1
1423 2
1428 2
1434 2
1441 1
1445 1
1447 2
1449 1
1455 2
1459 1
1460 1
1462 1
1464 1
1466 1
1471 1
1475 1
1478 1
1481 1
1482 1
1487 1
1489 1
1495 1
1499 1
1501 1
1503 1
1506 1
1518 1
1520 1
1527 1
1535 1
1544 1
