100 3000 50
0 258276
1 23
2 43
3 41
4 68
5 56
6 61
7 43
8 26
9 25
10 20
11 12
12 8
13 10
14 8
15 4
16 2
17 7
18 2
19 3
20 3
21 2
22 4
23 2
25 1
26 2
27 5
28 3
29 1
30 2
31 2
33 1
34 1
36 2
37 1
38 1
39 1
41 2
44 1
45 1
47 1
48 1
50 2
51 1
54 2
60 2
61 1
63 1
64 1
65 3
66 2
72 1
73 2
75 2
77 1
78 1
82 1
85 2
89 1
91 2
93 1
94 1
96 1
101 2
106 1
111 1
112 1
113 1
114 1
120 1
122 3
123 2
126 1
128 1
131 1
132 1
136 1
138 1
140 1
148 1
150 1
152 1
153 1
154 1
155 1
166 1
172 1
173 1
175 1
182 1
196 1
197 1
203 1
218 1
221 1
224 1
227 1
228 2
233 1
237 1
242 1
243 1
248 1
249 1
250 1
255 1
261 2
263 1
264 1
265 1
267 1
273 1
278 1
279 1
283 1
289 1
293 1
295 2
303 1
304 2
306 1
312 1
314 1
318 1
319 1
323 1
324 1
330 1
331 1
338 1
342 1
347 1
362 1
367 1
370 1
374 1
378 1
381 1
383 2
385 2
395 1
396 1
399 1
406 1
412 2
413 1
416 1
423 1
428 1
440 1
445 1
450 2
454 1
460 1
462 1
475 1
484 1
490 1
493 1
494 1
496 1
497 1
498 1
500 1
503 1
520 1
521 1
523 1
533 1
541 1
547 1
549 1
553 2
561 1
564 1
569 1
573 1
578 1
584 1
589 1
590 1
593 1
598 1
603 1
604 1
611 1
620 1
622 1
623 1
652 1
656 2
657 2
665 1
676 1
681 1
686 1
694 2
697 1
701 1
705 1
715 1
716 1
717 1
720 2
723 2
734 3
738 1
746 1
748 1
753 1
755 1
759 1
763 1
765 1
771 1
774 1
778 1
779 1
780 2
782 1
783 2
786 2
789 1
791 1
793 1
799 1
800 1
804 1
806 2
814 1
825 1
827 1
829 1
832 1
835 1
836 2
842 2
844 1
849 2
850 1
851 2
852 2
854 1
856 1
858 1
860 1
862 1
863 1
864 2
866 2
870 1
874 2
875 2
877 1
878 1
880 2
887 1
889 1
891 1
896 1
897 1
899 1
902 1
905 4
912 1
914 1
915 2
919 1
920 1
925 1
927 1
932 1
934 1
943 3
944 2
946 1
951 1
954 2
958 2
960 1
967 1
971 1
974 1
975 1
981 1
1001 1
1008 1
1012 1
1014 1
1030 1
1040 2
1057 1
1073 1
1086 2
1099 1
1117 1
1118 2
1123 1
1128 1
1129 1
1153 1
1155 1
1156 3
1158 1
1167 1
1173 1
1174 2
1176 1
1181 1
1186 1
1187 1
1192 1
1197 1
1203 1
1207 2
1208 1
1220 1
1225 1
1227 1
1228 1
1233 2
1234 2
1250 2
1254 1
1261 1
1262 1
1263 1
1270 2
1272 1
1277 1
1279 1
1288 1
1297 1
1298 1
1300 1
1308 1
1313 1
1317 1
1324 2
1328 1
1330 1
1347 1
1354 1
1361 1
1367 1
1379 1
1387 1
1407 1
1427 1
1429 1
1434 2
1436 2
1439 1
1440 1
1441 1
1445 1
1446 2
1451 1
1452 1
1455 1
1457 1
1460 1
1467 1
1473 1
1475 2
1476 1
1482 1
1483 1
1484 1
1488 1
1489 1
1491 1
1493 1
1499 1
1503 1
1504 1
1512 1
1514 1
1521 1
