100 3000 50
0 258550
2 2
3 5
4 18
5 14
6 28
7 17
8 15
9 18
10 14
11 13
12 10
13 14
14 5
15 6
16 6
17 3
18 4
19 9
20 3
21 4
22 3
23 4
24 7
25 4
26 3
27 3
28 2
29 1
30 3
31 3
33 2
34 1
35 2
37 1
38 2
39 2
41 1
43 1
44 3
46 1
48 1
49 1
50 3
52 2
54 1
57 1
58 1
62 1
63 1
64 2
65 2
67 2
68 1
70 1
79 3
80 1
82 1
83 1
84 1
86 1
95 1
97 1
98 1
99 1
104 1
110 1
111 1
114 1
116 1
117 2
118 1
121 1
123 1
131 1
133 1
139 1
158 1
160 1
171 1
173 1
178 1
187 1
189 1
194 2
198 1
204 1
211 1
220 1
225 1
231 1
244 1
245 1
247 1
257 1
261 2
270 1
273 1
274 1
277 1
278 1
280 3
288 1
298 1
299 1
309 1
315 1
317 1
322 1
323 1
326 1
335 1
342 1
344 1
345 1
352 1
358 1
375 1
386 2
397 1
407 1
408 1
413 1
416 1
417 2
430 1
432 1
438 1
442 1
444 1
450 1
451 1
463 1
469 1
470 2
485 1
487 1
495 1
503 1
518 1
521 1
529 1
533 1
539 1
556 1
559 1
565 1
570 1
589 1
599 1
601 1
605 1
612 1
618 1
625 1
630 1
631 1
634 1
656 1
666 1
670 2
674 1
682 1
698 1
709 1
710 2
715 1
722 1
725 1
729 1
730 2
733 1
740 1
751 1
752 2
754 1
756 1
757 1
759 1
760 1
764 1
766 1
770 1
773 2
775 1
777 1
780 1
781 2
789 1
795 2
799 1
802 1
806 1
813 1
818 1
820 2
825 1
826 1
829 1
830 2
834 1
836 1
844 2
846 1
847 1
848 1
850 1
853 2
856 2
859 1
860 1
861 2
865 1
867 1
868 1
875 2
878 1
879 1
884 1
885 1
886 1
887 2
889 1
890 5
893 1
894 1
895 2
896 2
899 1
900 1
902 1
904 1
905 1
906 1
907 1
908 1
912 1
915 1
916 1
920 1
921 1
923 1
924 1
925 1
930 1
932 1
935 1
937 1
938 1
940 2
941 1
943 2
944 1
950 1
972 2
976 1
979 1
980 1
982 1
990 1
1007 1
1011 1
1016 1
1020 1
1034 1
1040 1
1063 1
1066 1
1070 1
1073 1
1076 1
1079 1
1083 1
1084 1
1094 1
1099 1
1111 1
1118 1
1123 1
1143 2
1149 1
1165 1
1170 1
1171 1
1184 2
1186 2
1187 1
1188 1
1189 1
1191 1
1201 2
1204 1
1207 2
1214 3
1221 1
1225 1
1236 2
1238 1
1240 1
1244 1
1247 2
1248 1
1250 2
1253 1
1257 1
1262 1
1277 1
1282 1
1288 1
1291 1
1292 1
1306 1
1307 1
1311 1
1317 1
1326 1
1329 1
1334 1
1339 1
1354 1
1358 1
1369 1
1371 1
1382 1
1395 1
1397 1
1398 1
1405 1
1406 1
1414 1
1415 1
1418 1
1421 1
1422 1
1426 1
1431 1
1433 1
1435 1
1436 1
1444 1
1454 1
1456 1
1457 1
1458 1
1460 1
1461 1
1462 1
1463 2
1466 1
1467 1
1475 1
1477 1
1478 1
1479 1
1482 2
1486 1
1492 1
1495 2
1501 1
1505 2
1513 1
1515 2
1547 1
