100 3000 50
0 258587
2 2
3 1
4 7
5 10
6 9
7 10
8 22
9 12
10 15
11 13
12 9
13 3
14 8
15 3
16 8
17 8
18 5
19 5
20 8
21 5
22 5
23 3
24 7
25 2
26 6
27 5
28 3
29 2
30 1
31 1
32 2
33 3
35 5
36 2
37 1
38 1
40 1
41 2
43 1
45 2
46 4
47 1
50 1
52 3
56 1
57 2
58 1
60 1
61 2
63 1
64 1
65 1
66 1
68 1
69 1
72 1
73 1
74 1
75 1
76 1
80 1
82 2
87 1
88 1
92 1
96 1
101 1
102 1
105 1
107 1
112 1
117 1
118 1
126 1
131 1
138 1
139 2
140 1
141 1
146 1
147 1
150 1
156 1
159 1
164 1
167 2
174 1
177 1
191 1
195 1
198 2
202 1
207 1
217 1
225 1
233 1
244 1
246 1
254 1
257 2
265 2
270 1
271 1
272 1
282 1
297 1
304 1
305 1
323 1
326 1
331 1
338 1
341 1
347 1
355 1
362 1
369 1
371 1
377 1
387 1
391 2
393 1
403 1
404 1
409 1
411 1
417 1
429 1
442 1
446 1
447 1
449 1
462 1
467 1
473 1
485 1
493 1
501 1
504 1
525 1
530 1
534 2
540 1
543 2
544 1
556 1
563 1
572 1
575 2
589 1
592 1
597 1
602 1
615 1
616 1
626 1
648 1
651 1
653 1
659 1
661 1
667 1
690 1
697 1
699 1
708 1
709 1
710 1
717 1
722 1
724 1
727 1
730 1
733 1
734 1
736 2
745 2
746 1
751 1
752 1
758 1
762 1
766 1
769 1
780 1
789 1
791 1
795 2
797 2
805 1
806 1
812 1
813 1
819 1
823 1
825 1
829 1
830 1
833 1
835 1
837 1
838 1
840 2
841 1
843 2
845 1
846 1
851 2
853 2
855 2
856 1
859 1
860 1
864 2
865 2
866 2
867 1
869 1
870 1
871 1
872 2
874 1
876 2
877 1
878 1
879 1
880 1
884 2
885 1
888 1
889 1
894 2
896 1
900 1
902 2
905 1
908 1
912 1
914 1
916 3
920 1
924 1
925 1
927 1
929 3
939 2
943 1
946 2
953 1
955 2
956 1
958 1
962 1
964 1
967 1
972 1
976 1
980 1
1011 1
1015 1
1029 1
1032 1
1035 1
1050 1
1052 1
1064 1
1078 1
1079 1
1087 1
1091 2
1109 1
1111 1
1112 1
1114 1
1119 1
1130 1
1133 1
1134 1
1138 2
1139 1
1142 1
1144 1
1149 1
1152 1
1157 1
1159 1
1160 1
1161 1
1163 1
1178 1
1182 2
1187 1
1194 2
1196 1
1207 1
1209 1
1210 1
1227 1
1232 2
1236 2
1240 1
1243 1
1246 1
1247 1
1255 2
1259 2
1263 1
1265 1
1266 1
1278 1
1285 1
1287 1
1293 1
1300 1
1302 1
1308 1
1330 1
1352 1
1353 1
1355 2
1356 1
1357 1
1360 1
1364 1
1380 1
1386 1
1387 1
1395 1
1403 1
1405 1
1407 1
1411 1
1413 1
1418 2
1422 1
1424 1
1425 1
1433 1
1434 1
1450 1
1454 1
1456 2
1458 2
1459 2
1464 1
1465 1
1466 1
1471 1
1473 1
1475 1
1476 1
1479 2
1481 1
1486 2
1490 1
1493 1
1495 1
1496 1
1498 1
1503 1
1504 1
1525 1
1529 1
