100 3000 50
0 258568
3 5
4 13
5 8
6 19
7 17
8 16
9 13
10 21
11 14
12 10
13 10
14 9
15 11
16 4
17 2
18 4
19 4
20 8
21 6
22 1
23 6
24 2
25 3
26 3
27 1
28 1
29 2
30 1
31 5
32 2
33 2
34 1
35 2
37 3
39 1
40 1
41 3
42 2
43 1
44 1
45 1
46 3
47 1
48 1
49 1
52 1
53 2
54 2
57 1
61 1
62 2
66 1
69 1
72 2
73 3
74 1
76 1
77 1
79 1
81 1
84 1
85 1
90 1
91 1
92 1
100 1
103 1
104 2
109 1
114 1
115 1
123 2
126 1
130 1
132 1
139 1
141 2
142 1
144 1
149 1
155 1
168 1
169 1
172 1
175 1
180 1
185 1
188 1
197 1
199 1
215 1
223 1
231 1
239 1
241 1
246 1
249 1
256 1
265 1
279 1
286 1
291 2
294 1
304 1
309 1
311 2
319 1
323 1
332 1
339 1
343 1
348 1
350 1
353 1
355 1
362 1
363 1
373 2
377 1
383 1
395 1
396 2
399 1
405 2
412 1
415 1
429 1
432 1
439 1
454 1
461 1
462 1
465 1
470 1
476 2
477 1
480 1
497 1
506 1
507 1
511 1
528 1
542 1
546 1
569 1
572 1
573 1
576 1
598 1
606 1
610 1
623 1
624 1
629 2
637 1
641 1
657 1
663 1
680 1
684 2
686 2
694 1
695 1
697 1
698 1
701 1
703 1
713 1
714 1
716 1
724 1
737 1
738 1
743 1
745 1
755 1
759 1
761 1
764 1
776 1
777 1
788 1
791 1
793 1
795 2
799 1
800 1
806 1
807 1
809 1
811 1
818 1
823 2
825 1
827 1
829 1
830 2
831 1
833 1
834 1
836 2
840 3
841 1
842 3
845 1
846 2
847 1
849 1
851 1
854 1
856 1
858 1
860 1
861 1
865 3
868 1
869 1
872 1
875 1
877 1
878 1
888 2
890 2
891 1
893 2
899 1
900 1
902 1
904 1
905 1
907 1
908 1
909 1
911 1
912 2
917 1
918 1
921 1
924 1
925 1
930 1
932 1
934 1
937 2
939 1
942 1
944 1
946 1
947 2
949 1
955 1
957 1
958 1
959 1
962 1
964 1
970 1
987 1
1001 1
1003 1
1004 1
1008 1
1031 2
1035 1
1037 1
1043 1
1047 1
1052 1
1057 1
1060 1
1067 1
1079 1
1081 1
1089 1
1096 1
1101 1
1111 1
1115 1
1123 1
1126 1
1127 1
1129 1
1134 1
1137 1
1141 1
1153 1
1154 1
1156 1
1158 1
1159 1
1165 2
1170 1
1186 1
1187 1
1190 2
1194 1
1198 1
1203 2
1205 1
1206 1
1216 2
1223 1
1224 1
1226 1
1232 1
1241 1
1249 1
1251 1
1255 1
1261 1
1262 1
1270 2
1271 1
1278 1
1283 1
1284 1
1286 1
1300 1
1307 1
1315 1
1317 1
1318 1
1325 1
1336 1
1342 1
1365 1
1371 1
1381 2
1391 1
1395 1
1401 1
1407 1
1408 1
1415 1
1417 1
1418 1
1419 1
1425 1
1432 1
1433 1
1435 1
1437 1
1442 1
1445 2
1448 1
1449 1
1451 1
1453 2
1455 1
1463 1
1464 1
1465 2
1466 1
1470 2
1473 1
1478 1
1479 2
1482 1
1483 1
1485 2
1488 1
1490 1
1502 1
1507 1
1508 1
1510 1
1516 1
1529 1
