100 3000 50
0 258125
1 36
2 66
3 90
4 85
5 65
6 57
7 57
8 36
9 22
10 14
11 13
12 11
13 6
14 4
15 5
16 10
17 3
18 4
19 6
20 3
21 3
22 4
23 2
24 4
25 4
27 2
28 2
29 2
30 4
31 2
32 1
33 2
34 3
35 2
36 1
37 3
39 1
40 3
44 1
46 2
47 1
52 1
56 2
57 2
63 2
64 1
66 2
67 1
72 1
75 1
78 1
80 4
82 1
83 1
84 1
85 1
87 2
88 1
91 1
92 1
96 2
97 1
102 1
106 1
107 1
108 1
114 1
117 1
118 1
120 1
121 1
130 1
132 1
134 1
135 2
136 1
138 1
139 1
140 1
149 1
152 1
154 1
155 1
156 2
159 1
163 1
164 1
165 1
166 1
167 2
173 1
178 1
186 1
191 1
203 1
208 1
210 1
211 2
223 1
230 1
234 1
235 1
241 1
243 1
245 1
249 1
250 1
253 1
254 1
258 1
261 1
273 1
275 1
277 1
278 1
286 2
289 1
290 1
291 1
293 1
298 1
299 1
300 1
302 2
303 1
304 2
307 2
313 1
315 1
319 1
323 1
334 1
336 1
337 1
338 1
340 1
341 1
351 1
352 2
356 1
367 1
369 1
379 1
380 1
384 1
387 1
389 1
399 2
403 1
408 1
416 1
418 1
420 1
422 1
425 2
430 1
431 1
434 1
440 1
445 1
451 1
454 1
466 1
467 2
472 1
484 1
487 1
489 1
490 1
492 1
496 1
503 1
504 1
505 1
507 1
513 1
515 1
516 2
517 1
520 1
525 1
528 1
531 2
535 1
536 1
537 1
555 1
559 1
560 1
578 1
587 1
589 1
593 1
595 1
611 1
613 1
615 1
625 1
626 1
630 2
633 1
636 1
639 1
640 1
642 1
643 1
645 1
650 1
653 1
661 1
662 1
663 1
665 1
681 2
682 1
685 1
688 1
689 1
692 1
700 2
701 1
709 1
714 1
717 1
720 1
724 1
729 1
734 1
744 1
745 2
747 2
753 1
757 1
758 1
759 1
761 1
768 1
769 1
770 1
771 1
776 1
784 1
787 1
788 1
792 1
793 1
795 1
796 1
797 1
806 1
807 2
811 1
814 1
819 3
822 1
826 1
828 2
829 1
831 3
836 1
844 2
845 1
851 2
852 1
853 1
855 1
856 2
862 1
865 2
867 1
869 1
871 1
872 2
876 1
877 2
879 1
881 1
884 1
885 1
886 3
889 1
895 1
899 1
904 1
906 2
908 1
909 1
910 1
911 1
914 1
921 1
928 2
934 1
937 1
938 2
939 2
943 2
952 1
958 1
965 1
967 1
970 1
982 3
999 1
1007 1
1008 1
1014 1
1021 2
1062 2
1074 1
1077 1
1079 1
1092 1
1097 1
1119 1
1120 1
1123 1
1128 1
1135 1
1136 1
1147 1
1149 1
1150 1
1155 1
1160 1
1171 1
1176 2
1183 1
1194 1
1199 2
1206 1
1207 1
1208 1
1209 2
1213 1
1218 1
1220 1
1224 1
1229 1
1231 2
1232 3
1237 1
1238 1
1240 1
1250 1
1255 1
1258 1
1261 1
1278 1
1285 1
1290 1
1296 1
1297 1
1300 1
1301 1
1305 1
1307 1
1308 1
1314 1
1316 1
1318 1
1336 1
1343 1
1367 1
1372 1
1382 1
1390 1
1393 1
1403 1
1411 1
1419 1
1421 2
1424 1
1427 1
1433 1
1434 1
1439 1
1442 2
1447 1
1459 1
1460 1
1461 1
1462 1
1463 1
1465 1
1466 1
1469 1
1471 1
1473 1
1479 1
1481 1
1495 1
1496 1
1498 1
1502 2
1507 1
1509 1
1534 1
