100 3000 50
0 258363
1 10
2 24
3 43
4 40
5 42
6 45
7 31
8 24
9 24
10 13
11 22
12 17
13 10
14 5
15 9
16 4
17 6
18 6
19 5
20 7
21 2
22 4
23 3
25 4
26 3
27 3
28 3
29 2
31 2
32 1
33 1
35 2
36 1
37 1
39 1
41 1
42 1
43 1
45 1
46 1
48 1
49 1
50 1
51 1
52 1
55 3
57 1
67 1
68 1
70 1
73 1
74 2
76 1
79 1
80 1
85 1
86 2
87 2
89 1
91 1
95 1
96 1
101 1
104 2
105 1
106 1
107 2
109 1
115 2
121 1
123 1
124 1
125 1
128 2
132 1
136 1
140 1
141 3
143 2
146 1
159 2
163 2
171 1
172 1
179 1
194 1
200 1
208 1
216 1
219 1
220 1
235 1
236 1
244 1
250 1
258 1
267 1
269 1
271 1
273 2
276 2
278 1
284 2
291 1
295 2
296 2
305 1
306 1
310 1
324 1
325 1
327 1
328 1
330 2
334 1
341 1
352 1
354 1
355 2
359 1
360 1
361 1
370 1
373 2
374 1
377 1
378 2
388 2
391 1
392 1
395 2
397 1
398 1
406 1
408 1
417 1
418 1
422 1
427 1
436 1
442 1
457 1
467 1
473 1
477 1
484 1
498 1
516 1
522 1
527 1
544 1
545 1
549 1
554 1
569 1
579 1
581 1
582 1
587 1
589 1
592 1
593 1
596 1
597 1
610 1
612 1
615 1
630 2
636 1
646 1
648 1
651 1
654 1
657 1
660 1
662 1
667 1
668 1
670 2
674 1
680 1
686 1
694 1
698 1
701 1
704 1
707 1
713 1
716 1
721 1
726 1
732 1
733 3
765 1
767 1
770 1
775 1
776 1
779 1
785 2
786 1
789 1
792 1
795 1
796 1
797 1
799 1
804 2
805 1
807 1
812 1
814 1
815 1
820 1
823 1
825 1
830 1
831 1
832 2
833 1
834 1
835 2
836 1
842 1
844 1
845 3
848 1
851 1
855 1
857 1
860 1
865 1
866 1
867 2
871 1
873 1
875 1
876 2
877 1
879 2
880 1
881 1
884 1
885 2
889 1
892 2
894 3
897 1
899 1
901 2
902 1
904 1
907 2
908 1
913 2
914 1
917 2
919 2
928 1
929 1
930 1
937 1
939 1
941 2
942 1
944 1
948 1
953 1
955 1
961 1
964 1
978 1
984 1
988 1
990 1
996 2
1004 1
1011 1
1017 1
1025 1
1035 2
1041 1
1047 1
1048 1
1080 1
1094 1
1101 1
1124 1
1127 1
1133 1
1135 1
1137 1
1146 1
1148 1
1151 1
1153 1
1157 1
1158 2
1164 1
1171 1
1172 1
1173 1
1174 1
1178 1
1180 1
1182 2
1184 2
1186 2
1194 1
1198 2
1214 1
1220 1
1222 1
1224 1
1225 1
1230 1
1239 1
1243 1
1246 1
1248 1
1251 1
1254 1
1265 2
1267 2
1278 2
1302 1
1306 1
1307 1
1311 1
1331 1
1335 1
1338 1
1345 2
1370 1
1371 1
1374 1
1377 1
1379 1
1391 1
1411 1
1414 1
1415 1
1420 1
1422 1
1425 1
1426 1
1432 1
1434 1
1437 1
1438 1
1448 1
1451 1
1452 1
1453 1
1455 1
1456 1
1459 1
1461 1
1462 1
1463 1
1464 1
1466 1
1467 1
1471 2
1472 1
1474 1
1482 1
1483 1
1486 2
1490 1
1497 1
1509 1
1510 1
1518 1
1531 1
