100 3000 50
0 257752
1 111
2 149
3 161
4 134
5 87
6 74
7 44
8 30
9 29
10 19
11 10
12 11
13 14
14 3
15 3
16 7
17 4
18 5
19 6
20 4
21 4
22 6
23 4
24 2
25 3
26 6
27 2
28 2
29 3
30 6
31 1
32 1
34 2
35 2
36 3
37 1
38 1
39 1
40 1
41 1
42 1
46 3
47 1
48 1
49 1
50 1
52 2
53 1
54 1
55 2
56 1
57 2
58 2
61 1
62 1
63 2
64 1
65 1
66 2
67 1
69 2
71 2
72 1
73 1
76 1
77 1
78 1
79 2
88 1
90 2
91 1
92 2
95 2
96 2
98 1
100 1
104 1
105 2
106 2
109 1
110 1
111 1
112 1
114 1
115 1
119 1
121 1
122 1
125 1
127 1
128 3
132 2
133 1
134 2
135 1
136 1
137 2
138 1
141 1
144 2
146 1
152 1
156 1
158 3
159 1
160 1
162 2
164 1
165 1
166 1
168 3
170 1
173 1
176 1
178 1
179 1
181 1
185 2
187 1
188 2
189 1
191 1
192 1
194 2
201 1
203 1
204 1
205 1
207 1
208 1
212 1
215 1
216 1
223 1
228 1
230 1
231 1
233 1
234 1
238 1
244 1
248 1
253 1
255 1
257 1
262 1
263 2
267 2
268 1
269 2
275 1
281 1
284 2
285 1
291 1
298 1
304 1
310 3
315 1
316 1
317 1
321 1
323 1
324 1
327 1
332 2
340 2
342 1
348 1
358 1
378 1
379 2
381 1
386 1
387 1
388 1
392 1
397 2
402 1
405 1
406 1
408 1
409 1
414 1
416 1
424 1
425 1
434 1
435 1
436 2
440 1
444 1
445 1
446 1
449 1
457 1
460 1
464 1
465 1
470 1
478 1
480 2
484 1
487 1
491 1
495 2
497 1
498 1
499 1
501 1
507 1
511 2
515 1
518 1
519 1
525 1
530 1
532 1
535 1
537 1
539 1
542 1
543 1
549 1
552 1
560 1
562 1
566 1
572 1
575 2
579 1
580 2
586 1
589 2
591 1
594 1
598 1
600 1
601 1
602 1
604 1
605 1
607 1
614 2
631 1
637 1
639 1
641 1
647 2
648 2
657 1
658 1
660 1
666 1
667 1
671 1
679 1
682 1
685 1
687 1
689 1
695 1
711 1
713 1
718 1
730 2
733 1
739 1
741 2
745 1
749 2
758 1
759 1
766 2
767 3
770 1
771 1
777 1
778 1
779 2
780 2
781 2
784 1
793 1
804 3
806 1
810 2
814 1
816 2
818 2
820 1
822 1
824 1
829 3
832 1
835 1
836 1
838 1
848 1
849 1
852 1
855 1
856 1
857 1
859 2
860 1
865 2
867 1
870 1
871 1
876 2
880 1
881 1
882 1
885 2
886 3
889 1
891 1
895 1
897 1
902 3
903 1
907 1
909 1
915 1
921 1
922 1
923 1
927 1
930 1
935 1
936 1
937 1
938 1
940 1
944 1
966 1
970 1
973 1
983 1
990 1
997 1
1000 1
1009 1
1023 1
1034 1
1035 1
1039 1
1041 1
1046 1
1058 1
1060 1
1083 1
1089 1
1093 1
1110 1
1112 1
1113 1
1117 1
1121 1
1122 1
1126 1
1128 1
1131 2
1148 2
1150 1
1156 1
1158 1
1167 1
1171 2
1173 2
1175 2
1184 2
1188 1
1199 1
1200 1
1208 1
1230 1
1245 1
1248 1
1250 2
1252 1
1253 1
1254 1
1260 1
1262 1
1263 1
1266 1
1275 1
1276 1
1280 1
1292 1
1293 1
1295 1
1296 1
1301 1
1319 1
1322 1
1325 1
1329 3
1347 1
1355 1
1360 1
1371 1
1380 1
1385 1
1391 1
1408 1
1413 1
1422 1
1435 2
1443 1
1444 1
1447 1
1451 1
1452 2
1460 1
1462 1
1465 1
1473 1
1476 1
1477 1
1485 1
1488 1
1489 1
1495 1
1503 1
1506 1
1514 1
