100 3000 50
0 258556
1 2
2 2
3 10
4 12
5 18
6 14
7 18
8 23
9 16
10 16
11 3
12 12
13 13
14 6
15 10
16 5
17 5
18 6
19 6
20 1
21 5
22 6
23 3
24 2
25 2
26 1
27 3
28 3
29 3
30 2
31 2
32 2
33 3
34 2
36 1
37 2
38 1
40 2
41 1
43 1
45 2
47 2
49 1
50 3
51 3
52 2
53 2
54 1
57 1
59 1
63 1
64 2
66 1
67 1
68 1
69 1
70 1
72 2
77 1
79 1
80 1
85 1
88 1
89 1
91 1
93 1
97 1
101 2
106 3
108 1
110 1
117 1
119 1
129 1
132 1
141 2
142 1
146 1
153 1
154 1
160 2
174 1
175 1
178 1
179 1
184 1
191 1
197 2
201 1
222 1
223 1
234 1
244 1
245 3
251 1
252 1
254 1
255 1
268 1
272 1
276 1
284 1
285 1
290 1
292 1
299 1
302 1
317 1
322 1
324 1
329 1
333 1
334 1
335 1
337 1
352 1
354 1
369 1
372 1
373 1
381 1
385 2
386 1
387 1
392 1
393 2
402 1
408 1
414 1
433 1
434 1
442 1
450 1
465 1
475 1
478 1
491 1
495 1
526 1
528 1
532 1
556 1
560 1
561 1
566 1
568 1
574 1
580 1
583 1
587 1
590 1
592 1
598 1
619 1
631 2
637 1
642 1
645 1
648 1
670 1
683 1
691 1
696 1
697 1
698 1
699 2
707 3
713 1
714 1
718 1
719 1
720 1
725 1
728 1
732 1
741 1
744 1
753 1
754 1
757 1
768 1
769 2
778 1
779 2
784 1
785 1
786 1
790 1
794 1
798 1
800 1
801 1
810 1
813 1
815 1
816 1
824 1
825 1
826 1
829 1
832 2
834 1
835 2
838 1
839 2
840 1
842 1
843 1
846 1
848 1
853 1
854 2
859 1
861 1
862 3
865 1
875 1
877 1
880 2
881 2
882 2
884 2
888 2
891 1
892 1
894 1
895 1
899 1
900 1
901 4
904 1
905 1
906 1
907 1
912 1
913 1
915 2
916 1
917 1
918 1
925 1
926 1
927 1
930 1
931 2
941 2
944 1
949 1
950 1
955 3
959 1
963 1
971 1
972 1
973 1
976 1
985 1
986 1
1008 1
1009 1
1016 1
1017 1
1034 1
1047 1
1048 1
1063 1
1067 1
1070 1
1077 1
1084 1
1087 1
1094 1
1098 1
1104 1
1106 1
1119 1
1140 1
1141 2
1143 1
1147 1
1150 1
1152 1
1153 1
1156 1
1158 1
1160 2
1166 1
1168 1
1169 1
1177 1
1179 1
1185 1
1187 1
1190 1
1191 1
1196 1
1201 1
1208 1
1225 2
1231 1
1232 1
1233 1
1235 1
1236 2
1237 1
1249 1
1252 1
1253 2
1255 1
1268 1
1269 1
1274 1
1284 1
1295 1
1296 1
1317 1
1320 1
1321 1
1345 1
1348 1
1352 1
1363 2
1364 1
1365 1
1371 1
1382 1
1383 1
1384 1
1386 1
1387 1
1388 1
1395 1
1400 1
1422 1
1423 1
1426 2
1429 2
1430 1
1434 1
1435 1
1439 1
1442 1
1444 1
1446 1
1456 1
1460 1
1463 2
1465 1
1466 2
1469 1
1470 1
1471 1
1473 1
1476 1
1478 1
1479 1
1484 2
1492 1
1494 1
1495 1
1497 1
1500 1
1502 1
1506 1
1507 1
1508 1
1522 1
