100 3000 50
0 258584
2 3
3 5
4 7
5 10
6 7
7 16
8 19
9 15
10 13
11 7
12 10
13 9
14 5
15 8
16 5
17 8
18 9
19 2
20 7
21 6
22 7
23 5
24 1
25 3
26 2
27 2
28 3
29 1
30 3
31 2
32 4
33 2
35 2
36 1
37 3
38 1
39 1
40 2
41 2
42 1
43 3
44 1
45 3
48 2
49 2
54 1
56 1
58 1
59 1
60 1
61 1
62 2
63 1
65 1
66 1
67 1
71 2
72 2
73 1
75 2
76 1
77 1
83 1
85 1
86 1
88 1
89 1
100 2
101 1
102 1
105 1
111 1
114 3
124 1
135 2
137 1
145 1
153 2
155 1
162 1
165 1
173 1
178 1
179 1
180 1
181 1
183 1
190 1
191 1
199 1
200 1
202 1
204 1
209 1
218 1
222 1
231 1
235 1
247 1
251 1
272 1
288 1
292 1
300 1
306 1
308 1
314 1
318 1
323 1
329 1
331 1
335 1
340 1
341 1
342 1
353 1
358 1
359 1
364 1
366 1
372 1
393 1
395 1
403 1
406 2
407 1
424 1
426 1
430 1
435 1
436 1
441 1
447 1
458 1
460 1
468 1
490 1
493 1
497 1
498 1
508 1
515 1
517 1
534 1
542 1
545 1
546 1
550 1
551 1
568 1
569 1
583 1
587 1
601 1
605 1
609 1
620 1
633 1
636 1
643 1
664 1
665 2
666 1
667 1
676 1
677 1
683 1
687 1
689 2
691 1
694 1
703 1
704 1
705 1
706 1
715 1
723 1
739 1
745 1
753 1
754 1
755 1
774 1
775 2
777 1
781 1
782 1
783 1
784 1
785 2
790 1
791 2
797 1
804 1
811 2
818 2
819 1
820 1
822 2
824 1
831 1
835 1
836 1
839 1
840 2
843 1
844 1
845 1
846 1
847 2
849 1
852 2
855 1
859 1
862 2
866 1
867 1
868 1
870 2
872 2
875 1
879 1
882 1
883 1
884 1
890 1
892 1
893 2
895 1
896 1
898 2
899 2
907 1
909 1
911 2
914 1
925 1
926 2
927 1
928 2
929 1
930 1
934 3
942 1
943 1
946 2
948 1
950 1
951 2
953 1
962 1
971 2
976 1
989 1
990 1
991 1
994 1
995 1
1000 1
1002 1
1003 1
1026 1
1030 1
1031 1
1033 1
1049 1
1056 1
1062 1
1064 1
1066 1
1069 1
1081 1
1095 1
1098 2
1102 1
1109 1
1110 2
1112 1
1113 1
1126 1
1136 1
1142 1
1143 2
1144 1
1147 1
1154 4
1159 1
1168 1
1182 1
1183 1
1189 1
1191 1
1194 1
1199 1
1204 2
1207 1
1208 1
1220 2
1223 1
1242 1
1248 1
1265 1
1267 1
1269 1
1270 1
1272 1
1274 1
1285 1
1294 2
1295 1
1298 1
1299 1
1304 1
1307 1
1312 1
1314 2
1329 1
1330 1
1337 1
1353 1
1360 1
1374 1
1376 1
1377 1
1392 1
1393 1
1394 1
1395 1
1401 1
1403 1
1406 1
1407 1
1415 1
1420 1
1421 1
1424 2
1427 1
1429 1
1430 2
1432 1
1449 1
1450 1
1452 2
1460 1
1461 1
1462 1
1468 1
1469 1
1471 1
1474 2
1475 1
1476 1
1478 1
1481 1
1483 2
1488 1
1490 1
1501 1
1502 2
1506 1
1517 1
1526 1
1530 1
1531 1
