100 3000 50
0 255915
1 694
2 631
3 386
4 220
5 135
6 101
7 50
8 45
9 37
10 28
11 25
12 25
13 27
14 21
15 9
16 13
17 19
18 5
19 9
20 15
21 12
22 7
23 9
24 8
25 5
26 7
27 4
28 8
29 8
30 4
31 4
32 6
33 6
34 2
35 5
36 5
37 4
38 1
39 9
40 3
41 4
42 7
43 3
44 2
45 4
46 4
47 3
49 3
50 2
51 2
52 1
53 3
54 4
55 3
56 5
57 3
58 2
59 2
60 2
61 2
62 4
63 2
65 3
66 4
67 2
68 3
69 2
70 1
71 2
72 3
73 2
74 1
75 5
76 2
77 2
78 2
79 5
81 3
83 2
84 2
85 4
86 1
87 3
89 2
90 4
91 3
93 1
94 5
95 3
96 3
97 1
98 4
99 3
100 1
101 1
102 2
103 1
104 2
105 1
106 1
107 1
108 2
111 4
112 1
114 3
115 1
118 3
119 2
120 3
122 1
126 3
128 1
129 2
130 1
131 2
132 1
133 1
136 1
137 2
138 2
139 1
140 2
141 1
142 2
144 2
146 3
148 2
149 2
150 3
153 1
154 1
155 2
156 3
157 1
158 1
159 2
161 1
162 1
165 4
166 1
171 2
173 2
174 3
176 1
178 1
180 1
181 1
183 1
184 1
185 1
186 1
187 2
188 1
189 3
192 2
194 4
195 1
196 1
197 1
198 3
199 2
202 1
204 2
205 1
210 1
211 1
214 1
219 1
222 1
223 1
224 2
226 1
227 2
231 1
232 2
233 1
236 1
237 1
239 2
240 1
243 1
245 1
249 1
250 1
251 1
255 3
256 2
257 1
259 1
261 1
271 1
275 2
277 4
278 1
281 1
282 2
285 3
286 1
288 2
290 1
291 1
292 2
294 1
295 2
298 1
299 1
300 1
301 2
304 1
309 1
311 1
312 2
314 1
316 1
322 1
325 1
327 1
332 2
334 1
335 1
336 2
337 1
341 2
343 1
344 2
347 1
353 1
356 1
360 1
361 1
362 2
365 1
366 1
371 1
373 1
374 1
377 3
382 2
386 2
389 1
390 1
391 1
393 1
394 1
402 1
405 2
416 1
424 1
425 1
426 1
430 1
431 1
436 2
439 1
442 2
443 1
445 1
448 1
453 1
457 2
459 1
462 1
463 2
464 1
465 2
468 1
469 1
478 1
483 1
484 1
485 1
493 1
496 1
498 1
501 1
502 1
505 1
517 2
519 1
522 1
524 1
526 1
527 1
528 1
530 1
531 1
539 1
541 2
542 1
554 1
561 1
562 1
563 1
566 2
567 1
571 1
572 1
575 1
578 1
581 1
582 1
583 1
586 1
587 1
591 2
592 1
593 1
596 1
607 2
608 3
612 1
613 2
621 1
622 2
623 1
626 1
633 2
637 1
640 1
646 1
651 2
656 1
658 2
668 1
671 1
672 1
674 2
676 1
681 1
683 1
694 1
696 2
697 1
698 1
700 1
701 1
702 1
703 2
717 1
718 1
720 1
725 1
728 1
735 1
736 1
737 1
739 1
740 1
746 1
747 1
748 1
749 1
754 1
757 2
758 1
763 1
765 1
767 1
770 1
773 1
774 1
785 1
787 2
788 1
790 1
800 2
801 1
802 1
803 1
814 2
816 3
822 1
825 2
833 1
835 1
837 1
839 1
840 1
842 1
845 1
846 1
852 1
853 2
859 1
862 1
867 1
868 1
876 1
877 2
878 1
881 1
886 1
887 1
889 2
891 1
893 1
902 1
905 1
906 1
908 1
913 1
917 1
923 1
934 1
935 1
937 1
940 1
945 1
948 1
950 1
955 2
958 1
960 1
968 1
970 1
972 1
978 2
983 1
984 1
987 1
1003 1
1013 1
1015 1
1026 1
1031 1
1033 1
1054 1
1055 1
1061 1
1062 1
1068 3
1071 1
1084 1
1092 1
1097 1
1102 1
1109 2
1114 1
1115 1
1119 1
1127 1
1135 1
1141 1
1144 1
1153 1
1157 2
1170 1
1173 1
1175 1
1177 1
1186 1
1189 1
1194 2
1198 1
1207 1
1221 1
1222 1
1225 1
1231 1
1234 1
1236 1
1249 1
1251 1
1263 1
1268 1
1272 1
1278 1
1311 1
1328 1
1351 2
1355 1
1368 1
1377 1
1379 1
1385 1
1394 1
1399 1
1440 1
1441 1
1445 1
1455 1
1464 1
1476 1
