100 3000 50
0 258490
1 2
2 11
3 17
4 21
5 33
6 30
7 19
8 21
9 18
10 16
11 17
12 16
13 9
14 9
15 6
16 9
17 5
18 4
19 4
20 4
22 2
23 4
24 2
25 2
26 4
27 7
28 3
29 3
31 1
32 2
33 3
34 3
36 2
38 4
41 1
42 1
43 1
46 1
48 1
50 2
52 1
53 1
55 1
57 1
61 2
63 1
66 1
69 1
76 2
77 2
78 1
79 1
82 1
86 1
89 1
91 1
95 2
97 2
106 2
109 2
113 1
116 1
121 2
122 1
123 1
130 1
134 2
136 1
146 1
149 1
152 1
153 1
160 1
161 1
163 1
166 1
169 1
177 1
184 1
194 2
200 1
201 1
204 1
213 1
216 1
217 1
220 1
221 1
231 1
232 1
243 1
248 1
254 1
257 1
266 1
267 1
268 1
271 1
273 1
276 1
292 1
298 1
299 2
303 1
306 1
310 2
311 1
313 1
316 1
319 1
335 1
337 1
340 1
341 1
347 2
357 1
361 1
362 1
375 1
394 1
395 1
400 1
404 1
416 1
419 1
421 1
437 1
439 1
441 1
444 1
456 1
462 1
469 1
483 2
484 1
501 1
507 1
508 1
515 1
517 1
534 1
535 1
539 1
548 1
558 1
559 1
578 1
580 1
581 1
589 1
621 1
626 2
631 1
649 1
653 1
658 1
665 1
673 1
681 1
682 1
690 1
696 1
699 1
702 1
703 1
708 1
710 1
717 2
725 1
728 1
738 2
739 1
740 1
745 1
746 1
756 1
758 2
760 1
764 1
765 1
766 1
768 2
771 1
774 1
778 1
788 1
791 2
792 1
799 1
800 1
807 1
809 1
812 1
813 1
819 1
821 1
823 3
824 1
826 1
830 1
831 1
834 1
835 1
840 1
844 1
846 2
847 2
852 3
854 1
855 1
857 1
861 1
865 1
867 1
868 1
869 1
871 1
874 1
876 1
883 1
887 1
889 1
893 1
894 2
896 1
898 1
899 4
900 1
901 1
902 1
905 1
907 1
908 1
909 1
911 1
912 1
914 1
916 1
921 1
923 1
927 2
930 2
933 1
936 1
940 1
942 1
945 1
947 2
948 1
951 1
952 1
953 1
954 1
956 2
962 1
968 1
974 1
978 1
979 1
980 1
991 1
993 1
1001 2
1004 1
1007 1
1022 1
1032 1
1046 1
1051 1
1055 1
1061 1
1071 1
1075 1
1081 1
1108 1
1121 1
1126 1
1129 1
1130 1
1148 1
1151 1
1166 1
1170 1
1172 1
1175 1
1177 1
1184 1
1186 1
1189 2
1190 1
1195 1
1202 1
1203 1
1208 1
1210 1
1211 2
1214 1
1216 1
1220 1
1221 1
1225 1
1227 1
1229 1
1236 1
1238 1
1245 1
1247 1
1248 3
1257 1
1262 1
1266 1
1270 1
1273 1
1274 1
1284 1
1286 1
1292 1
1302 1
1304 1
1306 1
1311 1
1312 1
1313 1
1315 1
1326 1
1329 1
1333 1
1340 1
1348 1
1350 1
1353 1
1357 1
1358 1
1360 1
1373 1
1384 1
1394 1
1398 1
1417 1
1418 1
1430 1
1436 1
1439 1
1440 1
1443 2
1446 1
1448 2
1454 3
1461 3
1466 1
1467 1
1470 1
1471 1
1474 1
1476 1
1478 1
1481 2
1482 1
1487 2
1493 2
1495 1
1497 1
1501 1
1507 1
1517 1
1524 1
