100 3000 50
0 258591
3 5
4 6
5 11
6 11
7 11
8 9
9 13
10 16
11 17
12 11
13 8
14 9
15 6
16 9
17 4
18 2
19 2
20 4
21 4
23 6
24 4
25 7
26 3
27 2
28 3
29 6
30 4
32 3
33 4
34 1
36 3
37 1
39 2
40 3
42 1
43 2
44 1
46 1
47 1
48 3
49 1
50 1
52 1
55 1
56 1
57 3
58 1
59 1
60 1
62 1
63 2
64 2
67 1
70 1
75 1
79 2
80 1
81 1
82 2
89 3
90 1
92 1
93 1
94 2
99 1
101 1
106 1
108 1
116 1
126 2
143 1
149 1
157 1
160 1
165 1
167 1
170 1
175 2
176 1
179 1
180 1
183 1
195 1
203 1
205 1
206 1
207 1
209 3
211 1
213 1
214 1
217 1
224 1
264 1
273 1
276 1
290 1
293 2
307 1
313 1
314 1
316 1
318 1
325 1
334 2
339 1
354 1
357 2
361 2
368 1
370 1
377 1
383 1
404 1
406 1
408 1
412 1
421 1
428 1
444 1
453 1
455 2
465 1
476 2
480 1
482 1
518 1
521 1
523 1
527 1
529 1
536 1
542 1
544 1
546 1
552 1
557 1
571 1
582 1
588 1
592 1
594 1
596 1
604 1
608 1
626 1
635 1
646 1
647 1
648 1
660 1
662 3
664 2
677 1
678 1
682 1
691 1
695 1
708 1
717 2
724 1
725 1
732 1
738 1
739 1
741 1
743 1
744 1
745 1
748 1
751 1
756 1
766 1
767 1
769 2
774 1
783 1
784 1
786 1
789 2
790 1
792 1
795 1
803 1
808 1
813 1
816 2
819 1
830 1
834 1
835 2
836 1
839 1
840 4
843 1
846 1
847 1
848 1
852 2
854 1
857 1
859 1
862 1
863 1
864 1
866 1
870 3
871 1
874 2
875 1
877 1
878 3
879 2
880 1
881 1
884 1
885 1
887 1
890 1
892 1
895 1
899 2
900 1
902 1
904 4
906 1
908 2
912 2
914 1
917 1
919 1
922 2
926 3
930 1
933 1
937 1
939 2
943 1
948 1
952 1
961 1
965 1
967 1
974 1
978 1
983 1
987 1
991 1
994 1
1004 1
1031 1
1039 2
1041 1
1048 1
1054 1
1064 1
1070 1
1072 1
1073 1
1088 1
1101 1
1108 1
1114 2
1148 1
1156 1
1159 1
1162 1
1164 2
1165 2
1167 1
1168 1
1170 1
1171 1
1178 1
1182 1
1184 1
1187 1
1192 1
1194 1
1199 1
1200 1
1202 1
1206 1
1211 1
1212 1
1215 1
1219 1
1220 1
1224 1
1229 1
1230 1
1234 1
1241 1
1245 2
1252 1
1253 1
1259 1
1261 1
1262 1
1264 1
1272 1
1274 2
1281 1
1292 2
1298 1
1312 1
1321 1
1322 1
1327 1
1330 1
1337 1
1342 1
1348 1
1358 1
1382 1
1392 1
1394 1
1397 1
1403 1
1418 1
1421 2
1422 1
1424 1
1427 1
1428 1
1435 1
1436 2
1441 1
1442 1
1445 3
1447 1
1448 3
1452 1
1457 1
1458 1
1459 2
1461 1
1462 2
1469 1
1475 1
1478 2
1480 1
1493 1
1499 1
1502 1
1504 2
1518 1
1524 1
1529 1
1560 1
