100 3000 50
0 258544
1 1
2 1
3 15
4 14
5 16
6 25
7 25
8 17
9 19
10 12
11 13
12 7
13 9
14 10
15 6
16 2
17 3
18 2
19 5
20 9
21 3
22 5
23 1
24 3
25 3
26 4
27 2
28 5
29 1
31 1
32 4
33 2
34 1
35 1
37 3
39 4
40 2
42 2
43 1
44 1
46 1
47 1
48 1
49 1
50 1
51 1
52 2
53 1
55 2
58 1
59 1
60 2
61 1
63 1
64 1
65 1
66 1
69 2
70 2
76 2
78 1
79 1
82 2
84 1
89 2
91 1
92 2
100 2
101 1
106 1
111 1
113 2
116 1
121 1
122 1
127 1
154 1
160 1
164 1
165 1
167 1
171 1
189 1
196 1
197 1
212 1
213 1
218 1
225 1
228 1
235 1
238 1
241 1
247 1
251 1
263 1
265 1
266 1
271 1
276 1
277 1
279 1
280 1
282 1
287 1
289 2
301 1
302 1
305 1
308 1
312 1
317 1
320 1
329 1
334 1
337 1
340 1
342 1
343 1
360 1
369 1
387 1
395 1
396 1
397 2
399 1
401 1
406 1
408 1
414 1
418 1
429 1
430 1
433 1
436 1
441 1
444 1
456 1
462 1
468 1
488 1
504 1
505 2
529 1
530 1
535 1
548 1
550 1
552 1
555 1
563 1
573 1
580 1
584 1
596 2
597 1
599 1
626 1
633 1
648 1
663 1
665 1
666 1
667 1
668 1
670 1
672 1
678 1
692 1
702 2
703 1
710 1
711 1
713 1
716 1
725 1
737 1
740 1
744 1
747 1
750 2
759 1
761 1
763 1
764 1
766 1
771 1
774 1
776 1
778 1
779 1
781 1
782 2
785 1
788 1
789 1
795 2
796 1
797 1
799 1
805 1
809 1
812 1
824 2
831 1
833 1
836 1
840 1
841 2
847 1
848 1
852 1
854 1
855 1
856 2
857 1
861 1
864 1
867 1
868 1
869 1
870 1
872 1
876 1
879 1
880 1
882 1
883 2
886 1
891 3
892 1
893 4
894 1
895 1
900 1
904 2
905 2
906 1
909 1
910 1
914 2
919 1
920 1
922 2
928 1
929 1
930 1
934 2
935 2
936 1
938 2
947 1
950 1
956 1
957 1
964 1
969 1
970 1
973 2
982 2
983 1
988 1
991 2
999 1
1010 1
1012 1
1013 1
1018 1
1019 1
1020 1
1026 1
1047 1
1049 1
1056 1
1057 1
1060 1
1085 1
1101 1
1102 1
1103 1
1106 1
1117 1
1129 1
1134 1
1137 2
1143 1
1150 1
1161 1
1163 2
1167 1
1171 1
1172 1
1175 1
1177 1
1185 1
1198 1
1200 2
1202 1
1204 1
1205 1
1217 1
1219 1
1221 1
1228 1
1231 1
1232 1
1233 1
1238 1
1242 1
1243 1
1247 1
1248 1
1257 1
1258 1
1264 2
1266 2
1278 1
1280 1
1292 1
1299 1
1310 1
1312 1
1317 1
1318 1
1324 1
1328 1
1341 1
1369 1
1371 1
1372 2
1379 1
1383 1
1391 1
1394 2
1395 1
1405 1
1411 2
1413 1
1437 1
1439 3
1442 1
1445 1
1447 1
1450 1
1453 1
1455 1
1456 1
1458 1
1459 2
1460 1
1462 1
1466 2
1467 3
1476 1
1479 1
1482 1
1484 2
1485 1
1486 1
1487 1
1495 2
1499 1
1505 1
1509 1
1511 1
1514 1
