100 3000 50
0 258563
1 1
2 2
3 10
4 12
5 10
6 18
7 11
8 20
9 19
10 20
11 9
12 6
13 7
14 14
15 6
16 6
17 5
18 7
19 5
20 4
21 2
22 5
23 2
24 5
25 2
26 5
27 2
28 4
29 6
30 3
31 3
33 1
34 2
35 1
37 2
38 1
39 2
43 3
44 1
45 1
46 1
47 1
49 1
50 1
52 2
54 1
59 2
61 1
64 1
66 1
68 2
69 2
71 2
73 1
74 2
77 1
78 1
82 1
85 1
91 1
94 2
98 1
99 1
103 1
114 1
116 1
119 1
120 1
121 1
123 1
127 1
130 1
132 1
135 2
136 2
144 1
145 1
149 1
152 1
153 1
154 1
171 1
173 2
185 1
194 1
195 2
198 1
205 1
227 1
229 1
230 1
238 1
243 1
247 1
253 1
255 1
260 1
267 1
268 1
273 1
274 1
275 1
276 1
277 1
293 2
315 1
316 1
330 1
332 1
334 1
338 1
356 1
357 1
372 1
376 2
379 1
383 1
397 1
400 1
402 1
405 1
423 1
428 1
429 1
433 1
437 1
439 1
443 1
446 1
447 1
457 1
458 1
466 1
469 1
472 1
475 1
488 1
491 1
497 1
516 1
539 1
541 1
545 2
551 1
562 1
588 2
589 1
593 1
594 1
601 1
603 2
607 1
613 1
633 1
637 1
639 1
642 1
649 1
672 1
675 1
677 1
683 1
692 1
700 1
705 1
708 2
714 2
718 1
728 2
731 2
739 1
740 1
755 1
756 1
760 2
763 1
768 1
769 1
770 1
776 1
779 1
781 1
787 1
793 1
794 1
796 1
798 1
811 1
812 1
814 2
815 1
817 2
818 1
820 1
823 1
824 1
825 1
827 1
828 1
832 1
833 2
834 2
838 1
841 1
847 1
848 1
850 2
852 1
853 1
858 1
859 1
861 1
862 2
865 1
867 2
868 1
870 1
871 1
878 1
880 1
881 1
883 2
885 1
887 2
891 1
892 1
893 1
895 1
897 1
898 1
903 1
904 3
907 1
911 1
912 1
913 1
914 1
916 2
917 2
918 1
919 1
921 1
922 1
924 1
925 1
928 1
931 1
933 1
935 1
939 1
940 1
942 1
953 1
957 1
960 1
961 1
970 1
972 1
973 1
975 1
976 1
979 1
987 1
989 1
1008 1
1015 1
1017 1
1026 1
1031 1
1046 1
1054 1
1077 1
1080 1
1085 1
1086 1
1098 1
1100 1
1105 1
1113 1
1124 1
1135 1
1136 1
1147 3
1163 1
1166 1
1167 2
1168 1
1172 1
1173 2
1179 1
1180 1
1181 1
1184 2
1189 1
1192 1
1196 1
1197 1
1205 1
1209 1
1221 1
1223 2
1225 1
1229 1
1238 1
1242 1
1243 1
1246 1
1251 1
1252 1
1253 1
1256 1
1261 1
1262 1
1269 1
1271 1
1282 1
1290 1
1297 1
1299 1
1301 1
1304 1
1306 1
1316 1
1317 1
1319 1
1334 1
1335 1
1340 1
1346 1
1355 1
1378 1
1385 1
1388 1
1391 1
1395 1
1402 1
1406 1
1418 1
1421 3
1426 2
1427 1
1438 1
1440 1
1445 3
1449 1
1451 1
1452 1
1453 1
1456 1
1457 1
1458 2
1460 1
1461 1
1463 1
1467 1
1473 1
1475 1
1480 1
1483 2
1488 1
1489 1
1491 1
1495 1
1498 1
1508 1
1522 1
1525 1
1528 1
1553 1
