390 134 24 10 8 8 8 8 7 7 7 7 6 6 6 6 6 6 6 6 6 6 6 6 6 
394 159 24 17 10 9 8 8 8 8 7 7 7 7 7 7 7 7 7 6 6 6 6 6 6 
402 204 40 22 17 14 11 10 10 9 9 9 9 9 9 9 9 9 9 9 9 9 9 9 9 
382 193 54 18 12 10 9 8 7 7 6 6 6 6 6 6 6 6 6 6 6 6 6 6 6 
374 174 40 18 11 9 9 8 8 8 8 8 8 8 8 8 8 8 8 8 8 8 7 7 7 
381 134 21 8 7 7 6 6 6 6 6 6 6 6 6 6 6 6 6 6 6 6 6 5 5 
384 161 28 13 10 9 8 7 7 7 7 7 7 7 7 7 7 7 7 7 7 7 7 7 7 
386 134 22 14 11 11 11 7 7 7 7 6 6 6 6 6 6 6 6 6 6 6 6 6 6 
375 178 30 13 11 8 7 7 7 7 7 6 6 6 6 6 6 6 6 6 5 5 5 5 5 
402 198 37 11 10 9 6 6 6 6 6 6 6 6 6 6 6 6 6 6 6 6 6 5 5 
391 166 32 15 13 10 10 10 10 9 8 8 8 8 8 8 8 8 8 8 7 6 6 6 6 
376 141 27 14 10 7 7 6 6 6 6 6 6 6 6 6 5 5 5 5 5 5 5 5 5 
392 195 50 12 8 8 7 7 7 7 7 7 7 7 7 7 7 7 7 7 6 6 6 6 6 
415 188 60 24 13 10 8 8 8 7 6 6 6 6 6 6 6 6 6 6 6 6 6 6 6 
389 158 33 13 8 8 8 8 7 6 6 6 6 6 5 5 5 5 5 5 5 5 5 5 5 
396 181 30 9 8 8 6 6 6 5 5 5 5 5 5 5 5 5 5 5 5 5 5 5 5 
389 128 23 13 9 9 9 6 6 6 6 6 6 6 6 6 6 6 6 6 6 6 6 6 6 
404 148 26 14 10 8 8 8 8 7 6 6 6 6 6 6 6 6 6 6 6 6 6 6 6 
398 196 76 27 17 12 10 8 8 7 7 7 6 6 6 6 6 5 5 5 5 5 5 5 5 
379 138 40 15 10 10 9 8 8 8 8 8 8 7 7 7 7 7 7 7 7 7 7 6 6 
399 185 61 18 11 9 8 8 8 8 8 8 8 8 8 8 8 8 8 8 8 7 7 7 7 
404 172 29 12 8 7 7 6 5 5 5 5 5 5 5 5 5 5 5 5 5 5 5 5 5 
381 158 35 17 7 7 7 7 7 7 6 6 6 6 6 6 6 6 6 6 6 6 6 6 6 
395 150 23 14 11 11 11 11 9 9 9 9 9 9 9 9 9 9 9 9 9 9 9 9 9 
392 89 12 9 8 7 7 7 7 7 7 7 7 7 7 6 6 6 6 6 6 6 6 6 6 
389 154 24 18 13 10 10 10 10 7 7 7 7 7 6 6 6 6 6 6 6 6 6 6 6 
372 154 36 12 11 9 7 7 7 7 7 6 6 6 6 6 6 6 5 5 5 5 5 5 5 
388 143 17 8 7 7 6 6 6 6 5 5 5 5 5 5 5 5 5 5 5 5 5 5 5 
402 173 60 15 9 8 8 8 8 7 7 7 7 6 6 3 3 3 3 3 3 3 3 3 3 
391 164 21 10 9 7 7 6 6 6 6 6 6 6 6 6 6 6 6 6 6 5 5 5 5 
394 137 19 9 8 7 6 6 6 6 6 6 6 6 6 6 6 6 6 6 6 6 6 6 6 
397 202 49 13 8 5 5 5 5 5 5 5 5 5 5 5 5 5 5 5 5 5 5 5 5 
392 184 25 11 11 10 9 9 9 7 7 5 5 5 5 5 5 5 5 5 5 5 5 5 5 
409 205 24 13 11 7 7 6 6 5 4 4 4 4 4 4 4 4 4 4 4 4 4 4 4 
397 169 45 15 11 7 7 7 7 7 7 7 7 7 7 7 7 7 7 6 6 6 6 6 6 
399 164 29 16 12 11 10 10 10 10 10 10 9 8 8 8 8 8 8 8 8 8 8 8 8 
382 148 54 26 18 14 12 11 9 9 8 8 7 7 7 7 7 7 7 7 7 7 7 7 7 
384 148 28 14 10 7 7 7 7 7 7 7 7 7 7 7 7 7 7 7 7 7 7 7 7 
390 182 43 17 12 10 7 7 7 7 7 7 7 7 7 7 7 7 7 7 7 6 6 6 6 
379 193 56 14 10 7 6 6 6 6 5 5 5 5 5 5 5 5 5 5 5 5 5 5 5 
392 131 27 12 11 9 7 7 7 7 7 6 6 6 6 6 6 6 6 6 6 6 6 6 6 
387 145 37 17 11 8 7 7 7 7 7 7 7 7 7 7 7 7 7 7 7 7 6 6 6 
378 120 19 11 11 10 8 8 8 7 6 6 6 6 6 6 6 6 6 6 6 6 6 6 6 
379 130 17 10 8 6 6 6 6 6 6 5 5 5 5 5 5 5 5 5 5 5 5 5 5 
375 150 25 13 11 10 8 6 5 4 4 4 4 4 4 4 4 4 4 4 4 4 4 4 4 
393 151 21 12 9 7 7 7 7 7 7 5 5 5 5 5 5 5 5 5 5 5 5 5 5 
384 154 19 12 9 8 6 6 6 6 6 5 5 5 5 5 5 5 5 5 5 4 4 4 4 
418 193 33 14 11 9 8 8 8 8 8 7 7 7 7 7 7 7 7 7 7 7 7 7 7 
392 189 65 19 14 11 9 9 9 8 8 7 7 6 6 6 6 6 6 6 6 6 6 6 6 
386 170 38 16 13 13 12 12 12 10 10 9 9 9 9 9 9 9 9 9 9 9 9 9 9 
403 177 32 12 7 7 7 7 6 6 6 6 6 6 6 6 6 6 6 5 5 5 5 5 5 
399 131 34 19 10 8 7 7 7 6 5 5 5 5 4 4 4 4 4 4 4 4 4 4 4 
389 152 31 14 7 6 6 5 5 5 5 4 4 4 4 4 4 4 4 4 4 4 4 4 4 
369 98 18 11 11 11 10 8 8 8 8 8 8 8 8 8 8 8 8 8 8 8 8 8 8 
372 156 35 16 13 11 11 11 8 8 8 7 7 7 7 7 7 5 5 5 5 5 5 5 5 
380 174 33 13 11 10 9 9 9 7 6 5 5 5 5 5 5 5 5 5 5 5 5 5 4 
405 152 29 13 10 9 9 9 8 8 8 8 8 7 7 7 7 7 7 7 7 7 7 7 7 
390 188 40 15 12 11 11 11 11 9 9 9 9 9 9 9 9 9 9 9 9 9 9 9 9 
379 136 33 14 13 12 9 8 8 7 6 6 6 6 6 6 6 6 5 5 5 5 5 5 5 
406 185 47 19 16 15 12 12 11 11 11 11 11 11 11 11 11 11 10 10 10 10 10 10 9 
391 143 16 9 8 7 6 6 5 5 5 5 5 5 5 5 5 5 5 5 5 4 4 4 4 
373 165 33 12 9 7 7 7 7 7 6 6 6 6 5 5 5 5 5 5 5 5 5 5 5 
378 174 51 21 13 11 10 8 7 7 7 7 6 6 5 5 5 5 5 5 5 5 5 5 5 
390 114 23 12 11 11 11 10 9 9 7 6 6 6 6 6 6 6 6 6 6 6 6 6 6 
405 120 16 12 10 9 9 9 7 7 6 6 6 4 4 4 4 4 4 4 4 4 4 4 4 
390 130 19 11 9 7 6 6 5 5 5 5 5 5 5 5 5 5 5 5 5 5 5 5 5 
371 177 37 12 8 7 6 6 6 6 6 6 6 6 5 5 5 5 5 5 5 5 5 5 5 
400 180 41 13 11 9 8 8 8 7 7 5 5 5 5 5 5 5 5 5 5 5 5 5 5 
385 139 24 8 7 7 7 7 7 6 6 6 5 5 5 5 5 5 5 5 5 5 5 5 5 
378 113 22 14 13 10 10 10 9 9 9 9 9 9 8 8 8 8 7 7 7 7 7 7 7 
386 149 24 13 8 8 7 7 7 7 7 7 7 7 6 6 6 5 5 5 5 5 5 5 5 
400 177 22 10 7 7 7 7 6 6 6 6 6 6 6 6 6 6 6 6 5 5 5 5 5 
393 139 21 11 8 7 7 7 7 7 6 6 6 6 5 5 5 5 5 5 5 5 5 5 5 
393 162 35 12 10 9 8 8 8 8 8 8 8 8 8 8 8 8 8 8 8 8 8 8 8 
395 179 40 17 12 12 12 11 10 10 10 10 10 10 9 9 9 9 9 9 9 9 9 9 9 
390 141 17 10 8 8 8 7 7 7 7 7 7 7 7 7 7 7 7 7 7 7 7 7 6 
382 169 30 12 9 7 6 6 6 6 6 6 6 6 5 5 5 5 5 5 5 5 5 5 5 
345 129 27 19 14 10 9 9 9 9 9 9 9 9 9 9 9 9 9 9 9 9 9 9 9 
380 167 28 15 12 11 10 10 9 9 9 9 9 9 9 9 9 9 9 9 9 8 8 8 8 
400 138 28 14 8 8 7 7 6 6 6 6 5 5 5 5 5 5 5 5 5 5 5 5 5 
412 153 38 12 10 9 8 7 7 7 7 7 7 7 7 7 7 7 7 7 7 7 6 6 6 
398 152 19 13 11 10 9 9 8 7 7 7 7 7 7 7 7 7 7 7 7 7 7 7 6 
374 207 71 21 12 12 10 9 8 8 8 8 8 7 7 7 7 7 7 7 7 7 7 7 7 
390 156 24 16 13 11 10 9 9 9 9 9 9 9 9 9 8 8 8 8 8 8 8 8 8 
382 154 47 24 13 10 9 9 9 9 8 8 7 6 6 6 6 6 6 5 5 5 5 5 5 
379 150 25 15 12 12 12 11 11 11 11 11 11 11 10 10 10 10 10 10 10 10 9 9 9 
379 186 37 16 10 8 7 7 6 6 6 6 5 5 5 5 5 5 5 5 5 5 5 5 5 
383 143 38 15 12 10 10 10 9 8 8 8 8 8 8 7 7 7 6 6 6 6 6 6 6 
396 152 39 24 13 9 8 6 6 6 6 6 6 6 6 6 6 6 6 6 6 6 6 6 6 
387 144 53 21 17 13 11 11 10 9 8 8 8 8 8 8 8 8 8 8 8 8 8 8 8 
403 188 35 15 10 10 8 7 7 7 7 6 6 6 6 6 6 6 6 6 6 6 6 6 6 
396 157 35 22 16 12 10 10 10 10 10 9 9 9 9 9 9 9 9 8 8 8 8 8 8 
383 168 30 11 9 8 8 8 8 8 8 8 8 6 6 6 6 6 6 6 6 6 6 6 6 
389 133 17 10 8 8 7 7 7 7 7 7 7 7 7 7 7 7 7 7 7 7 7 7 7 
408 155 22 13 10 9 8 7 7 6 6 6 6 6 6 6 6 6 6 6 6 6 6 6 6 
366 151 25 11 9 8 7 6 6 6 6 6 6 6 6 6 6 6 6 6 6 6 6 6 6 
393 167 42 17 15 11 8 8 7 7 7 7 7 7 7 6 6 6 6 6 5 5 5 5 5 
391 175 27 9 9 7 6 6 6 6 6 6 6 6 6 6 6 6 5 5 5 5 5 5 5 
372 157 25 14 10 10 9 7 6 6 6 6 6 5 5 5 5 5 5 5 5 5 5 5 5 
382 190 26 13 9 7 7 7 7 6 6 6 6 6 6 6 6 6 5 5 5 5 5 5 5 
