100 3000 50
0 258573
2 2
3 4
4 10
5 10
6 9
7 24
8 15
9 11
10 14
11 13
12 15
13 7
14 11
15 8
16 7
17 5
18 4
19 7
20 3
21 3
22 4
23 3
24 3
25 6
26 3
27 5
28 6
29 2
30 3
31 2
32 1
33 2
34 2
35 2
39 2
40 1
41 2
42 2
43 1
44 3
45 1
46 2
49 1
56 1
58 1
59 2
61 3
62 2
64 1
66 1
68 1
70 1
73 2
75 1
76 1
77 3
80 1
81 1
86 1
92 3
94 1
97 1
98 1
99 1
100 1
110 1
115 1
122 1
123 1
125 1
131 1
141 1
142 1
146 1
150 1
151 1
158 1
159 1
161 1
165 1
166 1
171 1
175 1
177 1
183 1
192 2
205 1
224 1
229 1
236 1
249 1
250 2
253 1
255 1
256 1
275 1
284 1
285 1
288 2
295 2
301 1
312 1
313 1
316 1
319 1
325 1
331 1
333 1
336 1
337 1
339 1
345 1
346 2
353 1
361 1
379 1
384 1
388 1
395 1
411 1
418 1
419 1
425 1
426 1
428 1
431 1
439 1
453 1
467 1
469 1
483 1
486 1
496 1
501 1
503 1
513 1
538 1
544 1
550 1
554 1
555 1
559 1
561 1
567 1
574 1
595 1
596 1
605 1
612 1
614 2
615 1
635 1
647 1
656 1
667 1
669 1
674 1
684 1
691 2
693 2
694 2
695 1
705 2
718 1
719 1
722 1
724 1
728 1
732 1
737 1
742 1
745 1
751 1
752 1
756 1
757 1
763 1
765 2
767 1
769 1
778 1
784 1
792 1
797 1
800 4
803 1
807 1
810 1
812 1
813 1
817 1
819 2
822 2
824 1
825 1
826 1
832 1
833 1
834 1
838 1
840 2
842 1
843 1
846 1
852 2
854 1
858 1
861 1
862 1
867 1
870 2
871 2
875 1
877 1
879 1
880 1
881 1
882 1
883 1
885 1
888 2
890 1
892 2
894 1
896 2
898 1
900 1
903 1
910 1
912 1
914 2
917 1
918 1
925 1
928 2
929 1
931 1
932 1
938 2
941 2
942 3
948 3
949 1
953 1
958 1
959 1
965 1
966 1
972 1
975 2
976 1
977 1
1016 1
1020 1
1021 1
1027 1
1034 1
1047 1
1049 1
1051 1
1053 1
1056 2
1073 1
1075 1
1087 1
1088 1
1102 1
1105 1
1112 1
1120 1
1125 1
1126 1
1128 1
1138 1
1146 1
1155 1
1157 1
1159 1
1162 1
1177 1
1178 2
1189 1
1190 1
1192 1
1198 1
1204 1
1206 1
1208 1
1212 1
1219 1
1225 1
1231 1
1249 1
1250 1
1255 1
1259 1
1262 1
1266 1
1268 1
1270 1
1271 1
1277 2
1284 1
1288 1
1292 1
1297 1
1299 1
1304 1
1307 1
1309 1
1312 1
1316 1
1317 1
1320 1
1328 2
1331 1
1341 1
1348 1
1356 1
1372 1
1380 1
1386 1
1389 1
1391 1
1398 1
1400 1
1401 2
1404 1
1409 1
1420 1
1427 1
1428 2
1430 1
1431 1
1436 1
1442 1
1443 1
1446 1
1453 2
1455 1
1457 1
1461 1
1462 2
1464 1
1467 1
1468 1
1471 1
1474 1
1475 1
1476 1
1478 2
1483 2
1486 1
1487 3
1490 1
1492 1
1508 2
1516 1
1531 1
