1 500000 20
0 300000
1 39600
2 15313
3 8468
4 5518
5 3750
6 2767
7 2192
8 1841
9 1437
10 1178
11 1067
12 907
13 798
14 633
15 627
16 522
17 495
18 438
19 424
20 353
21 321
22 281
23 265
24 238
25 229
26 214
27 185
28 192
29 163
30 137
31 132
32 129
33 120
34 129
35 109
36 98
37 86
38 92
39 100
40 84
41 70
42 70
43 82
44 57
45 58
46 76
47 55
48 48
49 50
50 40
51 45
52 44
53 48
54 32
55 46
56 32
57 31
58 29
59 22
60 28
61 23
62 22
63 24
64 23
65 21
66 23
67 13
68 23
69 20
70 20
71 14
72 17
73 21
74 15
75 13
76 14
77 22
78 16
79 14
80 9
81 11
82 15
83 15
84 10
85 8
86 6
87 10
88 8
89 6
90 14
91 6
92 10
93 4
94 7
95 5
96 5
97 6
98 1
99 7
100 5
101 8
102 10
103 3
104 4
105 5
106 7
107 1
108 8
110 2
111 6
112 2
113 2
114 2
115 3
116 2
117 5
118 5
119 3
120 2
121 4
122 3
123 2
124 2
125 2
127 2
128 3
129 5
130 1
132 5
133 2
134 6
135 3
136 2
138 3
141 1
143 1
144 1
146 2
148 1
149 2
153 2
154 3
155 1
156 1
157 2
160 2
162 1
164 2
172 1
175 2
176 1
185 1
190 1
199 1
205 1
219 2
231 1
232 1
239 1
247 1
248 1
266 1
275 1
