1 500000 20
0 280000
1 49855
2 19386
3 10531
4 6733
5 4600
6 3388
7 2634
8 2190
9 1668
10 1363
11 1190
12 967
13 906
14 746
15 661
16 586
17 486
18 473
19 405
20 353
21 309
22 271
23 252
24 252
25 233
26 209
27 186
28 188
29 136
30 135
31 125
32 125
33 116
34 116
35 102
36 87
37 83
38 78
39 62
40 62
41 65
42 62
43 53
44 56
45 49
46 49
47 36
48 36
49 45
50 39
51 35
52 26
53 30
54 33
55 17
56 16
57 21
58 21
59 14
60 19
61 15
62 15
63 13
64 15
65 14
66 13
67 14
68 10
69 13
70 7
71 10
72 6
73 10
74 11
75 13
76 6
77 8
78 4
79 2
80 10
81 6
82 3
83 5
84 2
85 1
86 3
87 8
88 3
89 1
90 5
91 1
92 3
93 1
94 2
95 1
96 5
97 2
98 5
99 5
100 3
101 1
103 3
104 1
105 1
107 1
108 4
110 2
111 1
113 1
114 1
116 1
117 3
118 1
120 2
121 1
122 1
123 1
126 3
127 1
128 1
130 1
132 1
133 2
134 1
137 1
142 1
152 1
190 1
217 1
