1 500000 20
0 380000
1 4743
2 1845
3 1060
4 682
5 477
6 375
7 295
8 261
9 204
10 168
11 136
12 137
13 119
14 105
15 86
16 93
17 76
18 59
19 68
20 60
21 63
22 62
23 45
24 43
25 50
26 43
27 46
28 42
29 31
30 31
31 38
32 26
33 31
34 41
35 29
36 19
37 29
38 20
39 14
40 17
41 15
42 14
43 27
44 14
45 14
46 24
47 19
48 24
49 27
50 15
51 23
52 16
53 15
54 19
55 18
56 15
57 8
58 17
59 5
60 13
61 12
62 17
63 5
64 13
65 8
66 10
67 8
68 10
69 9
70 12
71 8
72 10
73 15
74 9
75 8
76 10
77 10
78 8
79 8
80 7
81 6
82 7
83 10
84 4
85 7
86 9
87 7
88 7
89 8
91 7
92 5
93 3
94 7
95 4
96 9
97 4
98 8
99 4
100 8
101 4
102 3
103 7
104 4
105 9
106 5
107 6
108 5
109 3
110 4
111 5
112 5
113 3
114 3
115 9
116 7
117 6
118 8
119 5
120 3
121 5
122 3
123 5
124 5
125 2
126 6
127 2
128 2
129 5
130 7
131 3
132 2
133 8
134 6
135 3
136 3
137 3
139 6
140 2
141 2
142 6
143 7
144 6
145 1
146 2
147 3
148 4
149 3
150 3
151 9
152 3
153 1
154 3
155 3
156 4
157 2
158 3
159 2
160 2
161 5
162 2
163 3
164 5
166 1
167 5
168 4
169 1
170 4
171 3
172 3
173 2
174 1
175 2
176 2
177 2
178 1
179 3
180 7
181 5
182 3
183 5
184 3
185 4
187 1
188 2
189 5
190 3
191 2
192 2
193 1
194 2
195 3
196 3
197 3
198 2
199 1
200 2
201 2
202 1
204 3
205 2
206 2
207 3
208 1
209 1
210 2
211 1
212 1
213 1
214 3
215 3
216 2
217 1
218 1
219 3
221 2
222 2
223 2
224 1
227 1
228 2
229 5
231 3
234 2
236 1
237 2
238 1
239 3
240 2
241 1
242 4
243 2
244 4
245 1
246 1
248 1
249 2
250 1
251 3
252 2
253 2
254 2
255 3
256 1
258 2
259 3
260 4
262 1
263 1
264 1
265 1
266 1
267 1
268 1
270 1
271 2
272 2
273 3
274 2
275 2
277 3
279 3
282 1
286 1
287 2
288 1
289 2
293 1
298 1
301 1
302 1
304 2
305 1
307 1
308 3
310 1
311 1
312 2
313 1
314 1
317 3
318 1
319 1
320 1
323 1
325 1
326 1
329 1
330 1
331 1
332 2
334 1
335 1
339 1
341 2
342 1
343 1
344 1
345 1
348 1
350 1
353 2
354 3
355 2
357 2
358 1
359 1
363 1
365 1
366 1
369 1
371 1
372 1
375 2
376 1
380 1
381 1
382 1
387 1
390 1
392 1
393 2
394 1
395 1
396 2
397 2
400 1
406 1
407 2
408 2
411 1
412 1
414 1
415 1
418 2
421 3
423 3
425 1
426 1
427 2
432 1
435 1
437 1
440 1
443 1
447 1
451 2
453 1
457 1
459 1
461 2
464 3
468 2
470 3
471 1
472 1
475 2
476 1
478 1
482 2
484 1
485 3
487 2
488 1
494 2
501 1
504 2
507 1
508 1
511 1
513 1
514 1
515 1
518 1
522 3
523 2
525 2
527 2
532 1
533 1
534 1
535 1
536 1
538 1
541 1
544 1
545 1
549 1
553 2
556 1
559 2
562 1
565 1
568 1
570 1
576 1
579 2
582 2
583 1
585 1
586 1
589 2
591 1
592 1
593 2
594 2
597 1
601 1
606 1
608 1
610 1
612 2
614 1
617 1
626 1
629 1
632 1
633 1
635 1
642 2
645 1
646 1
650 1
653 1
659 1
662 1
663 1
666 1
668 1
675 1
679 2
680 1
681 1
688 1
690 1
701 1
703 1
708 1
716 1
721 1
728 1
730 1
734 1
735 1
742 1
756 1
758 1
763 1
764 1
768 1
785 1
795 1
797 1
807 1
820 1
825 1
832 1
849 1
852 1
854 1
863 1
871 1
877 1
878 1
881 1
884 1
886 1
889 2
899 1
901 1
902 1
908 1
912 1
914 1
924 1
932 1
937 1
944 1
945 1
963 1
969 1
972 1
975 1
980 1
986 1
996 1
998 1
1011 1
1018 2
1020 1
1025 1
1043 1
1049 1
1054 1
1096 1
1109 1
1149 1
1158 1
1166 1
1173 1
1179 1
1194 1
1198 1
1204 1
1213 1
1220 1
1222 1
1229 1
1242 1
1264 1
1265 1
1277 1
1308 1
1316 1
1321 1
1361 1
1375 1
1379 1
1384 1
1390 1
1398 1
1401 1
1403 1
1416 1
1452 1
1471 1
1479 1
1557 2
1576 1
1581 1
1619 1
1633 1
1646 1
1652 1
1661 1
1693 1
1710 1
1716 1
1759 1
1781 1
1821 1
1826 1
1922 1
1945 1
1951 1
2046 1
2090 1
2097 1
2173 1
2240 1
2391 1
2407 1
2429 1
2451 1
2453 1
2514 1
2564 1
2897 1
2925 1
2945 1
2964 1
3027 1
3148 1
3202 1
3279 1
3877 1
3912 1
3943 1
4123 1
4528 1
9107 1
