1 500000 20
0 240000
1 73151
2 27982
3 14708
4 9013
5 6022
6 4378
7 3239
8 2579
9 1920
10 1596
11 1240
12 994
13 905
14 728
15 622
16 535
17 472
18 360
19 332
20 290
21 277
22 204
23 202
24 158
25 137
26 129
27 113
28 94
29 90
30 85
31 79
32 68
33 58
34 39
35 52
36 51
37 42
38 38
39 31
40 21
41 20
42 33
43 12
44 12
45 18
46 15
47 10
48 15
49 11
50 11
51 7
52 5
53 10
54 5
55 2
56 8
57 6
58 5
59 4
60 5
61 3
62 2
63 3
64 1
65 3
66 1
67 1
68 5
70 2
71 1
72 2
74 1
75 2
76 2
77 1
78 1
81 1
84 1
85 1
92 1
93 1
105 1
