1 500000 20
0 360000
1 12432
2 4892
3 2773
4 1799
5 1222
6 1010
7 756
8 626
9 522
10 454
11 382
12 355
13 285
14 259
15 233
16 228
17 185
18 200
19 175
20 148
21 154
22 141
23 121
24 118
25 118
26 113
27 104
28 90
29 88
30 70
31 89
32 92
33 61
34 78
35 72
36 64
37 54
38 69
39 51
40 44
41 43
42 55
43 51
44 45
45 47
46 43
47 39
48 44
49 43
50 35
51 41
52 29
53 38
54 36
55 29
56 21
57 36
58 32
59 34
60 31
61 28
62 35
63 19
64 23
65 29
66 22
67 30
68 19
69 28
70 18
71 17
72 22
73 19
74 22
75 14
76 18
77 17
78 16
79 21
80 16
81 13
82 21
83 19
84 12
85 13
86 21
87 15
88 18
89 12
90 15
91 12
92 9
93 12
94 8
95 20
96 15
97 18
98 11
99 9
100 11
101 11
102 9
103 9
104 9
105 9
106 11
107 13
108 12
109 13
110 7
111 13
112 11
113 11
114 7
115 10
116 5
117 6
118 8
119 9
120 3
121 14
122 7
123 10
124 12
125 8
126 12
127 10
128 13
129 5
130 6
131 7
132 7
133 6
134 9
135 2
136 2
137 6
138 3
139 8
140 12
141 7
142 10
143 5
144 5
145 5
146 10
147 5
148 8
149 3
150 8
151 6
152 3
153 11
154 6
155 4
156 3
157 7
158 1
159 8
160 4
161 5
162 4
163 7
164 4
165 3
166 2
167 4
168 7
169 4
170 4
171 5
172 3
173 6
174 5
175 1
176 4
177 4
178 4
179 3
180 4
181 7
182 5
183 2
184 4
185 7
186 4
187 2
188 2
189 9
190 2
191 7
192 4
193 5
194 6
195 2
196 3
197 5
198 4
199 3
200 6
201 3
202 2
203 4
204 3
205 3
206 6
207 1
208 2
209 4
210 5
211 2
212 4
213 3
214 4
215 4
216 4
217 1
218 2
219 3
220 2
222 1
223 3
224 4
225 2
226 1
227 4
228 5
229 3
230 1
231 2
232 4
233 2
234 1
235 4
236 1
237 1
238 1
239 3
240 1
241 4
242 6
243 5
245 3
247 4
248 4
249 1
250 4
251 2
252 2
253 3
255 3
256 2
257 4
258 3
259 1
260 2
261 2
262 1
263 2
264 2
265 1
267 4
268 1
270 3
271 3
272 2
273 1
274 1
275 2
276 2
277 2
279 1
281 2
283 2
285 4
286 3
287 1
290 1
291 1
292 3
293 1
294 2
295 3
296 2
297 2
300 2
301 1
304 6
306 1
309 1
310 3
311 3
313 2
316 1
318 4
320 1
325 1
326 1
327 1
328 1
329 5
330 1
331 2
332 2
334 2
335 1
336 1
337 1
340 1
341 2
342 3
344 3
348 3
349 1
350 1
351 2
352 2
355 1
356 2
357 1
358 1
360 1
361 1
362 1
363 1
370 1
372 2
373 1
377 1
378 1
380 2
381 1
383 1
385 1
388 2
390 1
393 1
397 1
399 2
400 2
401 3
403 1
405 1
406 1
407 1
409 1
410 1
412 1
413 1
414 1
415 1
417 1
418 1
420 1
422 2
426 1
428 1
429 2
431 1
434 1
436 1
437 1
442 1
443 2
447 1
449 1
450 1
451 1
452 1
453 2
454 1
460 2
462 1
464 1
465 1
466 1
467 1
469 1
470 1
475 1
476 1
481 1
483 1
486 1
487 1
488 1
491 1
497 1
501 2
502 1
507 1
522 1
529 1
531 1
532 1
533 1
540 3
545 1
548 1
550 1
562 1
565 1
573 1
580 2
582 1
583 1
584 2
591 1
594 1
601 1
607 1
611 1
615 2
631 2
637 1
647 1
660 2
662 1
665 1
682 1
684 1
701 1
709 1
725 1
728 1
735 1
742 1
747 1
752 1
756 1
757 1
786 1
793 1
806 1
807 1
808 1
831 1
854 1
857 1
865 1
870 1
902 1
922 1
1021 1
1066 1
1220 1
1236 1
1288 1
1343 1
1587 1
1618 1
