1 500000 20
0 340000
1 20875
2 8116
3 4500
4 3014
5 2044
6 1539
7 1262
8 1033
9 833
10 724
11 642
12 557
13 484
14 418
15 359
16 356
17 324
18 305
19 278
20 262
21 212
22 199
23 191
24 196
25 164
26 170
27 146
28 110
29 149
30 123
31 134
32 117
33 110
34 107
35 91
36 88
37 84
38 64
39 88
40 73
41 96
42 52
43 77
44 55
45 76
46 54
47 58
48 72
49 55
50 57
51 43
52 49
53 61
54 43
55 46
56 42
57 44
58 38
59 36
60 37
61 56
62 39
63 34
64 25
65 32
66 33
67 26
68 17
69 29
70 26
71 33
72 25
73 32
74 21
75 28
76 15
77 23
78 31
79 17
80 17
81 22
82 9
83 22
84 21
85 20
86 22
87 18
88 13
89 22
90 15
91 15
92 17
93 14
94 15
95 15
96 22
97 12
98 15
99 10
100 16
101 8
102 14
103 9
104 13
105 14
106 13
107 10
108 10
109 9
110 6
111 14
112 14
113 11
114 9
115 8
116 11
117 9
118 9
119 8
120 11
121 11
122 7
123 8
124 17
125 7
126 9
127 4
128 10
129 7
130 11
131 5
132 9
133 5
134 5
135 4
136 3
137 8
138 7
139 4
140 3
141 6
142 4
143 8
144 6
145 8
146 5
147 1
148 8
149 4
150 3
151 3
152 5
153 6
154 1
155 5
156 2
157 6
158 4
159 5
161 2
162 2
163 3
164 7
165 1
166 8
167 6
168 2
169 1
170 7
171 5
172 5
173 4
174 4
175 5
176 5
177 3
178 4
179 3
180 1
181 6
182 5
183 3
184 5
185 2
186 5
187 1
188 3
189 2
190 3
191 4
192 2
193 6
194 4
195 2
196 5
197 2
198 2
199 4
200 4
201 2
202 1
203 2
204 4
207 2
208 3
209 1
210 3
211 2
212 1
213 2
214 4
215 3
216 3
217 1
218 3
220 2
221 1
222 2
223 1
224 1
226 2
227 1
229 1
232 1
233 2
234 2
235 1
236 1
237 1
238 2
240 3
241 1
243 1
244 1
246 2
247 3
248 1
251 1
252 2
253 1
254 2
255 1
257 1
258 1
259 1
260 2
261 2
262 2
263 1
264 1
265 1
267 1
269 1
271 2
273 1
275 2
276 2
278 1
280 2
281 1
282 1
287 3
288 1
292 1
293 1
296 1
298 1
299 2
300 1
301 1
304 1
306 1
307 1
311 2
313 1
314 1
316 1
317 1
320 1
323 1
326 1
328 1
330 1
334 2
337 2
339 2
341 1
349 1
354 1
356 2
367 1
371 1
373 1
374 1
377 1
390 1
391 1
396 1
398 1
417 1
424 1
434 1
446 1
449 1
466 2
477 1
479 1
487 1
496 1
510 1
531 1
532 1
548 1
564 1
597 1
620 1
