1 500000 20
0 320000
1 29981
2 11590
3 6438
4 4212
5 2879
6 2094
7 1765
8 1469
9 1127
10 934
11 887
12 759
13 670
14 566
15 502
16 441
17 426
18 388
19 323
20 329
21 273
22 257
23 258
24 228
25 182
26 212
27 195
28 162
29 162
30 174
31 141
32 127
33 126
34 127
35 118
36 89
37 89
38 93
39 102
40 98
41 70
42 66
43 83
44 82
45 69
46 64
47 73
48 71
49 59
50 44
51 54
52 54
53 55
54 32
55 44
56 29
57 44
58 37
59 44
60 35
61 48
62 38
63 32
64 26
65 26
66 32
67 33
68 29
69 23
70 32
71 32
72 26
73 29
74 16
75 18
76 19
77 24
78 19
79 17
80 19
81 15
82 17
83 13
84 12
85 17
86 10
87 17
88 12
89 12
90 21
91 9
92 15
93 13
94 13
95 13
96 10
97 7
98 8
99 16
100 9
101 12
102 7
103 3
104 10
105 13
106 10
107 11
108 6
109 13
110 11
111 9
112 11
113 11
114 5
115 4
116 5
117 5
118 4
119 3
120 5
121 4
122 6
123 6
124 4
125 2
126 1
127 3
128 4
129 3
130 5
131 4
132 2
133 6
134 3
135 3
136 5
137 4
138 3
139 5
140 4
142 4
143 1
144 5
145 5
146 4
147 4
148 2
149 3
150 3
151 4
152 1
153 1
154 4
155 2
156 5
157 1
158 3
159 2
160 3
161 1
163 3
164 1
165 2
166 1
167 3
168 1
169 1
173 2
174 2
175 2
176 2
177 1
178 2
179 2
180 1
181 5
183 2
184 3
185 1
186 2
187 1
188 2
190 3
192 2
193 1
199 1
200 1
201 1
204 2
212 1
214 1
215 1
220 1
226 2
230 2
231 1
232 1
233 2
240 2
242 1
245 1
246 1
249 1
252 1
253 1
256 1
257 1
272 1
280 1
289 1
293 1
294 1
296 1
299 1
313 1
319 1
325 1
328 1
353 1
357 1
368 1
376 1
380 1
387 1
400 1
