1 500000 20
0 260000
1 61101
2 23490
3 12684
4 7968
5 5371
6 3938
7 2963
8 2424
9 1808
10 1569
11 1195
12 1071
13 892
14 791
15 622
16 593
17 472
18 441
19 354
20 343
21 296
22 240
23 249
24 219
25 195
26 168
27 166
28 137
29 110
30 137
31 103
32 85
33 101
34 76
35 79
36 69
37 69
38 43
39 50
40 52
41 39
42 46
43 30
44 30
45 40
46 30
47 33
48 16
49 15
50 25
51 18
52 14
53 11
54 17
55 11
56 7
57 16
58 12
59 10
60 9
61 6
62 7
63 4
64 6
65 4
66 7
67 3
68 7
69 7
70 5
71 6
72 3
74 7
75 5
76 4
77 2
78 2
79 3
80 1
81 1
82 1
83 3
84 3
85 2
87 3
89 3
91 2
92 1
93 1
95 2
96 1
98 2
103 1
104 1
110 2
112 2
113 1
132 1
