50 100000 20
0 4250050
1 204325
2 75162
3 41491
4 26951
5 19250
6 14606
7 11600
8 9687
9 7864
10 6715
11 5871
12 5105
13 4518
14 4067
15 3593
16 3322
17 2913
18 2804
19 2538
20 2328
21 2173
22 1992
23 1786
24 1763
25 1638
26 1508
27 1443
28 1350
29 1346
30 1232
31 1146
32 1095
33 1011
34 973
35 946
36 890
37 897
38 786
39 794
40 732
41 691
42 714
43 698
44 678
45 662
46 616
47 554
48 592
49 540
50 534
51 526
52 457
53 435
54 442
55 436
56 363
57 417
58 407
59 380
60 373
61 320
62 355
63 330
64 327
65 327
66 335
67 297
68 303
69 284
70 251
71 283
72 239
73 256
74 225
75 255
76 247
77 209
78 235
79 218
80 209
81 221
82 192
83 221
84 196
85 217
86 194
87 206
88 187
89 187
90 186
91 173
92 163
93 161
94 144
95 146
96 175
97 158
98 145
99 131
100 146
101 137
102 139
103 127
104 135
105 129
106 131
107 119
108 100
109 124
110 106
111 85
112 121
113 108
114 93
115 109
116 120
117 107
118 88
119 85
120 100
121 84
122 90
123 94
124 97
125 80
126 98
127 103
128 94
129 82
130 87
131 73
132 58
133 78
134 75
135 74
136 67
137 70
138 89
139 62
140 55
141 56
142 65
143 73
144 66
145 44
146 60
147 55
148 48
149 57
150 53
151 66
152 44
153 52
154 60
155 47
156 40
157 59
158 42
159 38
160 55
161 40
162 41
163 41
164 64
165 42
166 42
167 54
168 35
169 39
170 35
171 48
172 43
173 33
174 34
175 40
176 32
177 44
178 32
179 30
180 38
181 36
182 38
183 37
184 30
185 34
186 37
187 27
188 32
189 40
190 30
191 26
192 37
193 25
194 37
195 31
196 28
197 34
198 26
199 21
200 32
201 24
202 28
203 27
204 38
205 27
206 33
207 26
208 33
209 33
210 16
211 20
212 27
213 19
214 24
215 26
216 18
217 29
218 14
219 22
220 20
221 19
222 22
223 18
224 24
225 26
226 19
227 18
228 21
229 21
230 27
231 12
232 14
233 14
234 17
235 14
236 16
237 13
238 15
239 19
240 17
241 7
242 9
243 14
244 11
245 15
246 16
247 15
248 16
249 9
250 12
251 17
252 12
253 10
254 7
255 17
256 9
257 10
258 16
259 9
260 13
261 15
262 13
263 13
264 8
265 14
266 7
267 11
268 14
269 11
270 9
271 12
272 15
273 6
274 7
275 6
276 12
277 11
278 10
279 10
280 3
281 12
282 11
283 3
284 7
285 4
286 10
287 8
288 8
289 4
290 8
291 7
292 9
293 8
294 9
295 8
296 8
297 5
298 15
299 5
300 8
301 9
302 5
303 6
304 7
305 4
306 3
307 9
308 9
309 5
310 6
311 5
312 6
313 4
314 10
315 4
316 6
317 7
318 3
319 7
320 5
321 4
322 6
323 5
324 4
325 4
326 5
327 3
328 7
329 4
330 7
331 7
332 5
333 7
334 4
335 7
336 4
337 3
338 2
339 5
340 4
342 4
343 3
344 6
345 5
346 3
347 4
348 5
349 3
350 3
351 3
352 4
354 5
355 7
356 3
357 2
358 1
359 3
360 6
361 6
362 2
363 5
364 6
365 1
366 7
367 2
368 3
369 3
370 2
371 2
372 5
373 1
374 2
375 4
376 1
377 3
378 3
379 1
380 2
381 4
382 4
383 3
384 6
385 1
386 1
387 3
388 1
389 5
390 2
391 1
392 2
393 1
394 6
395 1
396 6
397 3
398 4
399 2
400 2
403 2
404 1
405 2
406 1
408 1
410 1
411 2
415 1
416 1
417 1
419 1
421 3
422 1
423 2
424 2
425 1
426 4
427 1
428 2
429 3
430 1
431 2
433 1
434 2
435 2
436 2
438 1
439 1
440 1
441 1
442 1
447 2
448 2
450 1
451 1
453 1
455 1
456 2
458 1
460 1
461 3
463 1
465 1
466 1
467 1
468 1
472 2
473 2
474 1
475 1
476 1
477 3
478 1
479 1
484 2
486 1
487 1
494 1
495 1
498 2
499 1
503 1
504 1
506 1
508 1
509 1
511 1
513 1
515 3
516 1
517 2
520 1
523 1
529 2
531 1
532 1
543 1
546 1
550 1
552 1
555 1
562 1
566 1
573 1
575 1
576 1
577 1
584 1
585 1
586 1
593 1
596 1
599 1
605 1
615 1
621 1
698 1
708 1
721 1
728 1
738 1
748 2
785 1
805 1
819 1
832 1
