50 100000 20
0 4500050
1 98013
2 36312
3 19998
4 13185
5 9416
6 7135
7 5651
8 4788
9 3970
10 3314
11 2899
12 2541
13 2262
14 2045
15 1811
16 1675
17 1543
18 1384
19 1289
20 1213
21 1094
22 1055
23 961
24 908
25 845
26 873
27 744
28 756
29 655
30 693
31 643
32 603
33 579
34 570
35 532
36 503
37 490
38 499
39 438
40 436
41 425
42 402
43 395
44 357
45 374
46 314
47 340
48 322
49 299
50 310
51 287
52 283
53 277
54 268
55 264
56 292
57 256
58 260
59 253
60 239
61 247
62 219
63 225
64 210
65 208
66 202
67 153
68 196
69 185
70 155
71 181
72 181
73 183
74 189
75 161
76 167
77 171
78 149
79 158
80 158
81 127
82 138
83 126
84 137
85 113
86 142
87 125
88 122
89 131
90 141
91 136
92 121
93 113
94 96
95 111
96 123
97 111
98 103
99 82
100 110
101 85
102 109
103 94
104 105
105 124
106 104
107 96
108 87
109 100
110 92
111 80
112 95
113 79
114 91
115 77
116 95
117 82
118 82
119 82
120 75
121 72
122 85
123 75
124 88
125 72
126 78
127 68
128 84
129 67
130 74
131 69
132 72
133 53
134 82
135 59
136 68
137 65
138 63
139 84
140 61
141 57
142 54
143 66
144 61
145 56
146 49
147 59
148 65
149 62
150 71
151 50
152 53
153 54
154 51
155 47
156 53
157 47
158 52
159 52
160 38
161 39
162 48
163 49
164 49
165 39
166 56
167 54
168 45
169 56
170 46
171 48
172 47
173 44
174 46
175 38
176 39
177 30
178 44
179 37
180 43
181 48
182 40
183 39
184 32
185 38
186 31
187 49
188 46
189 36
190 42
191 40
192 39
193 48
194 35
195 38
196 36
197 25
198 35
199 53
200 30
201 33
202 45
203 36
204 45
205 31
206 34
207 30
208 31
209 37
210 28
211 37
212 42
213 34
214 44
215 31
216 26
217 29
218 30
219 26
220 27
221 30
222 33
223 34
224 30
225 23
226 26
227 26
228 19
229 15
230 31
231 27
232 19
233 21
234 29
235 24
236 19
237 23
238 24
239 19
240 31
241 24
242 22
243 25
244 24
245 17
246 21
247 23
248 30
249 25
250 23
251 23
252 17
253 21
254 25
255 25
256 20
257 28
258 13
259 17
260 24
261 29
262 17
263 19
264 21
265 19
266 19
267 17
268 25
269 20
270 20
271 13
272 22
273 18
274 19
275 10
276 19
277 25
278 17
279 26
280 17
281 15
282 23
283 31
284 20
285 21
286 26
287 22
288 23
289 15
290 14
291 14
292 19
293 24
294 16
295 14
296 14
297 9
298 11
299 17
300 15
301 8
302 18
303 22
304 13
305 14
306 19
307 18
308 19
309 9
310 17
311 11
312 14
313 22
314 9
315 23
316 15
317 14
318 12
319 23
320 19
321 17
322 17
323 10
324 15
325 12
326 14
327 16
328 15
329 8
330 15
331 14
332 17
333 9
334 8
335 10
336 18
337 12
338 10
339 9
340 22
341 14
342 11
343 12
344 11
345 20
346 12
347 13
348 13
349 12
350 16
351 15
352 15
353 8
354 11
355 14
356 9
357 10
358 14
359 8
360 9
361 14
362 12
363 11
364 8
365 7
366 9
367 15
368 13
369 6
370 13
371 13
372 9
373 9
374 10
375 16
376 14
377 8
378 13
379 11
380 10
381 4
382 9
383 11
384 16
385 12
386 7
387 13
388 12
389 17
390 9
391 12
392 11
393 7
394 12
395 10
396 9
397 9
398 8
399 14
400 8
401 13
402 15
403 9
404 6
405 8
406 7
407 9
408 17
409 4
410 7
411 9
412 9
413 4
414 9
415 3
416 5
417 3
418 6
419 4
420 11
421 9
422 8
423 10
424 8
425 8
426 9
427 4
428 5
429 9
430 9
431 9
432 7
433 10
434 10
435 4
436 9
437 12
438 2
439 9
440 7
441 7
442 6
443 5
444 7
445 9
446 5
447 8
448 9
449 6
450 7
451 8
452 4
453 6
454 7
455 5
456 3
457 2
458 8
459 8
460 9
461 11
462 6
463 9
464 8
465 5
466 9
467 5
468 5
469 8
470 10
471 3
472 6
473 5
474 3
475 7
476 4
477 7
478 6
479 6
480 6
481 14
482 7
483 7
484 11
485 6
486 7
487 4
488 4
489 3
490 9
491 3
492 9
493 5
494 11
495 7
496 4
497 5
498 7
499 4
500 3
501 4
502 6
503 6
504 9
505 6
506 5
507 3
508 7
509 4
510 6
511 10
512 3
513 7
514 4
515 4
516 6
517 7
518 6
519 6
520 7
521 3
522 7
523 6
525 3
526 5
527 5
528 4
529 6
530 4
531 2
532 1
533 3
534 6
535 4
536 7
537 6
538 5
539 1
540 8
541 5
542 1
543 5
544 6
545 6
546 6
547 8
548 4
549 8
550 3
551 5
552 2
553 3
554 2
555 6
556 5
557 3
558 7
559 4
560 3
561 4
562 3
563 1
564 5
565 8
566 3
567 5
568 4
569 4
570 4
571 2
572 4
573 6
574 3
575 2
576 3
577 2
578 2
579 1
580 3
581 2
582 6
583 3
584 7
585 4
586 3
587 2
588 3
589 5
590 6
591 6
592 3
593 2
594 5
595 4
596 3
597 4
598 3
599 3
600 10
601 4
602 1
603 2
604 8
605 2
606 2
607 5
608 1
609 3
610 1
611 3
612 1
613 2
614 1
615 3
616 3
618 1
619 2
620 5
621 6
622 5
623 1
624 4
625 4
626 3
627 1
628 3
629 2
630 4
631 4
633 3
634 2
635 5
636 6
637 5
638 6
639 3
640 2
641 3
642 1
643 2
644 4
645 2
646 3
647 2
648 1
649 4
650 3
651 2
652 4
653 3
654 3
655 3
656 5
657 1
658 1
659 1
660 4
661 4
662 2
663 2
665 3
666 3
668 2
669 3
671 2
672 5
673 3
674 4
675 1
676 2
677 4
678 1
679 2
680 3
681 4
682 2
683 4
684 5
685 1
686 6
688 5
689 5
690 3
691 1
692 1
693 2
695 3
696 2
697 1
698 2
699 1
700 2
701 4
702 2
703 4
704 1
705 5
706 1
707 4
708 2
709 4
710 3
711 2
712 1
714 1
715 5
717 2
718 1
719 1
720 1
721 4
722 4
723 1
724 1
726 2
727 1
728 2
729 1
730 1
733 4
734 2
735 1
736 3
738 1
739 1
741 1
742 2
743 2
744 2
745 1
746 1
747 1
748 2
749 1
750 2
751 1
752 2
753 3
755 1
756 2
757 3
758 1
759 1
760 1
761 1
762 1
763 1
765 1
766 1
767 1
768 1
769 2
771 1
772 4
773 4
774 2
775 1
777 1
779 1
781 1
782 1
783 1
784 2
785 1
786 1
787 2
788 1
789 2
790 2
791 1
794 5
795 2
796 2
799 1
800 2
802 3
803 2
804 2
807 3
808 2
809 2
810 2
811 1
812 3
813 2
814 1
816 4
818 5
820 1
821 1
824 1
825 1
826 2
827 1
829 1
830 1
831 1
833 1
834 1
835 2
836 1
838 1
840 2
841 2
846 1
847 2
848 3
849 2
854 3
855 2
856 3
861 1
862 1
863 1
864 1
866 1
867 2
870 2
872 1
874 1
877 4
878 2
879 1
881 3
883 1
884 1
885 1
887 1
888 4
889 2
890 3
893 2
895 1
896 2
897 1
899 1
900 1
902 1
904 1
907 1
908 1
909 1
911 1
912 1
915 2
916 1
917 1
918 2
923 1
927 2
929 1
933 2
934 1
935 1
937 1
941 1
943 2
945 1
946 1
949 1
957 1
959 1
960 2
963 1
967 1
968 1
970 1
971 1
973 1
974 1
975 1
977 2
979 1
983 1
989 1
990 1
991 1
993 2
994 1
995 1
996 2
997 1
998 1
1001 1
1003 1
1004 1
1005 1
1006 1
1011 1
1012 1
1014 1
1015 3
1016 1
1018 1
1019 1
1022 1
1023 1
1026 3
1032 1
1034 1
1039 1
1045 1
1047 1
1053 1
1056 1
1060 1
1061 1
1065 1
1067 1
1068 1
1069 1
1070 1
1072 1
1075 1
1076 1
1083 2
1084 1
1086 1
1087 1
1088 3
1090 1
1093 2
1101 1
1104 1
1108 1
1120 1
1123 2
1124 2
1127 1
1130 1
1132 2
1140 1
1141 1
1144 1
1145 1
1147 1
1156 1
1164 1
1170 1
1171 1
1175 1
1178 1
1183 1
1192 1
1195 1
1196 1
1221 1
1222 1
1227 2
1235 1
1236 1
1241 1
1242 1
1246 1
1248 1
1262 1
1263 1
1264 1
1265 1
1266 1
1274 1
1281 1
1283 1
1288 1
1295 1
1297 1
1303 1
1313 1
1322 1
1330 2
1331 1
1366 1
1367 1
1374 1
1380 1
1390 2
1400 1
1421 1
1422 1
1423 1
1429 1
1431 1
1449 1
1458 1
1498 1
1526 1
1551 1
1567 1
1573 1
1600 1
1623 1
1636 1
1680 1
1742 1
1833 1
2195 1
2227 1
