5 300000 20
0 1036283
1 11
2 7
3 5
4 1
5 4
6 3
7 2
8 2
9 1
11 1
12 2
14 2
16 2
19 1
21 1
22 1
23 2
31 1
50 1
53 1
64 2
68 1
78 1
81 1
104 1
107 1
111 1
203 1
204 1
247 1
342 1
395 1
533 1
1471 1
1682 1
2258 1
2369 1
2390 1
3843 1
3920 1
5331 1
5480 1
5859 1
5898 1
6011 1
7241 1
8461 1
8703 1
8895 1
9193 1
9227 1
9391 1
9979 1
10782 1
11582 1
11808 1
12358 1
14218 1
15290 1
15676 1
16992 1
18138 1
18180 1
18357 1
19276 1
20339 1
20615 1
22576 1
23254 1
23851 1
24361 1
24785 1
25082 1
25410 1
26631 1
27457 1
28132 1
29569 1
29904 1
31085 1
31962 1
32801 1
35521 1
37296 1
37945 1
38964 1
39932 1
52195 1
55120 1
73170 1
78725 1
