50 100000 20
0 4756737
1 167
2 68
3 51
4 37
5 18
6 24
7 21
8 9
9 13
10 12
11 10
12 9
13 6
14 9
15 4
16 8
17 5
18 3
19 9
20 8
21 9
22 1
23 7
24 6
25 4
26 5
27 4
28 1
29 3
30 2
31 1
32 1
33 2
34 1
35 1
36 2
37 3
38 8
39 4
40 6
41 3
42 1
43 1
44 1
46 1
47 1
48 4
49 2
50 3
51 4
53 1
54 2
56 3
57 2
58 1
61 2
62 2
63 3
65 3
66 1
68 1
69 1
71 1
73 2
75 1
76 1
79 1
81 2
82 2
83 2
84 1
87 3
88 3
91 1
93 1
95 1
98 1
99 1
100 3
103 1
107 1
111 1
113 3
114 1
116 1
118 2
121 1
122 1
123 1
125 2
126 2
128 1
129 1
131 2
133 1
134 2
138 1
143 2
144 1
150 1
151 1
157 1
163 2
166 1
169 2
175 1
176 1
177 1
180 1
182 2
184 1
186 1
191 1
194 1
195 1
197 1
200 1
202 2
203 1
211 1
215 1
223 1
228 1
243 1
244 1
245 1
250 1
251 1
252 1
260 1
267 1
268 1
269 1
285 1
292 1
303 1
305 1
306 1
309 1
324 1
327 1
331 1
338 1
350 1
355 2
361 1
363 1
368 1
369 1
373 1
374 1
380 1
391 1
392 1
398 1
400 1
411 1
414 1
418 1
432 1
433 1
439 1
448 1
449 1
450 1
454 1
467 1
468 1
503 1
517 1
524 1
526 1
542 1
555 1
556 1
565 1
570 1
577 1
588 2
594 1
608 1
610 1
614 1
615 1
616 1
631 1
658 1
668 1
672 1
694 1
711 1
726 1
739 1
754 1
755 1
784 1
785 1
792 1
794 1
804 1
808 1
813 1
829 1
837 1
840 1
860 1
862 1
865 1
876 1
896 1
901 1
917 1
929 1
941 1
950 2
979 1
998 1
1003 1
1021 1
1040 1
1041 1
1066 1
1096 1
1104 1
1112 1
1113 1
1117 1
1136 1
1145 1
1168 1
1171 1
1195 1
1218 1
1252 1
1290 1
1307 1
1335 1
1338 1
1370 2
1392 1
1411 1
1444 1
1459 1
1475 1
1476 1
1485 1
1503 1
1517 1
1524 1
1525 1
1537 2
1550 1
1551 1
1563 1
1572 1
1595 1
1631 1
1639 1
1640 1
1655 2
1676 1
1683 1
1693 1
1707 1
1720 1
1722 1
1724 1
1731 2
1740 1
1781 1
1795 1
1799 1
1809 1
1817 1
1841 1
1843 1
1860 1
1866 1
1878 1
1889 1
1891 1
1910 1
1913 1
1948 1
2000 1
2048 1
2058 1
2103 1
2107 1
2140 1
2166 1
2199 1
2224 1
2236 1
2247 1
2262 1
2270 2
2284 1
2293 1
2297 1
2304 1
2316 1
2331 1
2338 1
2351 1
2409 1
2422 1
2435 1
2465 1
2475 1
2491 1
2508 1
2513 1
2516 1
2517 1
2518 1
2521 1
2527 1
2536 1
2540 1
2549 1
2562 1
2568 1
2572 1
2573 1
2582 1
2594 1
2600 1
2606 1
2640 1
2649 2
2678 1
2682 1
2711 1
2713 1
2744 1
2756 1
2761 1
2772 1
2784 1
2792 1
2808 1
2818 1
2835 1
2856 1
2876 1
2879 1
2917 1
2947 1
2953 1
2982 1
3006 1
3014 1
3030 1
3063 1
3086 1
3108 1
3117 1
3119 1
3137 1
3139 1
3142 1
3177 1
3213 1
3220 1
3258 1
3285 1
3304 1
3436 1
3449 1
3458 1
3473 1
3497 1
3509 1
3527 1
3529 1
3530 1
3536 1
3553 1
3555 1
3558 1
3562 1
3571 1
3573 1
3577 1
3578 1
3597 1
3608 1
3622 1
3629 1
3670 1
3676 1
3681 1
3687 1
3712 1
3714 1
3745 1
3776 1
3786 1
3787 1
3810 1
3819 1
3828 1
3838 1
3845 1
3849 1
3852 1
3873 1
3893 1
3920 1
3938 1
3952 1
3966 1
3972 2
3980 1
3986 1
3992 1
3994 1
4002 1
4015 1
4049 1
4072 1
4087 1
4088 1
4091 1
4107 1
4122 1
4138 1
4154 1
4155 1
4162 1
4168 1
4173 1
4176 1
4188 1
4189 1
4194 1
4195 1
4202 1
4203 1
4221 2
4233 1
4237 1
4241 1
4242 1
4277 1
4286 2
4325 1
4328 1
4338 1
4344 1
4398 1
4406 1
4407 1
4411 1
4415 1
4421 1
4422 1
4423 1
4429 1
4450 1
4484 1
4485 1
4510 1
4512 2
4515 1
4556 1
4578 1
4582 1
4589 1
4590 1
4603 1
4605 1
4623 1
4626 1
4644 1
4651 1
4662 1
4667 1
4671 1
4675 1
4693 1
4699 1
4704 1
4706 1
4733 1
4749 1
4750 1
4753 1
4756 1
4760 1
4762 1
4765 1
4773 1
4790 1
4812 1
4819 1
4839 2
4854 1
4885 1
4901 1
4904 1
4929 1
4933 1
4936 1
4937 1
4957 1
4990 1
4992 2
5004 1
5006 1
5011 1
5023 1
5026 1
5037 1
5056 1
5081 1
5084 1
5113 1
5115 1
5142 1
5153 1
5164 1
5176 1
5179 1
5228 1
5240 1
5242 1
5246 1
5253 1
5254 1
5292 2
5296 1
5350 1
5360 1
5366 1
5377 1
5385 1
5407 1
5411 1
5449 1
5452 1
5468 1
5487 1
5496 1
5509 1
5516 1
5525 1
5532 1
5542 1
5547 1
5574 1
5581 1
5587 1
5590 1
5594 1
5595 2
5618 1
5621 1
5637 1
5647 1
5667 1
5684 1
5695 1
5705 1
5734 1
5738 1
5740 1
5742 1
5764 1
5775 1
5799 1
5815 1
5840 1
5847 1
5889 1
5915 1
5931 1
5950 1
5970 1
6000 1
6002 1
6004 1
6006 1
6040 1
6102 1
6113 1
6135 1
6151 1
6162 1
6165 1
6171 2
6233 1
6298 1
6319 1
6320 1
6333 1
6371 1
6377 1
6381 2
6391 1
6400 1
6415 1
6436 1
6439 1
6457 1
6482 1
6489 1
6494 1
6497 1
6515 1
6534 1
6537 1
6540 1
6545 1
6571 1
6581 1
6591 1
6611 1
6645 1
6664 1
6672 1
6697 1
6733 1
6765 1
6770 1
6787 1
6789 1
6801 1
6805 1
6817 1
6826 1
6829 1
6862 1
6865 1
6871 1
6876 1
6908 1
6931 1
6933 1
6945 1
6953 1
6970 1
6971 1
6977 1
6990 1
7006 1
7020 1
7033 1
7071 1
7085 1
7097 1
7109 1
7113 1
7128 1
7147 1
7149 1
7176 1
7177 1
7196 1
7198 1
7215 1
7254 1
7271 1
7288 1
7290 1
7294 1
7333 1
7338 1
7355 1
7380 1
7419 1
7433 1
7466 1
7469 1
7479 1
7502 1
7511 1
7520 1
7528 1
7533 1
7549 1
7550 1
7564 1
7588 1
7590 1
7592 1
7600 1
7607 1
7620 1
7622 1
7648 1
7666 1
7708 1
7719 1
7737 1
7753 1
7782 1
7784 1
7811 1
7812 1
7825 1
7830 1
7847 1
7859 1
7903 1
7916 1
7937 1
7957 1
7966 1
7979 1
8053 1
8055 1
8076 1
8082 1
8083 1
8098 1
8100 1
8196 1
8216 1
8218 1
8220 1
8255 1
8266 1
8300 1
8307 1
8328 1
8348 1
8379 1
8404 1
8448 2
8568 1
8614 1
8657 1
8678 1
8690 1
8693 1
8717 1
8743 1
8786 2
8787 1
8798 1
8817 1
8844 1
8918 1
8959 1
8960 1
9020 1
9025 1
9041 1
9135 1
9177 1
9192 1
9197 1
9218 1
9245 1
9246 1
9258 1
9279 1
9423 1
9432 1
9484 1
9515 1
9523 1
9527 1
9631 1
9660 1
9679 1
9692 1
9713 1
9719 1
9756 1
9760 1
9800 1
9816 1
9821 1
9836 1
9838 1
9849 1
9867 1
9911 1
9932 1
9948 1
10007 1
10012 1
10032 1
10101 1
10122 1
10157 1
10171 1
10188 1
10220 1
10254 1
10286 1
10297 1
10318 1
10377 1
10414 1
10456 1
10482 1
10524 1
10548 1
10625 1
10666 1
10667 1
10676 1
10682 1
10716 1
10762 1
10803 1
10842 1
10843 1
10970 1
10989 1
11022 1
11034 1
11059 1
11126 1
11149 1
11258 1
11346 1
11362 1
11410 1
11413 1
11432 1
11433 1
11506 1
11532 1
11547 1
11563 1
11575 1
11591 1
11595 1
11609 1
11698 1
11725 1
11743 1
11962 1
11992 1
12106 1
12150 1
12258 1
12290 1
12303 1
12320 1
12439 1
12497 1
12554 1
12573 1
12680 1
12686 1
12714 1
12765 1
12766 1
12817 1
12818 1
12879 1
12896 1
12964 1
12971 1
12997 1
13028 1
13044 1
13128 1
13129 1
13182 1
13292 1
13311 1
13385 1
13405 1
13430 1
13504 1
13511 1
13608 1
13701 1
13826 1
13840 1
13866 1
13875 1
13897 1
14071 1
14194 1
14246 1
14251 1
14363 1
14366 1
14478 1
14551 1
14587 1
14595 1
14820 1
14848 1
14866 1
14879 1
15009 1
15010 1
15013 1
15119 1
15187 1
15234 1
15512 1
15632 1
15667 1
15806 1
15897 1
16123 1
16505 1
16762 1
16783 1
16838 1
16930 1
17112 1
18097 1
18131 1
18769 1
18852 1
18854 1
18897 1
19073 1
19981 1
20284 1
20710 1
20843 1
21728 1
22823 1
25033 1
27452 1
34790 1
