5 300000 20
0 1250005
1 16696
2 6437
3 3502
4 2190
5 1653
6 1300
7 998
8 802
9 674
10 583
11 524
12 447
13 414
14 371
15 339
16 291
17 269
18 247
19 223
20 194
21 207
22 177
23 188
24 160
25 151
26 152
27 152
28 106
29 134
30 105
31 112
32 118
33 90
34 89
35 92
36 96
37 84
38 78
39 79
40 53
41 69
42 71
43 80
44 82
45 77
46 64
47 50
48 54
49 57
50 51
51 58
52 58
53 36
54 38
55 55
56 53
57 54
58 34
59 52
60 37
61 38
62 50
63 32
64 34
65 39
66 45
67 39
68 36
69 35
70 40
71 22
72 32
73 28
74 25
75 29
76 29
77 30
78 30
79 24
80 19
81 36
82 33
83 17
84 19
85 30
86 24
87 16
88 22
89 37
90 31
91 22
92 28
93 21
94 24
95 24
96 25
97 15
98 15
99 19
100 14
101 23
102 27
103 20
104 10
105 23
106 19
107 16
108 10
109 21
110 13
111 13
112 13
113 11
114 11
115 19
116 19
117 13
118 14
119 17
120 10
121 16
122 23
123 16
124 9
125 14
126 12
127 15
128 22
129 12
130 12
131 12
132 10
133 7
134 21
135 6
136 9
137 11
138 6
139 16
140 16
141 13
142 13
143 10
144 10
145 12
146 12
147 9
148 10
149 9
150 15
151 11
152 10
153 7
154 9
155 9
156 10
157 7
158 4
159 12
160 11
161 7
162 14
163 8
164 4
165 13
166 8
167 13
168 7
169 9
170 12
171 6
172 3
173 8
174 10
175 6
176 8
177 13
178 7
179 5
180 5
181 7
182 8
183 3
184 9
185 5
186 6
187 8
188 2
189 4
190 12
191 10
192 4
193 6
194 3
195 6
196 6
197 5
198 5
199 6
200 7
201 6
202 10
203 3
204 5
205 7
206 8
207 6
208 5
209 2
210 3
211 4
212 4
213 8
214 7
215 4
216 9
218 8
219 9
220 9
221 9
222 3
223 4
224 7
225 11
226 4
227 5
228 3
229 5
230 1
231 9
232 4
233 5
234 5
235 4
236 3
237 3
238 5
239 6
240 1
241 11
242 1
243 10
244 5
245 10
246 10
247 6
248 5
249 10
250 8
251 3
252 7
253 5
254 8
255 5
256 5
257 2
258 6
260 3
261 8
262 3
263 3
264 4
265 7
266 5
268 7
269 5
270 1
271 3
272 4
273 8
274 3
275 2
276 7
277 5
278 3
279 3
280 4
281 4
282 4
283 4
284 7
285 1
286 1
287 4
288 5
289 2
290 3
291 5
292 6
293 3
294 6
295 5
296 2
297 1
298 3
299 2
300 6
301 1
302 5
303 3
304 2
305 5
306 8
307 6
308 3
309 3
310 3
311 4
312 6
313 2
314 3
315 3
316 5
317 2
318 4
319 7
320 2
321 1
322 3
323 5
324 3
325 3
326 4
327 3
328 3
329 1
330 1
331 3
332 1
333 1
334 5
335 5
336 4
337 6
338 3
339 5
340 1
341 1
342 3
343 2
344 4
345 3
346 4
347 2
348 2
349 6
350 5
351 3
352 8
353 5
354 3
355 6
356 3
357 1
358 4
359 3
360 1
361 3
362 1
363 1
365 4
366 3
367 1
368 2
370 3
371 3
372 3
373 3
374 2
375 6
376 3
377 3
378 1
379 3
380 2
381 3
382 1
383 3
384 1
385 1
386 3
388 4
390 4
391 1
392 4
393 4
394 3
395 1
397 4
398 4
399 6
401 3
402 2
403 3
404 3
405 2
406 5
407 1
408 2
409 3
410 1
411 4
412 2
413 2
414 5
415 1
416 2
417 1
418 4
420 5
422 2
424 2
425 3
426 1
427 2
429 2
430 3
433 1
434 3
435 2
436 3
437 3
438 2
439 3
440 2
441 1
442 2
443 3
445 1
446 4
447 3
448 1
449 1
450 3
451 2
452 4
453 1
454 4
455 2
457 2
458 1
461 4
462 1
463 1
464 1
465 2
466 2
467 1
469 1
470 1
472 2
473 3
474 2
475 1
477 1
478 3
479 1
480 1
481 3
482 2
483 2
484 4
485 2
486 2
488 3
490 1
494 5
495 1
496 1
497 6
498 2
500 1
502 3
503 1
505 1
506 2
507 1
508 1
509 2
510 2
511 1
513 1
515 2
516 1
518 2
519 3
520 1
521 2
522 2
524 1
525 1
526 2
528 1
529 1
531 1
532 1
533 2
534 2
535 2
536 4
537 1
538 2
541 1
542 2
543 2
544 1
545 2
546 2
547 2
548 1
549 2
551 1
552 2
553 1
554 1
555 1
557 2
560 1
561 2
562 3
563 3
564 1
566 2
567 1
568 3
569 2
570 1
572 1
574 2
575 1
576 2
578 1
580 2
581 1
582 1
583 3
585 1
586 1
588 1
589 1
590 1
591 1
592 3
593 1
594 1
596 1
597 2
598 1
599 2
600 1
602 3
605 1
606 1
607 3
608 1
609 1
610 1
611 3
612 4
613 1
616 1
617 2
619 3
620 2
622 1
623 1
624 2
627 1
628 1
630 1
631 1
632 1
633 1
634 3
635 1
636 1
637 2
638 2
639 3
641 2
642 1
643 2
644 2
645 2
646 5
647 2
649 3
655 1
656 2
657 2
658 3
659 1
660 3
661 1
663 1
665 1
667 2
668 1
669 2
670 2
671 2
672 3
676 2
677 2
678 3
679 1
681 1
683 1
684 1
685 1
687 2
690 1
693 1
696 1
700 4
701 2
702 3
703 1
704 2
706 1
707 1
709 1
710 1
711 1
715 3
717 1
718 1
719 1
720 2
722 2
723 1
724 2
725 1
726 1
728 1
730 4
731 1
734 1
736 1
738 4
741 1
743 2
746 1
747 2
748 1
749 1
750 1
752 2
754 2
758 3
759 3
762 2
763 1
764 1
765 2
766 1
767 2
769 1
770 1
772 3
775 1
776 1
778 1
780 1
782 1
784 1
785 1
786 2
789 1
791 1
794 1
795 1
796 1
798 1
800 3
801 1
804 1
805 1
806 2
807 1
808 1
809 2
812 1
813 1
816 1
818 1
819 1
821 1
822 1
823 1
826 3
827 1
828 1
829 1
830 1
831 1
834 1
836 1
839 2
842 1
844 1
846 1
848 2
850 1
854 2
855 2
858 1
863 1
865 1
868 1
869 1
872 1
875 1
876 1
880 2
882 1
887 1
888 1
889 1
891 1
893 1
894 1
895 1
901 2
903 2
905 2
907 2
909 1
913 1
915 1
917 1
918 1
920 1
921 1
923 2
927 1
928 3
929 1
933 2
938 1
940 1
943 1
944 1
950 2
953 1
962 1
964 2
972 1
973 2
975 1
976 1
978 1
980 2
984 1
985 1
987 1
990 1
994 1
996 1
1000 1
1001 3
1004 1
1006 1
1007 1
1010 1
1011 1
1016 1
1023 1
1027 1
1028 1
1029 1
1033 2
1036 1
1037 1
1045 1
1051 1
1056 1
1061 1
1063 1
1064 2
1067 1
1070 3
1078 1
1079 1
1081 1
1082 1
1087 1
1088 1
1095 1
1099 1
1101 1
1110 1
1111 1
1116 2
1121 1
1130 1
1134 1
1137 1
1138 1
1144 1
1145 1
1147 1
1149 1
1158 1
1160 1
1168 1
1173 1
1176 1
1183 1
1190 1
1192 1
1193 2
1198 1
1200 1
1201 1
1209 1
1211 1
1213 1
1215 1
1216 1
1218 1
1225 1
1226 2
1228 1
1229 1
1231 1
1233 1
1235 3
1251 1
1256 1
1259 1
1260 1
1264 1
1267 1
1270 1
1274 1
1276 3
1279 1
1280 1
1285 1
1287 1
1289 1
1293 2
1296 1
1297 1
1303 1
1306 1
1308 1
1309 1
1311 1
1318 1
1323 1
1326 1
1327 1
1342 1
1343 1
1351 1
1355 1
1357 1
1361 1
1367 1
1372 1
1379 1
1380 1
1383 1
1385 1
1389 1
1396 1
1400 1
1411 1
1414 1
1424 1
1428 1
1430 1
1431 1
1432 1
1446 1
1452 1
1453 1
1455 1
1457 1
1461 1
1472 1
1477 1
1482 1
1483 1
1486 1
1488 2
1489 1
1499 1
1508 1
1528 1
1531 1
1540 1
1547 1
1554 1
1560 1
1574 1
1593 1
1595 2
1619 1
1628 1
1636 1
1639 1
1681 1
1684 1
1693 1
1695 1
1704 1
1729 1
1736 1
1751 2
1777 1
1778 1
1807 1
1828 1
1853 1
1856 1
1876 1
1877 1
1881 1
1890 1
1922 1
1939 1
1940 2
1974 1
1975 1
1980 1
1987 1
1993 1
2000 1
2047 1
2072 1
2092 1
2104 1
2117 2
2136 1
2139 1
2145 1
2157 1
2171 1
2178 1
2192 1
2204 1
2231 1
2307 1
2309 1
2327 1
2342 1
2343 1
2360 1
2367 1
2402 1
2405 1
2451 1
2464 1
2504 1
2513 1
2546 1
2613 1
2630 1
2707 1
2727 1
2853 1
2930 1
2932 1
3006 1
3117 1
3126 1
3283 1
3516 1
3724 1
3746 1
3832 1
3940 1
4023 1
4207 1
4289 1
