50 100000 20
0 3500050
1 591270
2 211046
3 112131
4 70776
5 49356
6 36481
7 27495
8 21955
9 17756
10 14647
11 12269
12 10235
13 8739
14 7648
15 6567
16 5673
17 5030
18 4469
19 3932
20 3407
21 3139
22 2871
23 2564
24 2338
25 2105
26 1915
27 1752
28 1618
29 1427
30 1271
31 1131
32 1087
33 974
34 950
35 954
36 758
37 734
38 664
39 618
40 597
41 491
42 526
43 484
44 434
45 394
46 371
47 338
48 318
49 286
50 258
51 259
52 238
53 214
54 228
55 187
56 165
57 160
58 174
59 137
60 112
61 144
62 119
63 108
64 115
65 100
66 99
67 84
68 71
69 72
70 79
71 64
72 54
73 44
74 53
75 54
76 45
77 42
78 45
79 47
80 36
81 33
82 34
83 37
84 26
85 30
86 25
87 20
88 26
89 22
90 21
91 26
92 23
93 17
94 14
95 17
96 12
97 13
98 16
99 10
100 9
101 8
102 12
103 5
104 13
105 9
106 11
107 5
108 5
109 3
110 5
111 2
112 9
113 5
114 2
115 4
116 7
117 9
118 6
119 2
120 5
121 4
122 2
123 4
124 3
125 1
126 3
127 1
128 3
130 4
131 2
133 3
136 2
137 2
138 1
140 1
143 1
145 1
147 1
151 1
157 1
159 1
163 1
165 1
216 1
