50 100000 20
0 4000050
1 321365
2 117691
3 64409
4 41417
5 29640
6 22413
7 17468
8 14250
9 11712
10 10217
11 8612
12 7227
13 6489
14 5825
15 5103
16 4576
17 4063
18 3866
19 3430
20 3111
21 2891
22 2612
23 2492
24 2300
25 2195
26 1942
27 1821
28 1783
29 1657
30 1531
31 1445
32 1374
33 1275
34 1209
35 1174
36 1059
37 956
38 962
39 968
40 815
41 864
42 820
43 776
44 719
45 676
46 662
47 617
48 625
49 572
50 579
51 502
52 473
53 463
54 489
55 460
56 424
57 426
58 426
59 380
60 355
61 362
62 377
63 365
64 340
65 279
66 303
67 254
68 303
69 259
70 226
71 241
72 224
73 243
74 215
75 186
76 213
77 197
78 192
79 195
80 188
81 198
82 191
83 166
84 159
85 140
86 156
87 155
88 129
89 133
90 139
91 121
92 135
93 126
94 105
95 124
96 101
97 119
98 114
99 104
100 105
101 93
102 95
103 94
104 99
105 91
106 73
107 101
108 93
109 86
110 71
111 62
112 67
113 67
114 66
115 53
116 64
117 58
118 63
119 62
120 38
121 59
122 58
123 36
124 48
125 43
126 46
127 48
128 48
129 35
130 49
131 46
132 41
133 24
134 42
135 36
136 40
137 35
138 38
139 32
140 32
141 38
142 44
143 33
144 26
145 29
146 25
147 25
148 26
149 27
150 21
151 25
152 20
153 16
154 23
155 17
156 23
157 24
158 17
159 19
160 23
161 20
162 21
163 21
164 25
165 20
166 15
167 22
168 16
169 14
170 6
171 12
172 8
173 16
174 15
175 9
176 18
177 11
178 8
179 16
180 11
181 8
182 13
183 8
184 16
185 14
186 9
187 11
188 6
189 4
190 11
191 8
192 9
193 11
194 10
195 5
196 7
197 8
198 16
199 8
200 5
201 8
202 9
203 9
204 4
205 7
206 6
207 8
208 7
209 7
210 10
211 8
212 2
213 4
214 5
215 11
216 4
217 6
218 6
219 5
220 1
221 4
222 2
223 3
224 7
225 2
226 3
227 4
228 5
229 7
230 3
231 2
232 3
233 7
234 4
235 7
236 3
237 6
238 2
239 2
240 8
241 4
242 1
243 3
244 1
245 5
246 2
247 5
248 1
249 1
250 4
251 3
253 3
254 2
256 2
257 2
258 2
259 5
260 3
261 1
262 1
264 3
265 2
267 1
268 1
269 3
270 2
272 3
273 1
274 4
275 2
277 3
278 1
279 1
280 1
281 3
282 1
283 1
286 1
287 1
288 2
289 1
290 2
291 3
293 2
297 2
299 1
300 1
301 1
302 2
303 1
313 1
317 2
318 1
319 3
323 1
324 1
326 2
331 1
334 1
339 1
351 1
352 1
353 1
359 1
370 1
371 1
377 1
382 1
385 1
395 1
400 1
405 1
407 1
