5 300000 20
0 1125005
1 68532
2 25634
3 14491
4 9253
5 6667
6 5052
7 3945
8 3216
9 2713
10 2297
11 1923
12 1822
13 1516
14 1409
15 1225
16 1094
17 959
18 900
19 794
20 820
21 695
22 672
23 589
24 586
25 572
26 500
27 464
28 429
29 431
30 380
31 351
32 340
33 341
34 303
35 317
36 294
37 274
38 246
39 281
40 259
41 206
42 213
43 234
44 204
45 200
46 204
47 175
48 171
49 158
50 144
51 140
52 167
53 141
54 134
55 151
56 132
57 102
58 130
59 105
60 125
61 114
62 116
63 105
64 90
65 102
66 96
67 97
68 87
69 87
70 78
71 81
72 67
73 73
74 77
75 73
76 68
77 75
78 65
79 58
80 57
81 57
82 70
83 42
84 53
85 65
86 55
87 52
88 55
89 50
90 47
91 56
92 41
93 39
94 58
95 42
96 36
97 40
98 41
99 57
100 41
101 39
102 37
103 31
104 34
105 39
106 26
107 35
108 34
109 32
110 31
111 28
112 18
113 27
114 23
115 33
116 24
117 23
118 19
119 24
120 24
121 33
122 20
123 24
124 23
125 24
126 23
127 30
128 24
129 22
130 19
131 24
132 18
133 20
134 13
135 20
136 20
137 16
138 13
139 15
140 17
141 15
142 19
143 20
144 12
145 10
146 11
147 13
148 16
149 15
150 10
151 12
152 18
153 13
154 11
155 15
156 15
157 13
158 9
159 7
160 12
161 12
162 9
163 14
164 9
165 10
166 12
167 7
168 7
169 11
170 13
171 10
172 9
173 7
174 8
175 11
176 10
177 16
178 11
179 10
180 13
181 8
182 8
183 7
184 6
185 6
186 3
187 10
188 4
189 12
190 6
191 6
192 10
193 15
194 8
195 10
196 6
197 5
198 11
199 6
200 8
201 6
202 8
203 6
204 7
205 4
206 6
207 6
208 3
209 4
210 3
211 7
212 4
213 5
214 5
215 3
216 8
217 7
218 4
219 4
220 8
221 5
222 4
223 2
224 1
225 5
226 2
227 6
228 5
229 4
230 7
231 1
232 6
233 4
234 1
235 1
236 6
237 2
238 3
239 2
240 6
241 2
242 3
243 6
244 2
245 2
246 2
247 2
248 4
249 4
250 1
251 3
252 2
253 5
254 2
255 2
256 6
257 2
258 1
259 4
260 3
261 3
262 1
264 2
265 6
266 3
267 2
268 2
270 6
271 2
272 3
273 5
274 1
275 2
276 3
277 1
278 3
279 5
280 1
281 3
282 3
283 3
284 1
285 1
287 4
289 1
290 2
291 1
292 1
293 2
294 1
295 4
296 2
298 1
299 2
300 2
301 2
302 3
303 1
305 1
306 2
307 2
308 3
309 1
310 2
311 2
312 1
314 4
316 1
318 1
321 5
323 1
324 2
325 1
326 1
327 2
329 1
330 2
331 2
333 1
335 1
336 1
337 1
339 1
341 1
343 1
344 2
345 2
346 1
349 1
350 2
352 1
358 3
360 1
361 1
362 1
365 1
371 1
376 1
377 2
379 1
380 2
381 1
383 1
385 2
391 1
395 1
398 1
399 2
400 1
405 1
408 1
410 1
413 2
417 1
419 1
420 1
424 1
428 1
437 1
439 1
440 1
444 1
450 1
451 1
459 1
462 1
467 1
472 1
474 1
479 1
483 1
486 1
501 1
507 1
508 2
510 1
511 1
514 1
516 1
527 1
542 1
554 1
604 1
619 1
623 1
677 1
682 1
705 1
855 1
