5 300000 20
0 875005
1 200352
2 73115
3 38875
4 23986
5 16593
6 11851
7 9021
8 7159
9 5723
10 4638
11 3895
12 3143
13 2622
14 2304
15 1977
16 1675
17 1479
18 1292
19 1150
20 963
21 835
22 730
23 682
24 634
25 539
26 528
27 433
28 390
29 344
30 330
31 286
32 257
33 223
34 175
35 186
36 167
37 165
38 159
39 128
40 127
41 96
42 95
43 98
44 89
45 76
46 88
47 52
48 62
49 70
50 47
51 57
52 42
53 30
54 30
55 37
56 37
57 34
58 31
59 27
60 26
61 28
62 29
63 18
64 21
65 16
66 17
67 12
68 10
69 18
70 8
71 14
72 11
73 5
74 9
75 10
76 4
77 10
78 5
79 4
80 3
81 3
82 2
83 5
84 2
85 4
86 2
88 1
89 3
90 4
91 3
92 2
93 3
94 1
95 3
97 3
98 1
100 2
101 1
102 1
104 1
106 2
107 2
113 2
116 2
126 1
