50 100000 20
0 3250050
1 745921
2 261187
3 136403
4 84274
5 57596
6 41547
7 31091
8 24356
9 18951
10 15455
11 12725
12 10367
13 8709
14 7446
15 6196
16 5423
17 4581
18 4090
19 3427
20 3140
21 2744
22 2391
23 2063
24 1822
25 1619
26 1547
27 1249
28 1134
29 997
30 901
31 813
32 739
33 667
34 608
35 558
36 480
37 471
38 405
39 352
40 338
41 302
42 275
43 253
44 224
45 228
46 175
47 179
48 151
49 131
50 121
51 99
52 115
53 83
54 92
55 81
56 65
57 58
58 56
59 64
60 50
61 42
62 50
63 51
64 43
65 30
66 25
67 31
68 23
69 26
70 37
71 22
72 9
73 17
74 17
75 20
76 22
77 13
78 12
79 9
80 10
81 7
82 8
83 9
84 4
85 2
86 6
87 4
88 4
89 5
90 7
91 1
92 2
93 1
94 2
95 3
96 3
97 3
99 2
100 4
102 3
103 3
104 3
105 4
107 1
109 2
110 2
111 1
114 2
115 1
116 1
118 1
121 1
124 1
125 1
131 1
135 1
149 1
