5 300000 20
0 1000005
1 129503
2 47944
3 26417
4 16765
5 11851
6 8766
7 6843
8 5521
9 4547
10 3790
11 3187
12 2805
13 2339
14 2117
15 1918
16 1578
17 1510
18 1352
19 1165
20 1094
21 987
22 840
23 769
24 777
25 644
26 618
27 595
28 551
29 540
30 464
31 438
32 421
33 385
34 380
35 312
36 292
37 271
38 275
39 266
40 250
41 197
42 190
43 190
44 168
45 186
46 161
47 169
48 140
49 131
50 134
51 137
52 130
53 97
54 98
55 101
56 88
57 93
58 97
59 82
60 66
61 77
62 76
63 72
64 72
65 52
66 66
67 62
68 48
69 58
70 52
71 43
72 44
73 31
74 45
75 46
76 45
77 35
78 32
79 40
80 43
81 33
82 22
83 26
84 31
85 17
86 27
87 30
88 24
89 18
90 18
91 27
92 16
93 20
94 17
95 18
96 20
97 12
98 13
99 17
100 11
101 22
102 13
103 14
104 6
105 12
106 11
107 9
108 9
109 11
110 9
111 9
112 14
113 9
114 5
115 7
116 7
117 10
118 13
119 4
120 4
121 4
122 5
123 7
124 9
125 7
126 6
127 5
128 3
129 6
130 3
131 2
132 5
133 3
134 4
135 1
136 3
137 3
138 3
139 2
140 3
141 1
142 8
143 1
144 4
145 1
146 3
147 4
148 3
151 1
152 3
153 2
157 3
158 3
160 2
161 1
162 5
163 1
166 1
167 1
168 2
169 1
170 1
171 3
172 1
177 3
178 3
179 1
184 1
185 1
187 2
188 1
189 1
191 1
192 1
196 1
198 1
200 1
201 1
202 1
207 2
213 1
232 1
248 1
256 1
310 1
