50 100000 20
0 4750006
1 2692
2 938
3 512
4 322
5 276
6 190
7 145
8 138
9 122
10 116
11 71
12 65
13 59
14 53
15 46
16 40
17 36
18 43
19 27
20 24
21 26
22 28
23 33
24 21
25 20
26 18
27 14
28 15
29 19
30 17
31 17
32 16
33 20
34 18
35 14
36 14
37 12
38 13
39 19
40 15
41 17
42 9
43 9
44 15
45 6
46 7
47 6
48 8
49 8
50 3
51 6
52 2
53 8
54 7
55 8
56 8
57 10
58 6
59 10
60 6
61 10
62 7
63 4
64 7
65 6
66 3
67 6
68 3
69 6
70 3
71 5
72 5
73 2
74 7
75 3
76 7
77 7
78 5
79 5
80 6
81 6
82 4
83 4
84 5
85 1
86 8
87 7
88 2
89 2
90 2
91 5
92 1
93 5
94 4
95 5
96 6
97 1
98 1
99 4
100 2
101 6
102 1
103 4
105 2
106 4
107 3
108 3
109 5
110 4
111 2
112 1
113 8
114 3
115 1
116 1
117 2
118 1
119 2
120 3
121 4
122 3
123 3
124 4
125 3
126 3
127 3
128 1
129 2
130 2
131 1
132 2
133 1
134 2
135 3
136 2
137 2
138 2
140 2
141 6
142 2
143 2
145 1
146 2
147 1
149 2
150 4
151 1
153 4
155 3
156 1
157 3
158 3
160 1
161 1
162 2
163 4
165 1
166 2
168 1
169 2
171 1
173 1
174 2
175 4
176 2
177 3
178 3
179 1
180 1
181 2
182 1
183 1
185 3
186 2
187 2
188 3
189 2
191 2
192 1
193 1
194 1
195 2
198 2
199 5
200 1
202 1
205 1
206 1
208 2
209 1
210 1
211 1
214 1
217 3
219 2
221 3
222 3
225 1
228 1
230 4
233 1
235 1
236 1
237 2
238 1
240 2
241 1
243 2
245 1
247 1
248 1
250 2
251 1
254 1
256 1
259 1
260 1
261 1
262 1
264 1
267 1
268 3
269 2
270 1
272 2
274 1
276 1
277 1
285 1
287 1
288 1
291 1
294 1
296 1
297 2
299 2
300 1
301 1
302 1
303 2
304 1
306 1
307 1
310 2
313 1
316 1
317 1
318 1
320 1
321 1
322 1
325 1
328 2
332 1
333 1
336 1
338 1
340 1
341 1
342 1
343 1
346 1
348 1
350 1
351 1
354 2
355 1
357 1
359 1
360 1
362 1
365 1
366 1
368 1
370 1
371 2
372 1
374 1
375 1
376 2
379 2
384 1
385 1
386 1
387 1
388 1
389 1
390 1
392 1
395 1
396 1
399 1
406 1
410 1
411 1
415 1
417 1
418 2
424 1
425 1
426 1
428 1
430 1
433 1
440 1
443 1
445 1
449 1
450 1
457 1
458 2
464 1
467 1
473 1
483 1
485 3
487 1
490 2
496 1
497 1
498 1
500 2
505 2
509 2
511 1
512 3
515 1
517 1
519 1
520 2
521 1
527 1
531 1
538 1
539 1
545 1
547 3
553 1
556 1
561 1
562 1
565 1
568 1
570 1
571 1
579 1
585 1
588 1
590 1
593 1
596 1
597 1
599 1
605 2
607 1
610 1
611 2
614 1
615 1
624 1
626 1
632 1
640 2
642 1
646 2
647 1
650 1
654 2
659 1
662 1
666 1
672 1
674 1
675 1
678 1
679 1
683 1
686 1
689 1
694 1
697 1
702 1
707 1
708 1
711 1
713 1
717 1
720 1
723 2
724 1
726 2
727 1
729 1
731 1
737 2
744 2
745 2
748 1
749 1
751 2
754 2
756 1
760 1
766 2
771 1
772 2
773 1
777 1
784 1
788 1
793 1
802 2
816 2
818 1
825 1
828 2
831 1
832 1
834 1
835 2
836 1
838 1
842 1
852 3
853 1
856 2
857 1
861 1
863 1
866 1
874 1
881 1
883 1
886 4
887 1
892 1
895 1
906 1
911 1
914 1
931 1
932 1
935 1
946 1
952 1
958 1
962 2
968 1
971 1
974 1
975 1
980 1
984 1
987 1
1000 1
1001 1
1003 1
1015 1
1019 1
1022 1
1027 1
1030 1
1034 1
1039 1
1040 1
1041 2
1042 1
1043 1
1045 2
1050 1
1054 1
1055 1
1060 1
1066 1
1067 1
1075 1
1077 1
1087 1
1088 1
1091 1
1097 1
1101 1
1108 1
1110 1
1114 1
1119 2
1122 1
1123 1
1128 1
1129 1
1136 1
1151 1
1152 1
1156 1
1161 1
1164 1
1173 1
1176 1
1178 1
1182 1
1190 1
1196 1
1199 1
1200 1
1202 1
1208 1
1212 1
1223 1
1229 1
1257 1
1259 1
1261 1
1262 1
1265 1
1266 1
1269 1
1281 1
1291 1
1294 1
1295 1
1305 1
1314 1
1325 1
1342 1
1361 1
1363 1
1364 1
1365 1
1373 1
1374 1
1376 1
1382 1
1387 1
1391 1
1392 1
1395 1
1399 1
1401 1
1407 1
1413 1
1414 1
1427 1
1429 1
1444 1
1447 1
1450 1
1462 1
1463 2
1472 1
1479 1
1488 1
1490 2
1493 1
1503 1
1509 2
1511 1
1513 1
1517 1
1519 1
1531 1
1533 1
1536 1
1537 1
1541 1
1542 1
1546 1
1548 2
1556 1
1559 1
1561 1
1562 1
1563 1
1568 1
1572 1
1584 1
1594 1
1596 1
1602 1
1619 1
1623 1
1625 1
1647 1
1651 1
1658 1
1661 1
1662 1
1664 1
1668 1
1680 1
1684 1
1690 1
1694 1
1702 1
1705 1
1708 2
1709 1
1711 1
1722 1
1727 1
1731 1
1733 1
1735 1
1741 1
1751 2
1760 1
1764 1
1778 2
1784 1
1794 1
1798 1
1802 1
1804 1
1808 1
1809 1
1814 1
1818 1
1824 1
1832 1
1834 1
1835 1
1837 1
1849 1
1856 1
1858 1
1864 1
1865 1
1869 1
1871 1
1874 1
1875 2
1881 1
1884 1
1889 1
1915 1
1916 1
1920 1
1929 1
1934 1
1935 1
1947 1
1950 1
1954 1
1957 2
1958 1
1971 1
1972 1
1984 1
1987 1
1988 1
1990 1
1996 1
2011 1
2016 1
2027 1
2035 1
2037 1
2039 1
2041 1
2045 1
2061 1
2064 2
2068 1
2069 1
2080 2
2085 1
2097 2
2101 1
2106 1
2110 1
2114 1
2120 1
2121 1
2123 1
2125 1
2130 1
2133 1
2144 1
2151 1
2161 1
2164 1
2166 1
2171 2
2183 1
2188 1
2190 1
2197 1
2218 1
2220 1
2221 1
2222 1
2223 1
2226 1
2241 1
2246 1
2249 1
2254 1
2258 1
2259 1
2264 1
2266 1
2271 1
2294 1
2304 1
2310 1
2319 1
2321 1
2325 1
2330 1
2335 1
2339 1
2343 1
2347 1
2352 1
2355 1
2358 1
2369 1
2377 1
2379 1
2385 1
2390 1
2397 1
2401 2
2403 1
2404 1
2406 1
2411 1
2415 2
2420 1
2428 1
2432 1
2433 1
2434 1
2441 2
2444 1
2446 1
2450 1
2451 1
2457 1
2461 2
2464 1
2478 1
2486 1
2489 1
2491 1
2495 1
2497 1
2499 2
2516 1
2517 1
2522 1
2525 1
2534 1
2535 1
2540 1
2543 2
2544 1
2549 1
2555 1
2557 1
2566 1
2570 1
2573 2
2585 1
2587 1
2610 1
2617 1
2621 1
2623 1
2627 1
2633 1
2636 1
2643 1
2646 1
2647 1
2648 2
2660 1
2670 2
2679 1
2680 1
2689 1
2698 1
2704 1
2708 1
2715 1
2736 1
2738 1
2744 1
2748 1
2751 1
2753 1
2761 1
2763 3
2767 1
2768 1
2775 1
2777 1
2781 1
2792 1
2801 1
2802 1
2811 1
2816 3
2822 1
2825 1
2833 1
2835 1
2837 1
2839 1
2840 1
2856 1
2861 1
2870 2
2877 1
2878 1
2881 1
2893 1
2903 1
2918 1
2920 1
2922 1
2936 1
2947 1
2956 1
2961 1
2982 1
2984 1
2988 1
2993 1
3003 1
3005 1
3014 1
3022 1
3028 1
3035 1
3063 1
3065 1
3070 1
3071 1
3072 1
3077 1
3079 1
3082 1
3092 2
3098 1
3099 1
3101 1
3112 1
3116 1
3124 2
3127 1
3133 1
3135 1
3136 1
3140 2
3144 1
3145 1
3147 1
3149 1
3155 1
3161 1
3167 1
3170 1
3172 1
3175 1
3191 1
3197 1
3198 1
3201 1
3207 1
3211 1
3220 1
3238 1
3243 1
3247 1
3250 1
3255 1
3261 2
3291 2
3294 1
3295 1
3296 1
3373 1
3380 1
3383 1
3400 2
3403 1
3406 1
3413 2
3423 1
3427 1
3435 1
3436 1
3438 1
3439 1
3442 3
3445 2
3454 1
3457 1
3460 1
3468 1
3475 1
3484 1
3488 1
3489 1
3496 1
3500 1
3511 1
3512 1
3518 1
3526 2
3528 1
3535 1
3540 1
3546 1
3548 1
3549 1
3552 1
3559 1
3566 1
3567 1
3569 1
3575 1
3577 1
3581 1
3582 1
3588 1
3593 1
3594 1
3602 1
3606 1
3617 1
3619 1
3626 2
3637 1
3640 1
3670 1
3671 1
3679 1
3700 1
3713 1
3715 1
3719 1
3725 1
3736 1
3745 2
3756 1
3757 1
3760 2
3762 1
3770 1
3790 1
3802 1
3810 1
3814 1
3815 1
3827 1
3831 1
3839 1
3840 1
3845 1
3852 1
3861 1
3866 1
3870 1
3871 1
3875 1
3887 1
3894 1
3897 1
3900 1
3911 1
3934 1
3942 1
3946 1
3956 1
3958 1
3961 1
3965 1
3967 1
3972 1
3981 1
3990 1
3991 1
4001 1
4004 1
4005 1
4007 1
4011 1
4016 1
4026 1
4033 1
4034 1
4040 1
4047 1
4057 1
4058 1
4080 1
4082 1
4087 2
4094 1
4095 1
4099 1
4105 1
4107 1
4109 1
4126 1
4132 1
4133 1
4136 2
4143 1
4153 1
4155 1
4161 1
4166 1
4172 1
4173 1
4174 1
4184 2
4185 1
4197 1
4200 1
4203 1
4206 1
4225 1
4230 1
4232 1
4237 1
4258 1
4275 1
4276 1
4288 1
4296 1
4301 1
4303 1
4314 1
4332 1
4333 1
4338 1
4343 1
4345 1
4349 1
4385 1
4388 1
4397 1
4398 2
4403 1
4412 2
4414 1
4415 1
4428 2
4431 1
4432 1
4433 1
4442 2
4445 1
4463 1
4466 1
4476 1
4480 1
4487 1
4498 1
4500 1
4537 1
4542 1
4544 1
4547 1
4548 1
4549 1
4550 1
4551 1
4553 1
4560 1
4562 1
4569 1
4571 1
4572 1
4582 1
4586 2
4592 1
4593 1
4597 1
4616 1
4631 1
4632 1
4636 1
4640 1
4646 1
4655 1
4668 1
4682 1
4687 2
4690 1
4694 1
4699 1
4701 1
4707 1
4713 1
4716 1
4726 1
4728 1
4734 2
4735 2
4739 1
4747 1
4748 1
4752 1
4754 1
4775 1
4776 1
4778 1
4798 1
4814 1
4817 1
4827 1
4843 1
4854 1
4859 1
4862 1
4866 1
4884 1
4885 1
4897 1
4904 1
4906 1
4913 1
4920 1
4933 1
4938 1
4947 1
4948 1
4949 1
4957 1
4981 1
4983 3
4984 1
4992 1
5004 1
5016 1
5025 1
5029 1
5030 1
5036 2
5046 1
5069 1
5071 1
5073 1
5076 1
5079 1
5086 1
5091 1
5093 1
5125 1
5126 1
5133 1
5138 1
5145 1
5153 1
5173 1
5180 1
5197 1
5202 1
5204 1
5218 1
5220 1
5229 1
5230 1
5240 1
5287 2
5297 1
5315 1
5323 1
5331 1
5342 1
5343 1
5344 1
5350 2
5359 1
5392 1
5395 1
5399 1
5414 1
5441 1
5444 1
5448 1
5449 1
5452 1
5454 1
5457 1
5458 1
5474 1
5475 1
5482 1
5495 1
5499 1
5501 2
5508 1
5514 1
5516 1
5542 2
5546 1
5555 1
5558 1
5559 1
5567 1
5569 1
5570 1
5582 1
5586 1
5595 1
5607 1
5609 2
5652 1
5656 1
5666 1
5667 1
5734 1
5736 1
5739 1
5752 1
5754 1
5769 1
5810 1
5826 1
5856 1
5877 1
5907 1
5942 1
5968 1
5970 1
5991 1
6000 1
6007 1
6038 1
6042 1
6050 1
6058 1
6076 1
6090 1
6098 1
6135 1
6137 1
6144 1
6162 1
6163 1
6172 1
6184 1
6185 1
6202 1
6207 1
6224 1
6227 1
6245 1
6297 1
6302 1
6303 1
6320 1
6337 1
6350 1
6368 1
6373 1
6395 1
6400 1
6403 1
6415 1
6418 1
6434 1
6437 1
6442 1
6465 1
6466 1
6483 1
6489 1
6491 1
6493 1
6505 1
6513 1
6515 1
6527 1
6528 1
6531 1
6534 1
6550 1
6566 1
6567 1
6597 1
6628 1
6631 1
6641 1
6654 1
6655 1
6669 1
6698 1
6707 1
6710 1
6725 1
6738 2
6742 1
6743 1
6751 1
6783 1
6854 1
6871 1
6884 1
6893 1
6895 1
6902 1
6915 1
6926 1
6932 1
6957 1
6966 1
6973 1
6992 1
7021 1
7047 1
7053 1
7062 1
7067 1
7069 1
7076 1
7085 1
7098 1
7125 1
7130 1
7134 1
7171 1
7195 1
7196 1
7207 1
7260 1
7269 1
7272 1
7285 1
7306 1
7364 1
7387 1
7408 2
7415 1
7419 1
7420 1
7445 1
7480 1
7502 1
7513 1
7515 1
7548 1
7549 1
7565 1
7573 1
7594 1
7686 1
7709 1
7735 1
7738 1
7745 1
7766 1
7806 1
7827 2
7847 1
7939 1
7957 1
8016 1
8039 1
8054 1
8058 1
8064 1
8074 1
8119 1
8131 1
8134 1
8139 1
8159 1
8212 1
8220 1
8226 1
8267 1
8286 1
8306 1
8364 1
8366 1
8384 1
8404 1
8442 1
8471 1
8544 1
8562 1
8609 1
8637 1
8671 1
8681 1
8691 1
8721 1
8825 1
8913 1
8916 1
8936 1
8966 1
8984 1
9002 1
9019 1
9045 1
9058 1
9139 1
9151 1
9165 1
9195 1
9200 1
9258 1
9301 1
9387 1
9425 1
9455 1
9515 1
9587 1
9616 1
9619 1
9676 1
9720 1
9748 1
9810 1
9836 1
9883 1
9914 1
9955 1
10001 1
10058 1
10127 1
10278 1
10398 1
10456 1
10459 1
10463 1
10547 1
10695 1
10747 2
10754 1
10826 1
10842 1
10844 1
10886 1
10891 1
11003 1
11032 1
11051 1
11070 1
11133 1
11244 1
11257 1
11348 1
11374 1
11464 1
11483 1
11510 1
11595 1
11676 1
11966 1
11971 1
12077 1
12482 1
12558 1
12591 1
12838 1
12933 1
12995 1
13175 1
13405 1
14045 1
14330 1
15629 1
15854 1
15968 1
16284 1
20824 1
