50 100000 20
0 3750050
1 449804
2 163098
3 88336
4 56091
5 39837
6 29801
7 22753
8 18701
9 15082
10 12815
11 10926
12 9178
13 8108
14 6976
15 6057
16 5441
17 4885
18 4373
19 3941
20 3490
21 3269
22 2859
23 2761
24 2543
25 2263
26 2176
27 1977
28 1812
29 1758
30 1607
31 1385
32 1295
33 1208
34 1159
35 1126
36 1024
37 933
38 869
39 794
40 787
41 771
42 714
43 702
44 655
45 574
46 564
47 515
48 501
49 473
50 450
51 400
52 409
53 421
54 369
55 333
56 328
57 319
58 271
59 293
60 251
61 236
62 256
63 218
64 199
65 198
66 205
67 190
68 170
69 160
70 169
71 134
72 156
73 140
74 135
75 122
76 120
77 131
78 111
79 102
80 89
81 97
82 92
83 99
84 89
85 72
86 79
87 85
88 70
89 72
90 60
91 51
92 61
93 47
94 62
95 56
96 56
97 49
98 38
99 45
100 44
101 43
102 35
103 38
104 30
105 36
106 30
107 32
108 35
109 27
110 24
111 30
112 21
113 26
114 20
115 20
116 15
117 23
118 18
119 20
120 23
121 20
122 13
123 17
124 20
125 17
126 19
127 17
128 16
129 15
130 9
131 16
132 11
133 13
134 7
135 8
136 10
137 14
138 11
139 14
140 5
141 10
142 6
143 10
144 5
145 8
146 5
147 6
148 6
149 3
150 8
151 7
152 2
153 3
154 5
155 6
156 3
157 3
158 6
159 5
160 1
161 4
162 3
163 3
164 2
165 1
166 4
167 1
168 4
169 4
170 5
171 1
172 3
174 6
175 2
176 1
177 3
178 1
179 2
180 1
181 1
182 1
183 3
184 1
185 2
186 2
187 2
188 2
189 1
190 1
191 3
192 1
193 1
194 2
195 1
196 1
197 1
198 2
201 1
202 1
203 1
204 1
205 1
206 2
213 1
214 1
215 1
216 1
220 1
223 1
224 2
229 1
232 1
245 1
292 1
307 1
