100 1000 50
0 93670
1 5
2 9
3 17
4 43
5 69
6 70
7 99
8 120
9 125
10 119
11 82
12 91
13 83
14 53
15 41
16 34
17 33
18 29
19 27
20 15
21 16
22 7
23 13
24 7
25 6
26 5
27 6
28 5
29 7
30 4
32 4
33 3
34 5
35 3
36 3
37 5
38 2
39 2
40 2
41 4
42 3
43 3
46 2
47 1
50 1
54 2
55 2
57 2
58 3
61 1
66 1
70 2
71 1
72 2
73 2
76 2
83 1
86 2
87 1
100 1
102 1
106 1
107 1
116 1
120 1
125 1
127 1
131 1
132 2
134 1
138 2
139 1
140 2
141 1
154 1
156 1
158 1
164 1
171 1
173 1
175 1
187 1
189 1
191 1
196 2
202 1
207 2
213 1
214 1
219 1
223 2
228 1
238 1
239 2
241 1
242 1
244 1
247 1
248 1
249 2
254 2
255 2
257 1
258 1
259 1
260 1
261 1
262 1
264 1
265 1
266 1
267 2
268 1
270 1
273 1
274 1
275 2
279 1
286 1
288 1
289 1
290 1
291 1
292 2
296 1
300 3
308 2
310 1
311 1
313 1
315 1
318 1
319 3
323 1
325 1
327 1
328 1
330 2
332 1
333 1
334 1
336 1
338 3
339 1
342 1
343 1
344 4
346 1
347 2
348 2
351 1
353 1
355 2
356 1
358 2
359 1
360 1
362 1
363 1
365 1
366 1
368 3
371 2
372 1
373 1
374 1
376 1
377 1
378 1
380 1
381 1
382 2
383 3
384 1
385 2
386 1
388 2
391 2
392 1
393 1
395 4
396 4
397 2
398 1
399 2
400 1
401 1
404 3
405 2
406 3
407 1
408 1
410 2
411 3
412 1
413 2
414 5
415 1
416 1
417 1
419 1
421 2
422 2
423 3
424 1
425 1
426 2
427 2
429 5
430 1
431 3
432 2
433 4
434 3
435 2
437 1
438 3
439 1
441 1
442 1
443 1
444 1
447 1
451 1
452 1
454 3
474 1
