100 1000 50
0 93468
1 3
2 12
3 47
4 69
5 95
6 146
7 160
8 171
9 123
10 117
11 118
12 89
13 68
14 52
15 39
16 33
17 24
18 10
19 15
20 7
21 6
22 12
23 7
24 6
25 4
26 6
27 6
28 2
29 2
30 3
31 6
32 7
33 3
36 1
37 3
38 1
40 1
41 1
42 2
43 2
46 2
47 1
50 1
51 1
52 2
53 4
55 1
58 1
60 1
62 1
64 1
65 1
66 1
67 2
69 1
71 2
74 1
80 1
85 1
94 1
97 1
98 1
99 1
101 1
109 1
115 1
119 1
124 1
126 1
128 1
129 1
134 1
135 1
136 1
140 1
142 1
147 1
151 1
155 1
157 1
158 1
163 1
164 1
168 2
172 1
177 2
182 1
183 1
198 1
204 1
206 1
216 2
217 1
219 1
220 1
224 1
225 1
226 3
231 2
233 1
236 1
239 1
244 1
245 1
247 1
248 2
249 1
251 1
252 1
254 1
255 1
257 2
258 1
259 1
261 1
262 3
263 1
265 1
267 1
268 2
269 1
270 1
277 3
278 1
286 1
290 1
291 1
292 1
293 1
294 1
295 1
296 1
298 2
299 1
300 2
307 1
309 2
310 1
313 2
317 1
319 1
320 1
321 1
324 1
329 1
330 1
331 2
332 3
333 2
334 1
335 1
336 1
337 1
339 1
340 2
341 1
342 1
344 1
345 1
346 1
347 1
354 1
356 1
357 1
359 1
361 1
363 3
365 1
366 1
368 1
369 3
371 1
373 1
374 1
375 2
376 1
377 1
378 2
382 1
384 1
385 1
386 1
387 1
390 1
391 1
392 4
393 1
395 3
397 1
399 2
400 2
401 2
402 1
403 2
405 2
406 3
407 1
408 1
409 2
410 2
411 3
412 3
413 1
414 1
415 3
416 3
417 3
419 1
420 2
421 2
422 1
423 2
424 1
426 3
427 6
428 2
429 1
430 2
431 1
432 1
436 4
437 1
438 1
439 1
440 4
441 2
443 2
444 3
445 3
447 2
448 1
449 1
454 1
460 1
475 1
