100 1000 50
0 93356
1 15
2 26
3 57
4 104
5 128
6 164
7 193
8 165
9 143
10 137
11 99
12 82
13 47
14 35
15 35
16 28
17 19
18 13
19 14
20 16
21 11
22 12
23 5
24 4
25 6
26 5
27 2
28 2
29 5
30 2
31 2
33 1
34 3
36 2
37 1
38 2
39 1
40 1
41 3
42 1
43 1
44 2
49 1
50 1
51 1
52 1
53 2
55 1
56 1
57 1
58 1
59 2
61 1
67 1
70 1
73 2
74 1
77 2
80 1
81 1
90 1
93 1
97 1
100 1
102 1
104 1
107 1
114 1
117 1
119 1
128 1
135 2
140 1
141 1
142 1
144 2
146 1
148 1
150 1
151 1
152 1
155 1
174 1
177 1
178 1
180 1
181 1
182 3
186 1
201 1
206 1
207 1
213 1
222 1
227 1
229 2
230 1
231 1
233 1
234 1
237 1
239 1
240 2
246 1
247 2
248 1
249 1
252 2
254 1
255 2
256 3
257 1
258 2
259 1
260 1
261 1
262 1
263 2
265 1
268 1
269 1
270 1
272 1
273 3
275 1
276 1
278 1
280 1
283 1
287 1
288 1
294 1
300 3
302 1
303 2
304 1
307 1
310 1
315 1
319 1
322 2
323 1
326 1
327 3
328 1
329 1
331 2
333 1
335 1
336 1
337 1
338 1
341 1
343 1
344 1
345 1
346 1
347 1
350 1
351 1
352 2
353 1
354 2
356 1
358 2
361 1
363 1
364 1
365 1
366 1
367 2
369 2
370 1
371 1
373 1
374 1
375 1
376 2
380 2
381 1
383 1
385 1
386 1
387 1
388 2
389 1
392 2
394 2
395 3
397 1
398 1
399 1
402 2
403 1
404 2
406 4
407 2
408 2
409 3
411 3
412 3
413 1
414 2
415 6
416 5
417 2
418 2
419 1
420 3
421 1
423 4
424 1
426 1
427 3
428 1
432 1
433 2
434 2
435 4
436 2
437 2
438 1
439 2
440 2
441 4
444 1
446 1
449 2
450 1
451 2
453 1
458 1
462 1
464 1
