100 1000 50
0 93903
2 3
3 2
4 12
5 21
6 25
7 52
8 59
9 84
10 91
11 97
12 63
13 78
14 63
15 62
16 43
17 43
18 30
19 24
20 24
21 19
22 16
23 14
24 17
25 8
26 7
27 8
28 6
29 6
30 10
31 6
32 2
33 6
34 2
35 2
36 3
37 2
38 1
39 5
40 1
41 4
42 1
44 1
45 4
46 2
47 1
48 3
49 1
50 3
52 1
54 2
55 2
56 1
57 3
59 1
60 2
61 1
62 1
66 2
68 1
70 1
71 1
73 3
74 1
75 1
77 1
78 2
79 2
82 1
91 1
93 1
95 1
101 1
108 1
116 1
117 3
119 1
121 1
124 1
129 1
130 1
132 2
141 1
143 2
147 1
149 1
151 1
152 2
154 2
155 1
156 1
160 1
161 1
176 1
181 2
185 1
189 2
191 1
192 2
195 1
200 1
203 2
204 1
206 1
209 1
217 1
220 1
225 1
228 1
230 1
233 1
236 1
238 2
239 2
245 2
246 3
247 1
251 2
254 1
256 2
257 1
260 1
262 1
264 1
268 1
270 1
272 3
277 1
279 1
280 2
282 2
285 1
286 1
287 1
289 1
290 1
294 2
295 1
302 2
305 2
308 3
309 1
310 1
312 1
316 3
317 1
321 2
325 1
329 1
332 2
334 2
335 1
336 1
337 2
339 1
340 1
341 1
342 2
343 1
344 3
345 1
347 1
348 2
353 1
355 2
357 1
358 1
359 1
360 1
361 1
363 2
366 1
368 1
369 1
370 1
373 2
375 1
376 1
377 1
379 1
380 2
382 1
383 1
385 1
386 3
387 2
389 2
390 1
391 1
392 1
393 3
394 1
396 1
398 4
399 1
400 1
401 1
402 1
403 3
405 1
406 2
407 4
408 1
409 1
410 1
411 2
412 2
413 2
414 2
415 3
416 1
417 1
418 4
419 2
420 2
421 2
422 2
424 5
425 1
426 4
427 2
428 3
429 1
431 1
433 2
436 1
438 2
439 2
440 1
443 1
445 2
446 1
449 1
450 1
451 3
452 1
453 1
454 1
457 1
460 2
