100 1000 50
0 93541
1 2
2 11
3 34
4 67
5 98
6 124
7 124
8 146
9 139
10 124
11 107
12 81
13 66
14 62
15 33
16 33
17 22
18 17
19 16
20 11
21 12
22 10
23 4
24 4
25 4
26 7
27 7
28 4
29 7
30 4
31 2
32 5
34 3
35 5
36 2
38 1
40 5
43 1
44 1
45 1
46 2
48 2
49 2
51 1
52 2
57 2
60 3
68 1
69 1
70 1
72 1
75 1
79 1
80 1
83 1
86 2
91 2
95 1
97 1
102 1
107 1
109 1
112 1
115 1
122 1
124 1
130 1
136 1
141 1
145 1
146 1
149 1
150 1
151 1
157 1
158 1
159 1
160 1
164 1
171 1
176 1
178 1
179 3
180 1
188 1
190 1
197 1
200 1
201 1
206 1
210 1
215 1
216 1
217 2
218 1
220 1
222 2
225 1
226 2
227 1
228 1
230 1
238 1
240 1
241 1
242 1
243 2
246 1
248 1
250 1
252 1
253 1
255 1
260 1
261 1
262 3
263 3
264 1
268 1
269 1
273 1
276 1
278 3
279 1
280 1
287 1
288 1
290 1
292 1
296 1
300 1
301 1
307 1
308 2
312 1
314 3
316 1
317 1
318 1
319 1
322 2
323 1
324 1
330 1
331 2
332 1
335 2
338 1
339 1
340 1
342 3
345 1
346 1
350 1
351 1
352 2
353 4
354 2
355 1
356 3
357 1
361 2
362 1
366 1
369 1
370 1
371 1
372 1
373 1
374 1
375 1
376 1
378 2
379 1
380 1
381 2
383 2
385 1
387 4
388 2
390 2
391 1
392 1
393 1
394 1
395 2
396 4
398 1
399 3
400 1
402 1
403 2
404 1
405 1
406 3
408 1
409 2
410 2
411 4
412 3
414 2
415 1
417 5
419 3
420 1
421 1
422 1
423 4
424 2
425 1
427 2
428 3
429 1
433 2
434 2
435 2
436 2
438 1
439 2
441 4
442 1
443 1
445 3
447 2
452 2
457 1
459 1
462 2
464 1
466 1
478 1
