100 1000 50
0 93795
1 1
2 4
3 13
4 19
5 35
6 53
7 83
8 70
9 90
10 94
11 97
12 97
13 91
14 66
15 55
16 46
17 32
18 42
19 22
20 20
21 17
22 14
23 11
24 13
25 6
26 8
27 1
28 2
29 4
30 3
31 5
32 3
33 3
34 3
35 4
36 1
37 2
38 2
40 2
41 6
43 1
44 2
45 2
46 1
47 1
49 1
50 1
53 2
56 2
57 1
58 1
59 1
60 1
61 3
62 3
63 1
65 2
68 1
69 1
71 2
76 1
78 3
79 1
81 1
84 2
89 1
91 1
93 1
95 1
96 1
102 1
103 1
111 1
117 1
118 2
121 1
126 2
130 1
132 2
136 1
143 1
146 1
147 1
157 1
158 1
160 1
167 1
171 1
175 1
179 1
192 1
197 1
199 1
200 1
201 1
203 1
206 1
212 1
214 1
215 1
219 2
220 1
222 1
224 1
225 1
226 1
227 2
228 1
229 1
231 1
232 1
237 1
239 1
241 1
246 1
247 2
251 1
252 1
253 2
256 1
257 1
258 1
259 1
260 2
262 1
268 1
270 1
272 1
273 1
277 1
278 1
281 2
282 1
283 2
284 1
285 1
286 1
287 1
289 1
291 2
296 1
299 2
305 1
306 1
308 1
310 1
311 1
314 1
320 1
322 1
323 2
324 1
326 1
328 1
329 1
331 1
332 2
333 1
335 4
336 1
337 1
338 1
339 2
342 1
343 2
345 1
346 2
347 3
353 2
354 1
355 2
357 1
361 2
362 1
364 1
367 1
370 2
372 3
374 1
375 2
377 1
379 1
382 2
383 2
384 1
385 1
386 2
388 1
389 3
391 1
392 2
393 1
394 1
395 1
396 2
399 3
401 2
402 1
403 1
404 2
405 1
406 4
407 4
408 2
409 1
410 2
411 1
412 2
414 1
415 4
419 1
420 1
422 3
423 1
424 1
425 1
426 1
427 1
428 2
429 3
430 5
431 2
432 4
433 3
434 2
435 2
436 1
437 2
438 2
439 3
440 3
441 4
442 1
444 1
445 2
447 1
451 1
453 1
458 1
