100 1000 50
0 93884
1 1
2 2
3 6
4 15
5 25
6 35
7 50
8 71
9 80
10 78
11 74
12 89
13 65
14 69
15 56
16 61
17 40
18 32
19 26
20 26
21 17
22 15
23 19
24 12
25 6
26 9
27 6
28 9
29 5
30 4
31 8
32 3
34 4
35 4
36 3
37 1
38 1
39 6
40 4
41 1
42 3
44 1
46 3
47 3
48 2
49 1
51 1
52 1
54 2
55 2
56 1
57 2
58 1
59 2
60 2
62 2
63 1
64 2
65 1
68 1
69 1
70 1
73 2
77 1
78 1
79 2
81 2
82 1
83 2
86 1
88 2
89 1
92 1
98 1
101 1
102 1
104 1
110 1
117 1
120 1
129 1
131 2
140 1
141 1
142 1
143 1
148 1
154 1
155 1
159 1
161 1
162 1
165 1
166 1
167 2
169 1
170 1
174 1
177 1
193 1
194 1
196 2
197 1
199 1
205 2
209 1
211 1
213 1
215 1
223 1
225 1
226 1
231 2
233 1
238 1
239 2
241 1
243 2
244 1
248 2
251 1
252 1
254 1
256 1
260 2
261 1
262 1
263 2
264 2
268 3
270 3
273 2
275 3
277 2
278 1
279 1
282 1
284 1
287 1
288 1
291 1
292 2
293 1
295 1
300 2
301 1
304 1
305 1
306 1
312 1
313 1
317 2
318 1
319 1
321 1
323 1
328 1
329 1
331 1
333 1
336 2
337 2
338 1
340 2
341 1
343 1
344 2
345 1
346 1
347 2
350 3
351 1
355 1
356 1
358 1
359 1
360 1
361 1
363 1
365 2
367 3
368 2
370 1
371 1
376 1
378 1
380 1
381 1
382 4
383 3
384 1
385 1
386 1
388 1
389 2
390 1
391 3
393 2
394 2
395 5
398 1
399 2
400 2
402 1
404 1
406 5
407 2
408 3
409 3
410 2
411 2
412 1
414 2
415 3
416 4
417 2
418 4
419 2
420 1
421 1
422 2
423 1
425 3
426 3
427 2
428 2
429 2
432 1
435 1
437 1
439 1
440 3
443 1
444 1
446 2
447 1
448 1
449 1
453 1
458 1
461 1
465 1
466 1
