100 1000 50
0 93635
1 3
2 17
3 15
4 44
5 54
6 77
7 120
8 127
9 117
10 116
11 120
12 94
13 74
14 56
15 36
16 44
17 35
18 27
19 21
20 9
21 12
22 16
23 8
24 9
25 7
26 5
27 3
28 3
29 6
30 2
31 5
32 3
33 1
34 1
35 3
36 2
38 2
39 3
41 2
42 3
43 2
44 1
45 2
46 2
47 1
48 1
49 1
50 1
51 1
52 3
54 1
55 2
56 1
57 1
58 2
60 1
61 1
64 1
65 1
67 2
71 1
72 1
75 1
81 1
86 1
88 1
89 1
90 1
94 1
96 1
98 1
100 2
102 1
104 1
108 2
111 1
117 1
122 1
136 1
138 1
142 1
143 1
144 1
150 1
156 1
158 1
162 1
166 1
167 1
172 2
175 1
176 1
183 1
187 1
189 1
190 1
194 1
198 1
199 1
202 1
205 1
206 1
208 1
213 1
220 1
226 1
228 1
229 1
230 1
231 1
232 1
239 2
240 1
242 1
243 1
244 1
248 2
252 1
253 1
254 1
258 2
259 1
260 3
262 1
263 2
264 1
266 1
269 2
275 1
276 1
278 2
280 2
282 1
283 1
285 3
287 4
288 1
289 1
290 1
296 1
298 1
299 1
306 1
307 1
308 1
314 1
316 1
318 1
320 1
325 1
326 1
328 1
329 1
331 1
332 2
333 1
334 1
335 1
336 1
339 1
340 3
341 1
342 2
343 2
346 1
347 1
348 1
351 1
352 3
355 1
356 2
357 2
359 2
360 2
362 2
365 2
369 1
371 3
372 1
373 2
374 1
377 2
380 2
381 2
382 1
384 2
385 2
388 2
390 2
392 2
393 1
395 1
396 3
398 5
399 3
401 7
402 1
403 1
404 1
406 3
407 3
408 1
409 2
410 3
412 4
413 1
416 1
417 2
418 3
420 1
421 1
423 4
424 4
425 1
426 2
428 1
431 2
433 1
434 3
435 2
436 2
437 3
438 1
440 1
442 1
443 1
444 3
445 2
446 1
449 1
451 1
452 1
453 1
468 1
470 1
474 1
