100 1000 50
0 93197
1 9
2 40
3 88
4 140
5 180
6 195
7 164
8 191
9 175
10 138
11 84
12 64
13 59
14 45
15 28
16 31
17 15
18 18
19 10
20 6
21 4
22 3
23 5
24 7
25 2
26 5
27 5
28 3
29 4
30 3
31 2
32 2
33 2
34 2
35 1
36 2
37 1
38 2
40 1
42 2
43 1
45 2
46 1
48 1
49 2
51 1
55 1
56 2
58 1
60 1
63 1
65 1
67 1
68 1
72 1
73 1
74 3
75 2
76 1
80 1
85 1
86 1
88 1
89 1
92 1
93 1
98 1
101 1
103 1
105 1
106 1
112 1
113 2
114 2
118 1
131 1
132 1
136 1
137 1
138 1
139 1
141 1
145 1
150 2
152 1
153 1
157 1
158 1
161 1
162 1
163 1
171 1
172 1
174 1
176 1
181 1
183 2
188 1
191 1
192 2
193 1
197 2
200 1
201 2
202 1
207 3
208 1
211 2
212 1
218 2
222 1
223 1
224 2
228 1
236 1
238 2
240 1
243 1
246 1
248 1
249 4
250 1
251 1
255 1
258 1
261 1
262 1
263 2
264 1
265 2
269 1
270 2
271 2
272 3
273 2
274 1
275 1
276 1
280 1
288 2
292 1
293 1
294 1
302 2
303 1
305 2
310 1
311 1
312 1
313 1
317 2
318 1
320 1
322 3
327 1
330 2
332 2
333 1
337 1
340 2
342 1
345 2
346 1
347 2
349 1
351 1
352 1
356 1
357 1
361 2
362 1
365 1
367 2
369 1
370 1
371 2
373 1
374 1
375 1
376 2
377 2
378 2
380 1
381 1
382 1
383 2
385 3
386 2
390 2
392 1
393 3
395 2
397 5
398 1
399 2
400 3
401 1
402 2
404 2
407 1
408 1
409 1
410 1
411 1
412 3
413 1
414 3
415 1
417 3
418 2
419 2
420 3
421 1
422 4
423 3
424 1
425 1
426 4
427 2
428 1
429 2
430 2
431 4
432 2
434 1
435 1
436 2
437 1
438 1
439 2
443 1
444 1
445 1
447 2
451 1
456 1
460 1
461 2
467 1
