100 1000 50
0 93863
2 3
3 4
4 13
5 29
6 37
7 61
8 69
9 102
10 83
11 96
12 93
13 66
14 62
15 55
16 40
17 45
18 27
19 27
20 15
21 15
22 18
23 15
24 11
25 10
26 7
27 8
28 7
29 4
30 2
31 5
32 1
33 4
34 2
35 5
36 3
37 3
38 1
39 5
40 2
42 4
43 2
44 3
45 1
47 1
48 2
49 1
50 2
51 1
52 4
53 2
54 5
55 2
59 2
61 1
62 1
63 3
64 1
66 1
67 1
68 1
70 1
71 1
79 1
82 1
84 1
86 1
89 2
91 1
102 1
103 1
104 1
107 1
108 1
110 2
112 1
113 1
115 1
117 1
118 1
122 1
125 1
127 1
129 2
130 1
132 1
139 1
141 1
146 1
149 2
150 1
157 1
158 1
160 1
163 1
169 2
170 1
180 1
182 2
188 1
201 1
203 2
204 1
207 1
211 1
212 2
213 1
218 1
223 1
225 3
227 3
230 2
239 1
241 1
246 1
248 2
252 2
253 1
254 1
256 1
259 1
261 1
262 1
263 1
264 1
265 2
266 1
268 1
269 1
270 1
271 1
273 2
275 2
276 2
277 1
278 2
280 2
281 1
282 1
283 1
285 1
290 1
294 2
295 2
296 1
301 1
303 1
305 1
307 1
308 2
314 1
316 1
318 1
319 2
320 1
321 1
324 1
326 3
327 1
331 1
333 1
335 1
336 1
340 2
341 2
344 2
345 1
346 1
347 2
349 1
351 4
353 1
354 1
356 2
357 1
364 3
369 1
370 2
371 3
373 1
374 1
376 3
378 1
379 2
380 1
381 1
382 1
383 1
385 1
386 1
387 2
388 1
389 3
390 1
391 1
392 1
393 2
394 3
395 1
397 1
398 2
400 1
401 1
402 2
403 3
404 2
406 3
407 1
408 3
409 3
410 2
411 1
412 3
413 2
414 2
418 2
419 1
420 2
421 2
422 1
423 1
425 4
428 1
429 2
430 2
431 3
432 3
433 1
435 2
436 1
437 2
438 1
439 2
441 2
443 2
446 1
447 1
448 2
450 1
451 2
452 2
459 1
471 1
