100 1000 50
0 93695
1 2
2 7
3 13
4 30
5 57
6 83
7 118
8 94
9 124
10 99
11 90
12 87
13 68
14 71
15 65
16 34
17 36
18 36
19 15
20 16
21 12
22 11
23 7
24 9
25 7
26 5
27 5
28 4
29 6
30 3
31 2
32 3
33 4
34 2
35 8
36 3
37 6
38 1
39 1
40 1
42 4
43 1
45 2
47 3
48 3
49 1
51 2
52 1
53 1
57 1
58 1
59 1
64 1
68 1
69 1
73 1
75 1
76 2
80 2
84 1
90 1
92 1
93 1
94 1
99 1
100 1
116 1
117 1
120 1
121 1
122 1
127 2
128 1
132 1
135 1
136 2
137 1
140 1
143 1
145 1
152 1
162 1
164 2
167 1
174 1
180 1
183 1
186 1
192 1
202 1
205 1
206 1
209 1
215 1
216 1
219 1
222 2
228 1
233 1
234 3
235 1
236 1
238 1
241 2
243 2
244 2
245 1
247 1
252 1
253 1
254 3
255 1
257 1
259 1
260 1
261 1
265 1
267 1
268 1
269 1
272 2
277 2
278 1
279 1
280 1
281 1
283 1
288 1
289 3
290 1
291 1
296 1
297 1
299 2
303 1
309 1
310 1
311 2
313 1
314 1
316 1
317 1
319 1
321 1
323 1
325 2
326 2
331 2
332 1
334 2
336 3
337 1
338 1
339 1
341 1
342 2
345 1
346 1
348 1
349 2
351 2
352 1
353 1
355 1
356 2
357 2
361 1
363 1
365 3
366 1
368 1
369 1
370 1
371 3
374 3
375 3
382 2
384 1
385 1
386 1
387 1
388 2
389 1
390 3
395 1
396 3
399 1
400 3
401 3
403 2
405 3
406 2
407 1
408 1
409 1
410 5
411 1
412 3
413 1
414 1
415 5
416 4
417 3
418 1
419 3
420 3
421 1
422 1
423 1
424 1
425 1
426 5
428 3
430 2
431 1
434 1
435 1
436 3
437 1
438 1
439 1
440 1
441 1
442 2
443 2
445 2
446 1
448 1
451 1
452 2
454 1
460 1
463 1
