100 1000 50
0 93841
2 3
3 6
4 20
5 35
6 48
7 59
8 75
9 76
10 99
11 95
12 91
13 73
14 60
15 55
16 40
17 34
18 26
19 21
20 24
21 27
22 15
23 11
24 16
25 11
26 8
27 8
28 6
29 3
30 1
31 6
32 4
33 2
34 6
35 7
36 2
37 4
38 1
39 3
40 1
41 2
42 2
43 2
44 2
45 3
46 1
47 1
48 1
49 2
50 1
51 3
52 1
54 2
55 1
56 3
58 1
60 1
61 4
64 1
65 1
66 2
67 1
68 2
71 3
74 1
78 2
81 1
83 2
84 1
87 2
104 1
114 1
117 1
118 1
119 1
121 1
124 2
125 1
127 1
128 1
134 1
137 1
143 2
146 1
152 1
154 1
155 1
156 1
157 2
159 1
161 1
173 1
176 2
180 1
181 1
184 1
191 1
196 1
204 1
205 2
209 1
212 1
215 2
218 1
231 1
233 1
234 1
235 1
238 1
240 1
241 2
243 2
245 1
246 2
251 1
254 2
255 2
256 2
257 1
258 2
260 2
261 2
262 1
263 2
265 1
272 1
273 1
275 2
276 1
278 2
281 1
282 1
283 2
287 1
293 1
296 2
298 1
299 1
308 1
309 1
312 1
317 1
320 1
322 2
324 1
326 2
328 1
329 2
330 1
331 1
332 3
334 1
336 1
338 1
340 3
341 2
343 1
344 1
347 2
348 4
349 2
350 2
352 2
355 1
356 2
357 1
359 2
363 1
364 2
367 2
368 2
369 1
370 1
371 1
372 1
373 4
374 1
375 2
378 1
379 2
380 3
381 1
382 1
384 1
390 2
391 1
392 3
393 1
394 1
396 1
397 2
398 2
399 1
400 1
401 2
402 4
405 2
406 1
407 1
408 1
410 2
411 2
412 2
413 1
414 2
416 1
417 4
418 1
419 2
420 2
422 1
423 1
424 2
425 2
427 1
428 1
429 1
430 4
431 1
432 1
433 3
434 1
435 1
436 2
437 3
438 1
439 2
440 2
441 1
442 2
443 1
445 2
446 2
451 1
452 1
454 1
455 1
457 1
463 1
465 1
