100 1000 50
0 93762
1 2
2 5
3 9
4 23
5 38
6 74
7 77
8 87
9 130
10 81
11 97
12 89
13 96
14 60
15 55
16 41
17 26
18 26
19 21
20 23
21 17
22 19
23 8
24 5
25 4
26 9
27 6
28 11
29 3
30 2
31 5
32 6
33 4
34 3
35 2
36 2
37 2
39 2
41 4
42 3
43 2
44 2
46 1
47 1
48 1
49 2
50 1
51 2
53 3
54 2
55 1
58 2
59 1
60 1
62 1
65 1
69 1
73 2
76 3
81 2
86 1
89 1
91 1
93 1
95 1
97 1
99 2
102 1
111 1
112 1
113 2
123 1
129 1
131 1
138 1
140 1
151 2
152 1
155 1
163 1
165 1
166 1
171 1
172 1
178 1
182 1
184 1
186 1
189 1
193 1
196 1
202 1
207 1
208 2
211 1
222 1
226 2
230 1
232 1
235 2
236 3
239 1
242 2
244 1
245 2
250 1
251 1
252 2
253 1
255 1
256 1
257 1
261 1
262 3
264 1
268 2
270 3
272 1
273 1
275 2
280 4
281 1
282 1
283 1
284 1
287 1
288 1
292 1
294 2
297 1
305 1
307 1
310 2
312 1
315 1
317 1
320 3
321 1
324 2
326 1
328 2
329 1
330 1
331 1
336 1
337 1
338 1
342 1
343 1
347 1
348 2
349 1
350 1
352 1
353 1
354 1
357 1
359 5
361 3
362 1
363 1
364 2
365 2
366 1
368 2
370 2
371 3
373 2
374 2
377 1
378 1
379 1
380 1
381 1
383 1
384 2
386 1
387 1
389 2
390 2
391 3
392 3
394 1
395 2
397 2
398 2
399 1
401 2
402 2
403 2
404 2
405 2
406 1
408 1
409 1
411 2
412 2
413 1
415 2
416 2
417 1
418 2
419 2
420 2
421 4
422 1
424 2
425 2
426 4
427 2
428 1
429 4
431 4
432 1
434 1
436 2
437 2
438 1
439 2
442 2
445 2
446 1
449 2
451 1
453 1
454 1
459 1
461 1
462 1
467 1
468 1
