100 1000 50
0 93597
1 3
2 6
3 27
4 45
5 83
6 121
7 126
8 148
9 124
10 112
11 104
12 95
13 73
14 47
15 37
16 30
17 25
18 16
19 14
20 15
21 13
22 15
23 11
24 7
25 6
26 9
27 3
28 7
29 1
30 2
31 6
32 3
33 2
34 2
35 4
36 1
40 1
41 1
42 3
43 1
46 3
47 1
48 1
49 2
50 1
51 1
52 1
54 2
55 1
56 1
58 1
60 2
63 1
67 1
68 2
72 1
74 1
75 1
76 2
77 1
93 1
96 1
98 1
101 1
108 1
114 1
120 1
126 1
127 1
132 1
134 1
138 2
139 1
150 1
151 1
155 2
159 3
172 2
175 1
176 2
180 1
182 2
187 1
188 1
193 1
196 1
197 1
201 1
205 1
215 1
216 1
218 1
220 1
221 1
223 1
233 1
234 1
237 1
238 2
239 1
241 1
246 2
249 1
251 2
252 2
256 1
258 3
259 1
260 1
264 1
265 2
268 1
270 1
271 2
273 1
274 1
275 2
278 1
279 1
280 1
283 2
284 1
285 1
286 1
287 1
289 1
290 1
292 1
295 1
299 1
300 1
303 2
305 1
308 1
309 1
310 2
312 1
313 1
314 1
316 1
317 2
324 2
325 1
326 1
331 2
332 1
333 1
334 1
336 1
337 1
340 1
341 3
342 1
343 3
348 1
351 1
354 3
355 1
356 1
359 3
360 1
361 1
363 2
364 2
367 1
370 1
371 1
373 1
374 1
376 1
378 2
382 2
383 3
384 2
385 1
386 1
388 3
390 1
391 1
393 1
394 2
395 2
396 1
397 1
398 1
399 1
400 4
401 2
404 1
405 2
406 1
407 2
408 1
409 2
411 2
413 2
414 1
415 3
416 1
417 1
418 2
419 1
420 2
421 1
422 1
423 3
424 2
425 1
426 2
427 2
428 2
429 2
430 5
431 4
432 4
433 1
434 5
435 1
436 2
437 1
439 1
440 3
441 1
442 1
446 3
448 2
452 1
456 1
458 1
467 2
479 1
