100 1000 50
0 93852
2 4
3 7
4 17
5 19
6 49
7 64
8 82
9 82
10 102
11 87
12 81
13 69
14 64
15 40
16 49
17 40
18 21
19 26
20 29
21 16
22 15
23 10
24 19
25 12
26 9
27 4
28 9
29 7
30 4
31 4
32 4
33 1
34 4
35 4
36 4
37 2
39 2
40 4
41 5
42 2
43 1
44 2
45 1
46 3
47 7
48 1
49 3
50 2
51 1
57 1
58 1
59 3
60 1
62 1
67 1
68 2
70 2
71 2
73 1
74 2
80 3
82 1
84 1
85 1
88 2
90 1
94 1
95 1
97 1
98 1
101 1
114 2
116 1
118 2
121 1
124 1
127 1
128 1
133 1
140 1
147 2
148 1
151 2
154 1
155 2
159 1
160 1
163 1
170 2
177 1
178 3
180 1
185 1
189 1
191 1
193 1
206 1
209 1
213 1
215 1
221 1
228 1
230 1
232 1
233 2
240 1
241 2
244 3
246 1
248 3
249 1
251 1
253 1
255 2
256 1
257 1
258 2
260 3
261 1
264 1
265 1
268 1
270 1
272 1
273 1
274 1
276 1
279 1
280 1
282 1
283 1
286 1
287 1
296 1
297 1
298 3
300 1
301 2
304 2
306 1
307 1
309 2
313 2
315 1
319 2
321 1
326 1
328 1
331 2
334 1
335 1
336 1
337 1
338 4
340 1
341 1
343 1
344 1
347 1
349 1
350 2
352 1
354 1
355 2
356 1
357 1
359 1
361 1
362 1
363 2
364 1
368 2
371 3
372 1
373 1
375 1
376 1
377 1
378 1
379 1
380 2
381 1
382 2
384 2
385 1
386 1
387 1
388 1
390 1
391 4
392 1
394 1
395 3
396 1
398 2
400 3
401 5
402 3
403 1
404 1
405 1
406 2
407 1
408 2
409 2
411 1
412 1
413 4
415 2
416 2
417 2
418 3
419 3
420 1
421 1
422 2
423 3
424 2
425 2
427 1
428 1
429 1
430 2
431 3
434 1
435 2
436 2
437 2
438 1
439 2
441 1
443 1
444 2
445 1
450 1
453 2
455 2
459 1
462 1
465 1
