100 1000 50
0 93887
2 3
3 7
4 12
5 18
6 38
7 62
8 66
9 83
10 87
11 81
12 76
13 73
14 55
15 50
16 56
17 36
18 48
19 37
20 23
21 13
22 14
23 15
24 10
25 8
26 10
27 9
28 5
29 7
30 6
31 3
32 2
33 4
34 4
35 6
36 1
37 4
38 1
39 3
40 2
41 5
42 2
43 3
44 3
45 2
47 1
49 1
53 2
57 2
59 3
60 2
62 1
63 2
64 2
66 1
67 1
69 1
70 1
73 2
74 1
75 1
76 1
78 1
80 1
84 3
89 1
101 1
103 2
105 3
107 1
109 2
110 2
114 1
120 1
125 1
126 1
132 2
137 1
138 1
143 2
144 1
145 1
146 2
147 1
148 1
152 1
165 1
167 1
195 1
197 1
198 1
199 1
200 1
203 1
205 1
208 2
214 2
216 1
217 1
221 1
224 1
228 1
229 1
232 1
237 1
240 2
241 1
242 1
249 1
251 4
252 2
255 1
256 2
259 1
260 1
266 2
267 2
268 1
272 1
273 3
276 1
278 2
279 1
280 2
283 2
284 1
285 1
286 1
289 1
290 3
293 1
298 1
301 1
302 1
310 1
315 1
316 1
318 1
319 2
320 2
321 1
323 3
324 2
327 3
328 1
330 1
332 1
334 1
335 1
336 1
338 1
340 2
341 1
343 2
345 1
346 2
347 3
348 1
350 1
351 1
352 1
354 2
355 1
356 2
361 1
362 1
363 2
364 1
366 1
370 1
371 1
373 2
374 2
375 1
378 1
379 2
380 1
381 1
385 2
386 1
387 1
388 2
390 2
392 2
393 1
394 1
395 2
396 2
397 2
398 2
399 1
400 3
401 1
402 2
403 2
404 1
405 1
406 2
407 2
408 2
409 1
411 1
412 2
413 2
414 2
415 1
416 3
417 1
419 2
421 1
422 1
423 2
424 1
425 1
426 2
427 1
428 4
429 2
430 3
431 1
433 2
434 3
435 3
437 2
438 1
439 3
441 1
442 1
443 1
444 1
447 2
448 1
449 2
452 3
457 2
461 1
