100 1000 50
0 93830
2 4
3 12
4 18
5 33
6 55
7 72
8 85
9 84
10 92
11 96
12 82
13 67
14 57
15 45
16 47
17 39
18 33
19 29
20 20
21 14
22 16
23 14
24 12
25 5
26 10
27 3
28 8
29 5
30 6
31 6
32 4
33 5
34 1
35 1
36 2
37 5
38 3
39 3
40 1
41 4
42 4
43 1
44 2
46 2
47 2
48 2
49 2
50 2
52 3
53 1
54 2
55 1
57 2
58 1
59 1
61 3
62 2
66 1
68 2
69 1
73 3
81 1
82 1
85 1
86 2
89 1
90 2
93 1
97 1
102 1
104 1
107 1
109 1
110 1
115 1
121 2
123 1
130 1
135 1
138 1
148 2
155 1
159 1
161 1
165 1
169 1
175 1
176 2
178 1
181 1
185 1
195 1
197 1
198 1
199 1
202 1
203 1
204 1
208 2
209 1
210 1
213 1
215 1
225 1
228 1
230 1
234 1
236 2
237 1
244 1
246 2
249 1
250 1
252 1
253 2
257 1
258 2
260 1
261 1
267 1
270 2
273 1
274 1
275 1
276 3
279 2
280 1
281 1
283 1
285 2
286 1
287 1
288 1
289 1
292 1
295 1
297 4
298 1
306 1
307 1
309 1
313 1
314 1
318 1
320 2
321 1
324 1
326 1
328 1
329 1
330 1
331 2
332 3
333 1
336 1
339 1
341 2
342 1
343 1
344 2
345 1
346 1
347 1
350 1
351 1
356 1
357 4
358 3
359 1
361 1
364 2
365 1
366 2
369 1
370 1
371 3
372 1
374 2
376 1
379 1
380 2
381 3
382 2
384 1
385 1
388 1
389 1
390 1
392 2
394 1
395 1
397 2
398 2
399 4
400 2
401 4
402 2
403 3
405 2
406 2
407 2
410 2
412 3
413 1
414 1
415 2
416 2
417 2
418 1
419 1
420 1
421 3
422 2
424 1
425 2
426 2
427 2
428 2
429 1
431 3
432 2
433 3
435 2
436 2
437 2
438 2
439 1
440 1
441 3
442 2
443 1
444 1
445 1
446 1
449 1
450 3
453 1
457 1
