100 1000 50
0 90368
1 394
2 627
3 673
4 653
5 551
6 370
7 263
8 182
9 136
10 71
11 62
12 45
13 51
14 28
15 31
16 34
17 22
18 23
19 17
20 22
21 17
22 15
23 17
24 6
25 12
26 10
27 12
28 15
29 11
30 8
31 5
32 5
33 9
34 9
35 9
36 2
37 3
38 3
39 4
40 7
41 5
42 2
43 7
44 3
45 3
46 10
47 1
48 4
49 5
50 6
51 2
52 6
54 5
55 3
56 6
57 6
58 5
60 3
61 4
62 2
63 1
64 1
65 2
66 2
67 2
68 2
69 3
70 2
71 1
72 1
73 3
74 4
75 1
76 2
78 2
79 2
80 2
81 3
82 3
83 2
84 1
85 3
86 1
87 1
88 4
89 2
90 1
91 2
92 2
93 3
94 2
95 2
97 2
98 1
99 2
100 3
101 2
102 1
103 1
104 2
106 1
107 3
108 1
110 1
111 1
112 1
113 2
114 1
115 4
116 2
117 2
118 1
119 1
122 1
128 2
129 1
130 1
131 1
132 1
133 1
136 1
139 3
140 1
141 1
142 1
143 4
144 2
146 1
147 1
148 2
150 2
152 2
153 1
155 2
156 2
157 1
158 4
159 1
160 1
161 1
162 2
163 2
164 4
165 1
166 1
167 1
169 1
174 1
176 1
177 1
178 2
179 2
181 2
185 1
188 1
190 1
194 1
195 1
196 1
199 1
200 4
201 2
202 2
203 2
204 1
206 1
207 1
208 1
209 2
210 2
211 2
212 4
214 1
217 1
219 2
220 1
222 1
223 1
225 1
226 1
227 1
229 1
231 1
233 2
234 2
235 1
236 2
237 1
238 1
240 1
241 1
244 1
246 1
252 3
256 1
260 1
261 1
262 1
263 2
265 2
266 1
267 1
268 3
272 2
273 3
274 1
275 2
278 1
279 1
280 1
282 1
283 1
284 2
286 1
290 1
291 2
292 1
293 1
297 1
299 1
300 1
301 2
303 1
304 1
306 1
307 1
308 1
310 2
311 2
313 1
315 2
319 1
320 1
322 1
323 2
326 1
327 2
329 2
334 1
338 1
339 4
342 1
343 1
347 2
350 1
354 2
355 2
358 1
364 1
365 1
366 1
367 1
368 1
371 1
372 2
373 1
374 2
378 1
380 1
381 1
382 1
383 1
384 2
385 1
387 1
390 2
392 2
395 1
398 1
401 1
402 1
403 2
406 1
409 1
411 1
419 1
425 1
427 2
