100 1000 50
0 93876
2 2
3 7
4 11
5 28
6 42
7 47
8 76
9 87
10 89
11 86
12 96
13 78
14 56
15 52
16 40
17 45
18 39
19 18
20 23
21 22
22 12
23 11
24 7
25 7
26 7
27 5
28 4
29 7
30 6
31 5
32 3
33 2
34 5
36 5
37 4
38 4
39 3
40 2
41 4
42 2
43 1
44 1
45 3
46 2
47 1
48 2
49 2
50 2
51 1
52 3
53 1
55 2
59 1
60 4
61 1
63 1
64 1
65 2
66 2
68 1
69 1
72 2
73 1
75 1
78 2
80 1
81 1
82 2
85 1
88 2
90 1
91 2
93 1
96 1
100 1
102 2
103 2
105 1
110 1
116 1
118 1
122 1
123 1
127 1
133 1
134 1
141 1
144 1
148 2
149 1
151 1
154 2
161 1
167 1
172 1
186 1
198 1
202 1
204 1
205 1
207 1
217 1
218 2
219 1
222 1
226 1
228 3
230 1
233 1
235 1
236 1
240 1
241 1
243 1
245 1
246 2
248 1
250 1
255 1
256 1
260 1
264 2
265 1
266 1
268 1
269 1
270 1
271 1
272 1
273 1
275 2
276 1
277 1
278 1
280 2
282 1
283 1
284 1
285 2
290 1
292 1
297 2
298 2
302 1
306 1
308 1
309 1
311 3
318 1
320 2
322 1
327 1
329 1
330 1
333 1
334 1
335 1
338 1
339 2
340 1
341 1
342 1
343 5
344 1
347 1
348 1
351 1
352 1
354 2
355 1
356 1
357 2
358 2
359 2
360 1
362 1
363 3
365 1
367 3
368 2
369 3
370 1
371 2
373 1
375 4
376 2
377 1
379 1
381 1
382 3
384 2
386 1
389 2
392 1
393 2
396 1
397 5
398 1
400 2
401 2
402 3
403 1
404 2
405 2
408 1
409 2
410 2
411 3
412 1
413 1
414 4
416 1
417 1
418 3
421 1
422 1
423 1
424 1
425 1
426 1
428 2
429 2
430 1
431 1
432 1
433 1
434 4
435 1
436 1
437 3
438 2
440 2
442 3
443 1
444 1
446 1
447 2
449 2
452 1
453 1
455 2
456 2
459 1
465 1
470 1
