100 1000 50
0 93817
1 1
2 4
3 6
4 20
5 35
6 43
7 67
8 101
9 87
10 105
11 92
12 81
13 77
14 58
15 62
16 49
17 34
18 19
19 22
20 28
21 19
22 11
23 7
24 10
25 4
26 8
27 6
28 9
29 4
30 6
31 4
32 7
33 6
34 6
35 3
36 2
37 1
38 1
39 2
40 3
41 1
42 1
43 4
44 2
45 1
47 6
48 2
49 3
50 1
51 1
52 1
53 3
54 1
57 2
58 1
61 1
62 1
64 2
69 1
70 2
73 1
75 1
77 2
79 1
80 1
81 1
83 1
88 1
90 1
93 1
95 1
105 2
106 1
107 1
108 1
109 1
111 1
119 1
125 1
126 1
133 1
137 1
142 1
143 1
145 2
146 1
154 2
157 2
170 1
185 1
188 1
190 1
193 1
196 2
197 1
198 2
202 1
204 1
207 1
208 2
209 1
210 1
213 1
215 1
219 1
220 1
221 1
224 1
225 1
226 1
230 2
233 1
234 1
237 1
244 1
248 1
250 2
252 2
253 1
254 1
258 1
261 1
262 2
264 1
265 1
266 1
268 3
269 1
270 1
276 1
278 1
284 1
287 2
288 3
289 1
292 2
294 1
296 1
301 1
306 1
308 1
311 2
313 1
315 1
316 1
317 1
318 2
320 1
323 1
325 2
327 1
328 1
331 2
332 1
334 1
337 2
339 1
340 2
342 2
343 1
344 2
345 1
347 1
351 1
352 1
354 2
355 1
356 1
359 1
360 1
363 1
365 3
369 1
370 2
371 1
376 1
377 2
379 2
380 1
382 4
383 1
384 1
385 2
388 5
389 2
390 1
391 3
392 1
395 2
396 4
397 4
398 2
400 2
401 1
403 2
404 3
405 3
406 2
407 3
408 1
409 1
411 1
412 2
413 3
414 2
415 2
416 5
417 3
418 2
419 1
421 2
422 1
423 1
425 2
426 1
427 4
428 1
429 3
431 1
433 3
434 2
436 1
437 2
438 1
440 2
441 2
442 1
444 1
445 1
446 1
447 1
451 1
453 1
460 1
465 2
469 1
