100 1000 50
0 92819
1 32
2 97
3 159
4 246
5 259
6 252
7 261
8 193
9 159
10 116
11 64
12 59
13 51
14 24
15 17
16 17
17 11
18 12
19 5
20 11
21 8
22 7
23 4
24 3
25 2
26 3
28 1
29 2
30 2
32 4
33 5
34 1
36 3
37 2
38 4
40 1
41 1
42 2
43 3
45 2
46 1
47 1
49 2
51 1
54 2
55 1
56 3
60 1
62 1
67 2
68 2
69 1
72 1
79 1
82 1
83 1
84 1
85 1
90 1
91 1
94 2
97 1
98 1
99 1
100 2
102 1
104 1
110 1
113 1
115 1
118 1
119 1
120 2
121 1
126 1
127 2
128 1
130 1
131 1
132 1
136 1
137 1
138 1
139 1
140 1
141 2
143 1
145 1
147 1
151 1
155 1
156 1
157 1
158 1
160 1
163 1
164 1
166 2
167 1
168 1
169 1
170 1
171 2
173 1
174 1
175 1
176 1
178 1
180 1
185 1
188 1
189 1
190 1
191 1
193 2
195 1
196 2
201 1
204 1
208 1
209 1
211 1
212 1
213 1
214 2
215 1
216 1
219 1
220 1
221 2
222 2
223 1
224 1
225 1
226 1
227 2
229 1
233 1
235 2
237 1
238 1
241 1
242 1
243 1
245 1
247 2
253 1
254 1
255 2
257 1
260 1
262 2
264 1
265 1
268 1
269 1
271 1
272 2
275 2
276 1
278 1
279 1
281 1
285 1
288 1
289 1
292 1
294 1
295 1
296 3
297 1
299 2
300 1
302 1
303 1
304 1
307 1
312 2
313 1
315 1
316 2
318 1
321 1
323 1
327 1
328 1
332 1
333 1
334 2
335 3
336 2
338 1
342 1
344 2
345 1
347 1
349 1
353 1
354 1
357 2
358 1
359 1
360 2
363 1
364 1
365 1
367 1
372 1
373 1
377 2
379 1
380 1
383 1
385 1
388 1
389 2
390 1
393 3
394 2
395 2
397 2
398 1
399 2
402 4
403 2
404 1
405 1
406 1
407 1
408 3
409 2
410 1
411 1
412 1
415 2
417 4
418 1
419 1
421 4
423 3
424 3
425 1
426 1
427 1
428 1
430 1
431 2
432 4
433 5
434 1
436 1
438 2
439 1
440 1
441 2
443 2
444 1
445 1
446 1
448 1
450 3
454 1
457 1
458 1
463 1
470 1
