100 1000 50
0 93894
2 1
3 4
4 20
5 24
6 48
7 55
8 62
9 79
10 84
11 77
12 85
13 55
14 65
15 55
16 47
17 36
18 41
19 26
20 29
21 23
22 15
23 16
24 10
25 5
26 12
27 8
28 8
29 6
30 4
31 2
32 3
33 6
34 2
35 5
36 3
37 2
38 4
39 4
41 2
42 3
43 3
44 3
45 1
47 4
50 2
53 1
54 3
56 1
57 1
59 1
60 1
61 2
62 1
63 2
65 2
67 1
68 1
70 2
73 1
75 1
76 2
77 1
80 1
81 1
83 1
87 1
88 1
89 1
91 1
96 3
103 1
106 1
108 1
110 1
111 1
113 1
116 1
118 1
119 1
133 1
136 1
138 1
147 2
155 1
157 1
158 1
160 1
161 1
163 1
165 1
169 1
177 1
180 1
181 1
183 1
188 1
191 1
195 1
198 1
206 1
211 1
213 1
214 2
218 1
223 1
224 1
225 1
226 1
227 1
228 1
229 1
237 2
239 1
242 1
243 1
244 1
245 1
246 2
249 1
251 1
254 2
255 1
257 1
258 1
259 2
260 4
265 1
266 1
268 1
270 1
272 1
274 2
278 1
279 2
280 1
283 1
284 2
286 1
290 1
291 1
292 1
295 1
302 1
306 1
307 1
308 1
309 1
311 1
312 1
315 1
323 2
327 2
329 1
330 1
331 1
332 1
333 1
339 2
340 2
342 1
343 1
344 2
345 1
346 3
349 2
350 1
351 1
352 1
354 1
355 2
356 2
357 1
358 3
359 1
360 2
363 2
364 1
366 1
368 2
369 1
370 3
372 1
373 1
374 1
375 1
377 1
378 2
379 1
380 1
382 3
383 1
385 1
388 3
389 1
390 3
392 2
393 2
394 1
396 1
398 2
399 3
400 2
401 1
402 2
403 2
404 1
406 1
407 1
408 1
409 2
410 2
411 2
412 3
413 2
415 3
416 3
417 1
418 2
419 3
424 2
425 3
427 1
428 1
429 2
430 1
431 1
433 3
436 1
437 3
438 4
439 2
440 3
441 1
442 1
443 1
444 1
445 1
446 2
449 2
450 1
451 1
454 1
458 1
459 1
466 1
475 1
