100 3000 60
0 237023
1 46
2 162
3 344
4 594
5 823
6 1078
7 1318
8 1417
9 1561
10 1554
11 1478
12 1465
13 1413
14 1177
15 1099
16 966
17 806
18 698
19 605
20 516
21 366
22 352
23 321
24 249
25 207
26 171
27 160
28 130
29 94
30 90
31 82
32 55
33 54
34 42
35 39
36 37
37 25
38 20
39 25
40 12
41 15
42 21
43 18
44 22
45 6
46 20
47 15
48 9
49 10
50 8
51 3
52 8
53 6
54 5
55 3
56 7
57 3
58 5
60 3
61 3
62 2
63 1
64 3
66 1
67 6
68 3
69 1
70 1
72 1
73 1
74 3
75 1
76 1
77 2
79 2
80 2
83 1
84 1
86 2
88 1
91 1
93 3
95 1
97 1
101 1
103 3
106 3
109 1
110 1
115 1
120 1
121 1
124 1
125 2
127 1
129 1
130 1
131 1
134 1
136 1
137 2
139 1
140 1
141 1
143 1
148 1
153 1
158 1
159 2
160 2
161 1
164 1
167 1
169 1
171 1
174 1
176 1
183 1
185 1
191 1
192 1
193 1
220 1
223 2
225 1
230 1
235 1
243 1
251 1
262 1
268 1
282 1
287 1
