100 3000 60
0 235545
1 73
2 227
3 388
4 701
5 976
6 1331
7 1534
8 1582
9 1729
10 1742
11 1678
12 1542
13 1401
14 1287
15 1048
16 983
17 832
18 686
19 604
20 491
21 412
22 366
23 293
24 215
25 192
26 181
27 122
28 113
29 87
30 80
31 63
32 61
33 44
34 32
35 27
36 39
37 22
38 15
39 14
40 27
41 15
42 5
43 7
44 3
45 10
46 4
47 9
48 1
49 4
50 4
51 3
52 4
53 3
54 6
55 3
56 7
57 4
58 3
59 4
60 2
61 6
62 4
63 1
65 4
66 4
67 3
68 3
69 3
70 3
71 2
73 2
75 1
78 1
80 1
81 2
82 2
84 1
86 1
87 1
88 1
89 2
91 1
92 2
95 3
96 1
102 1
106 1
108 1
114 1
116 2
117 1
126 1
131 2
143 1
150 1
153 1
155 1
161 1
164 1
166 1
168 1
180 1
198 1
218 1
268 1
283 1
