100 3000 60
0 236763
1 68
2 179
3 351
4 582
5 862
6 1112
7 1345
8 1457
9 1572
10 1625
11 1609
12 1469
13 1342
14 1213
15 1050
16 939
17 824
18 716
19 593
20 511
21 436
22 326
23 278
24 262
25 206
26 182
27 128
28 107
29 103
30 79
31 74
32 68
33 50
34 45
35 48
36 38
37 25
38 21
39 24
40 19
41 20
42 8
43 14
44 20
45 13
46 5
47 9
48 1
49 9
50 11
51 8
52 3
53 8
54 3
55 3
56 8
57 4
58 3
59 2
60 6
61 8
62 1
63 1
64 2
65 2
66 2
67 3
69 1
70 5
71 3
72 4
73 1
74 1
75 1
76 1
77 1
79 3
80 1
81 1
85 3
86 1
87 2
88 1
90 2
92 1
93 1
98 1
101 1
111 2
113 1
114 2
115 2
118 1
119 2
124 1
127 2
128 1
131 2
132 1
136 1
140 1
144 1
147 1
148 1
150 1
151 1
154 2
157 1
158 1
169 2
170 1
172 1
175 1
176 1
180 1
181 1
189 1
194 1
211 1
218 1
223 1
227 1
230 1
235 1
250 1
253 1
255 1
258 1
268 1
299 1
