100 3000 60
0 234363
1 73
2 292
3 545
4 863
5 1191
6 1479
7 1695
8 1854
9 1810
10 1747
11 1684
12 1570
13 1482
14 1256
15 1146
16 960
17 806
18 742
19 580
20 472
21 386
22 329
23 261
24 240
25 171
26 150
27 139
28 90
29 78
30 65
31 59
32 56
33 38
34 24
35 32
36 30
37 19
38 12
39 8
40 15
41 10
42 12
43 11
44 12
45 9
46 7
47 8
48 6
49 5
50 3
51 6
52 1
53 5
54 2
56 3
57 4
58 2
59 2
60 1
61 3
62 2
63 1
64 3
66 5
67 2
69 1
70 1
71 2
72 1
75 1
76 1
77 1
78 1
79 1
81 1
86 2
88 1
91 1
93 1
97 1
99 1
102 2
141 1
142 1
144 1
165 1
167 1
169 1
220 1
