100 3000 60
0 236474
1 44
2 193
3 409
4 612
5 905
6 1149
7 1369
8 1535
9 1645
10 1562
11 1586
12 1448
13 1362
14 1219
15 1119
16 927
17 826
18 743
19 567
20 471
21 453
22 399
23 287
24 236
25 187
26 166
27 135
28 109
29 114
30 95
31 66
32 61
33 40
34 41
35 33
36 25
37 27
38 26
39 16
40 21
41 20
42 14
43 13
44 12
45 18
46 10
47 9
48 7
49 7
50 7
51 5
52 9
53 5
54 2
55 1
56 7
57 7
58 3
59 5
60 2
61 2
62 4
63 2
64 4
65 2
66 1
68 2
69 2
71 3
72 1
73 2
74 1
75 2
76 4
77 3
78 1
79 3
80 4
81 2
84 2
87 1
90 1
92 1
94 2
96 1
97 1
98 2
99 1
100 1
101 1
102 1
104 1
108 1
110 2
111 1
112 1
117 1
118 1
120 1
125 3
129 1
130 1
132 1
138 1
142 1
145 2
155 1
157 2
158 1
161 1
175 1
176 1
177 1
183 1
199 3
208 1
211 1
212 1
219 1
251 1
269 1
273 1
292 1
