100 3000 60
0 236164
1 63
2 184
3 412
4 676
5 904
6 1216
7 1446
8 1516
9 1715
10 1631
11 1566
12 1463
13 1334
14 1222
15 1111
16 950
17 856
18 693
19 596
20 535
21 407
22 328
23 313
24 246
25 201
26 163
27 162
28 116
29 87
30 90
31 61
32 61
33 43
34 41
35 41
36 35
37 31
38 33
39 17
40 16
41 13
42 15
43 15
44 15
45 5
46 6
47 9
48 11
49 5
50 5
51 5
52 3
53 6
54 1
55 3
56 2
57 3
58 5
59 2
60 3
61 4
62 4
63 5
64 1
65 2
66 4
67 4
68 5
70 1
71 1
73 1
74 2
77 1
78 4
79 1
82 2
83 1
84 2
90 2
91 1
93 1
94 2
96 1
97 2
99 3
112 1
113 1
115 2
117 1
131 1
134 1
140 1
142 1
145 1
149 1
151 1
158 1
160 1
162 1
166 1
172 1
177 1
185 1
188 1
190 1
192 2
221 1
223 1
224 2
242 1
244 1
267 1
