100 3000 60
0 235864
1 56
2 218
3 428
4 673
5 985
6 1269
7 1459
8 1576
9 1674
10 1719
11 1559
12 1577
13 1407
14 1220
15 1091
16 943
17 793
18 680
19 600
20 479
21 448
22 332
23 298
24 248
25 190
26 159
27 162
28 110
29 107
30 65
31 54
32 54
33 43
34 44
35 41
36 38
37 25
38 19
39 20
40 22
41 13
42 11
43 10
44 12
45 11
46 5
47 7
48 10
49 4
50 3
51 3
52 9
53 7
54 6
55 5
56 3
57 3
58 3
59 5
60 2
61 3
62 1
63 2
64 4
65 4
66 2
67 1
68 6
69 1
70 1
71 4
72 1
73 3
74 1
75 2
77 1
79 1
80 2
81 1
83 1
84 1
85 1
87 1
88 3
89 1
91 1
92 1
93 1
96 1
97 1
103 1
108 1
112 1
116 1
117 1
124 1
132 1
133 1
136 1
137 1
138 1
142 1
150 1
151 1
155 1
159 1
161 1
165 2
169 1
171 1
175 1
176 1
180 1
188 1
207 1
227 1
267 1
276 1
