100 3000 60
0 237740
1 40
2 121
3 284
4 491
5 773
6 1003
7 1220
8 1378
9 1433
10 1546
11 1519
12 1449
13 1281
14 1216
15 1115
16 939
17 769
18 663
19 567
20 488
21 423
22 333
23 295
24 251
25 205
26 194
27 152
28 123
29 98
30 93
31 81
32 66
33 50
34 51
35 49
36 30
37 30
38 37
39 35
40 27
41 21
42 12
43 16
44 15
45 13
46 12
47 14
48 6
49 14
50 9
51 9
52 9
53 6
54 4
55 2
56 5
57 4
58 4
59 5
60 7
61 2
62 1
63 2
64 3
65 1
66 2
68 4
69 1
70 2
71 1
72 2
73 2
74 2
75 2
76 2
77 1
82 3
84 2
87 1
88 1
89 2
91 2
93 1
96 1
100 1
102 1
104 2
105 1
109 1
114 1
117 1
120 1
121 1
122 2
123 1
125 1
128 1
130 1
131 1
133 1
134 2
138 2
144 1
152 2
153 1
154 2
156 1
157 1
158 1
159 1
166 1
167 2
168 2
171 1
174 1
176 2
178 1
181 1
186 1
190 1
192 2
194 1
195 1
196 1
197 1
199 1
203 1
204 1
208 1
209 2
211 1
212 1
213 1
224 1
231 1
232 1
248 1
253 1
255 1
257 1
258 1
262 1
263 1
272 1
276 1
278 1
292 1
297 1
348 1
