100 3000 60
0 237265
1 40
2 160
3 330
4 521
5 772
6 1065
7 1332
8 1413
9 1491
10 1533
11 1586
12 1463
13 1326
14 1181
15 1051
16 938
17 785
18 702
19 617
20 510
21 431
22 333
23 318
24 232
25 216
26 195
27 142
28 128
29 112
30 110
31 70
32 70
33 43
34 39
35 33
36 36
37 25
38 18
39 24
40 23
41 19
42 25
43 13
44 13
45 10
46 11
47 4
48 10
49 7
50 8
51 10
52 7
53 5
54 3
55 10
56 1
57 3
58 2
60 2
61 1
62 4
63 6
66 3
67 4
68 3
69 1
71 3
72 2
73 5
74 2
75 1
76 2
77 3
78 1
79 1
80 2
81 2
83 2
84 2
85 1
86 3
87 1
88 1
90 1
92 3
98 1
101 1
104 1
108 1
109 1
111 1
115 1
116 1
120 1
127 1
128 1
135 2
136 1
139 2
141 1
142 1
145 2
146 1
147 1
148 1
150 1
155 1
157 1
158 1
159 1
161 1
162 2
163 3
164 2
167 1
169 1
177 2
181 1
182 1
184 3
192 1
199 1
200 1
205 1
208 1
209 1
214 1
216 1
224 1
227 1
231 1
243 1
250 1
257 1
290 1
317 1
327 1
