100 3000 60
0 233852
1 101
2 325
3 635
4 892
5 1272
6 1548
7 1796
8 1904
9 1924
10 1840
11 1723
12 1523
13 1393
14 1302
15 1153
16 973
17 795
18 646
19 586
20 476
21 407
22 298
23 278
24 223
25 194
26 134
27 98
28 101
29 71
30 73
31 57
32 49
33 42
34 36
35 28
36 26
37 20
38 24
39 14
40 18
41 7
42 8
43 9
44 10
45 6
46 2
47 6
48 6
49 5
50 7
51 2
52 6
53 3
54 3
55 2
56 2
59 3
60 1
62 1
63 1
65 1
66 1
67 1
68 2
71 1
74 1
76 1
77 1
78 1
80 2
83 1
95 1
100 1
110 1
114 1
118 1
120 1
126 1
161 1
163 1
166 1
175 1
