100 3000 60
0 235177
1 71
2 216
3 477
4 789
5 1075
6 1321
7 1580
8 1687
9 1756
10 1724
11 1637
12 1532
13 1417
14 1262
15 1118
16 932
17 784
18 715
19 620
20 537
21 409
22 322
23 289
24 216
25 230
26 164
27 127
28 121
29 98
30 65
31 56
32 40
33 48
34 43
35 42
36 25
37 27
38 19
39 18
40 17
41 16
42 7
43 10
44 6
45 14
46 4
47 5
48 4
49 5
50 4
51 1
52 5
54 4
55 4
56 4
57 3
58 1
59 4
60 3
61 3
62 1
63 3
64 2
65 2
67 3
69 2
72 1
73 1
74 1
75 1
76 1
77 2
78 1
79 3
80 2
81 1
87 1
90 1
96 1
98 1
99 1
100 1
102 1
104 1
106 3
108 1
109 1
110 1
114 1
121 1
122 1
125 1
126 1
130 1
142 1
145 1
148 1
174 1
205 1
212 1
225 1
