100 3000 60
0 234784
1 85
2 239
3 471
4 771
5 1164
6 1420
7 1659
8 1750
9 1841
10 1757
11 1719
12 1538
13 1431
14 1239
15 1114
16 915
17 833
18 691
19 565
20 513
21 400
22 341
23 276
24 219
25 180
26 156
27 129
28 110
29 74
30 67
31 73
32 52
33 54
34 45
35 29
36 29
37 23
38 17
39 15
40 17
41 11
42 14
43 14
44 7
45 6
46 6
47 6
48 6
49 7
50 3
51 3
52 8
53 3
54 2
55 2
56 1
57 4
58 2
59 3
60 2
61 3
62 2
63 1
64 1
65 3
66 1
67 2
68 2
70 1
71 1
72 2
74 1
75 2
76 1
77 1
80 1
81 3
85 1
87 1
91 1
92 1
93 1
97 2
98 1
102 2
103 1
104 1
106 1
108 1
127 1
135 1
168 1
178 1
181 1
218 1
226 1
