100 3000 60
0 237966
1 40
2 138
3 274
4 443
5 761
6 922
7 1211
8 1321
9 1452
10 1497
11 1479
12 1390
13 1305
14 1172
15 1081
16 906
17 856
18 714
19 594
20 549
21 454
22 357
23 280
24 242
25 214
26 170
27 128
28 114
29 100
30 84
31 84
32 67
33 65
34 38
35 46
36 36
37 27
38 32
39 24
40 18
41 12
42 19
43 15
44 11
45 16
46 8
47 8
48 8
49 8
50 9
51 6
52 9
53 7
54 7
55 6
56 4
57 5
58 2
59 5
60 5
61 4
62 7
63 5
64 4
65 3
66 1
67 3
68 2
69 6
70 1
71 1
74 1
75 1
76 1
77 1
78 2
79 1
80 2
81 1
82 1
84 3
86 1
87 1
90 1
91 2
92 1
93 1
94 1
95 1
96 2
97 1
98 1
99 1
101 1
103 1
104 1
106 2
107 2
109 1
111 2
112 1
121 1
123 1
125 1
127 1
128 2
133 1
135 1
139 1
142 2
146 1
148 2
150 1
152 1
153 1
154 1
158 1
161 1
165 1
172 1
177 1
178 1
179 1
180 1
185 2
188 1
189 2
190 1
191 1
193 1
194 1
200 1
203 1
204 2
206 1
207 1
208 2
213 1
221 1
225 1
226 1
229 1
233 1
235 2
241 1
250 1
254 1
257 1
260 1
261 1
262 1
263 1
266 1
270 1
272 1
284 1
290 1
295 1
296 1
307 1
