500 8500 10
1 29
2 24
3 32
4 38
5 40
6 41
7 38
8 54
9 43
10 44
11 53
12 47
13 53
14 49
15 61
16 46
17 68
18 50
19 66
20 50
21 69
22 69
23 60
24 56
25 69
26 73
27 62
28 92
29 86
30 98
31 78
32 87
33 83
34 88
35 112
36 92
37 92
38 110
39 100
40 100
41 101
42 84
43 87
44 107
45 104
46 109
47 121
48 107
49 122
50 116
51 131
52 125
53 126
54 124
55 123
56 121
57 120
58 125
59 139
60 129
61 151
62 129
63 126
64 123
65 130
66 148
67 151
68 132
69 125
70 140
71 137
72 130
73 147
74 142
75 155
76 140
77 148
78 165
79 147
80 145
81 142
82 161
83 176
84 169
85 205
86 161
87 168
88 166
89 158
90 173
91 159
92 155
93 138
94 147
95 190
96 176
97 144
98 172
99 150
100 178
101 167
102 186
103 160
104 163
105 175
106 181
107 166
108 158
109 183
110 189
111 186
112 167
113 165
114 192
115 168
116 165
117 179
118 172
119 176
120 179
121 188
122 183
123 188
124 178
125 184
126 182
127 153
128 162
129 195
130 175
131 194
132 195
133 155
134 177
135 175
136 172
137 178
138 187
139 195
140 179
141 166
142 176
143 172
144 177
145 186
146 165
147 170
148 173
149 190
150 167
151 182
152 184
153 187
154 153
155 158
156 177
157 150
158 165
159 193
160 153
161 181
162 187
163 171
164 153
165 183
166 168
167 166
168 171
169 171
170 167
171 152
172 137
173 152
174 158
175 157
176 163
177 153
178 147
179 161
180 164
181 156
182 145
183 142
184 156
185 131
186 121
187 133
188 150
189 140
190 129
191 134
192 137
193 127
194 123
195 134
196 109
197 117
198 131
199 127
200 135
201 119
202 165
203 120
204 151
205 130
206 114
207 117
208 116
209 101
210 126
211 118
212 122
213 88
214 115
215 94
216 128
217 129
218 105
219 130
220 99
221 89
222 98
223 105
224 100
225 115
226 80
227 104
228 73
229 91
230 107
231 85
232 78
233 84
234 88
235 63
236 72
237 79
238 65
239 74
240 58
241 53
242 54
243 57
244 45
245 50
246 54
247 41
248 35
249 43
250 39
251 29
252 33
253 26
254 31
255 29
256 28
257 35
258 23
259 13
260 20
261 19
262 18
263 21
264 14
265 17
266 11
267 13
268 13
269 6
270 5
271 4
272 10
273 10
274 6
275 7
276 1
277 2
278 6
279 6
280 3
281 2
282 5
283 2
284 1
286 2
287 2
288 1
289 2
291 1
293 1
295 2
296 1
297 1
298 1
