500 2500 15
1 23
2 29
3 24
4 27
5 41
6 31
7 39
8 50
9 37
10 35
11 34
12 43
13 41
14 48
15 44
16 47
17 54
18 64
19 53
20 47
21 54
22 51
23 66
24 70
25 70
26 69
27 55
28 71
29 76
30 72
31 81
32 71
33 78
34 78
35 91
36 78
37 99
38 87
39 75
40 85
41 102
42 79
43 96
44 80
45 94
46 96
47 88
48 93
49 102
50 114
51 104
52 88
53 103
54 96
55 94
56 112
57 94
58 100
59 121
60 86
61 122
62 94
63 129
64 114
65 128
66 128
67 101
68 108
69 126
70 113
71 116
72 113
73 98
74 106
75 115
76 107
77 124
78 122
79 107
80 120
81 114
82 131
83 148
84 101
85 99
86 104
87 138
88 103
89 102
90 118
91 109
92 115
93 111
94 124
95 132
96 132
97 133
98 98
99 127
100 127
101 120
102 133
103 111
104 108
105 112
106 104
107 116
108 99
109 112
110 118
111 111
112 106
113 95
114 108
115 107
116 99
117 98
118 107
119 92
120 114
121 99
122 107
123 98
124 101
125 82
126 92
127 86
128 102
129 96
130 94
131 85
132 108
133 93
134 96
135 64
136 83
137 65
138 85
139 73
140 77
141 63
142 80
143 74
144 80
145 82
146 70
147 71
148 69
149 51
150 68
151 59
152 60
153 49
154 57
155 52
156 50
157 46
158 30
159 45
160 37
161 30
162 31
163 25
164 25
165 33
166 23
167 27
168 26
169 20
170 15
171 24
172 15
173 16
174 15
175 13
176 9
177 10
178 6
179 7
180 4
181 10
182 8
183 3
184 3
185 2
186 3
187 3
188 1
189 1
190 1
192 1
193 1
196 1
198 1
200 2
204 1
