500 7500 10
1 38
2 41
3 40
4 41
5 38
6 45
7 48
8 50
9 45
10 62
11 60
12 58
13 59
14 67
15 92
16 75
17 84
18 82
19 84
20 75
21 82
22 82
23 95
24 95
25 77
26 96
27 95
28 99
29 118
30 110
31 95
32 95
33 106
34 99
35 124
36 124
37 109
38 130
39 118
40 116
41 136
42 120
43 102
44 148
45 121
46 127
47 140
48 131
49 123
50 147
51 161
52 130
53 148
54 140
55 164
56 145
57 159
58 145
59 161
60 148
61 158
62 159
63 158
64 167
65 144
66 178
67 160
68 160
69 170
70 162
71 161
72 176
73 191
74 174
75 180
76 192
77 173
78 175
79 172
80 175
81 164
82 186
83 189
84 179
85 192
86 203
87 203
88 200
89 173
90 208
91 168
92 172
93 180
94 181
95 199
96 197
97 192
98 206
99 204
100 210
101 187
102 206
103 236
104 196
105 199
106 216
107 221
108 193
109 178
110 189
111 204
112 204
113 209
114 213
115 193
116 198
117 225
118 183
119 196
120 213
121 181
122 226
123 190
124 205
125 204
126 188
127 202
128 206
129 207
130 214
131 175
132 179
133 212
134 148
135 185
136 190
137 199
138 191
139 186
140 200
141 192
142 192
143 194
144 199
145 170
146 186
147 185
148 156
149 189
150 171
151 186
152 180
153 191
154 162
155 189
156 180
157 152
158 165
159 186
160 154
161 161
162 169
163 157
164 182
165 169
166 175
167 157
168 186
169 141
170 145
171 153
172 157
173 160
174 151
175 161
176 175
177 146
178 151
179 156
180 141
181 137
182 138
183 138
184 106
185 122
186 116
187 119
188 131
189 121
190 114
191 129
192 111
193 129
194 129
195 125
196 103
197 120
198 109
199 116
200 99
201 106
202 85
203 77
204 96
205 81
206 77
207 97
208 84
209 88
210 74
211 63
212 74
213 70
214 61
215 76
216 67
217 65
218 43
219 44
220 50
221 27
222 53
223 41
224 38
225 40
226 33
227 35
228 31
229 27
230 25
231 32
232 30
233 27
234 17
235 16
236 7
237 13
238 9
239 14
240 10
241 12
242 7
243 5
244 9
245 7
246 4
247 2
248 5
249 6
250 3
251 2
252 2
253 3
254 5
255 1
256 2
257 1
258 2
259 1
