500 2500 10
1 179
2 186
3 205
4 201
5 226
6 242
7 259
8 293
9 272
10 288
11 336
12 322
13 342
14 349
15 376
16 367
17 365
18 391
19 407
20 435
21 453
22 434
23 466
24 467
25 485
26 445
27 500
28 462
29 505
30 492
31 524
32 517
33 492
34 518
35 535
36 540
37 551
38 526
39 532
40 532
41 520
42 583
43 519
44 571
45 522
46 521
47 494
48 529
49 493
50 478
51 524
52 501
53 454
54 487
55 477
56 466
57 420
58 423
59 424
60 430
61 391
62 343
63 380
64 335
65 361
66 338
67 318
68 284
69 268
70 235
71 262
72 233
73 197
74 199
75 190
76 148
77 150
78 93
79 115
80 95
81 80
82 53
83 71
84 39
85 51
86 40
87 37
88 17
89 18
90 14
91 12
92 12
93 10
94 6
95 3
96 2
97 3
99 3
100 1
103 1
104 1
106 3
