500 2500 20
1 12
2 5
3 6
4 10
5 6
6 10
7 4
8 6
9 11
10 10
11 6
12 9
13 13
14 9
15 20
16 11
17 9
18 10
19 12
20 12
21 9
22 14
23 21
24 16
25 13
26 16
27 14
28 13
29 21
30 13
31 11
32 20
33 15
34 16
35 12
36 16
37 17
38 15
39 19
40 21
41 24
42 13
43 17
44 16
45 16
46 19
47 18
48 23
49 32
50 21
51 21
52 22
53 23
54 25
55 24
56 24
57 19
58 21
59 32
60 32
61 30
62 26
63 30
64 22
65 28
66 27
67 29
68 33
69 32
70 21
71 34
72 35
73 36
74 29
75 28
76 35
77 29
78 40
79 32
80 26
81 31
82 29
83 28
84 27
85 35
86 32
87 37
88 33
89 26
90 32
91 30
92 31
93 45
94 31
95 42
96 32
97 29
98 41
99 31
100 22
101 30
102 29
103 41
104 45
105 35
106 32
107 32
108 34
109 46
110 31
111 31
112 39
113 43
114 30
115 30
116 35
117 42
118 24
119 45
120 35
121 41
122 45
123 44
124 41
125 32
126 44
127 36
128 38
129 36
130 30
131 35
132 37
133 30
134 39
135 36
136 32
137 31
138 43
139 44
140 27
141 40
142 38
143 42
144 39
145 33
146 39
147 47
148 41
149 38
150 44
151 46
152 46
153 46
154 42
155 44
156 38
157 33
158 37
159 34
160 53
161 38
162 41
163 33
164 45
165 46
166 43
167 41
168 43
169 47
170 45
171 45
172 42
173 51
174 42
175 36
176 38
177 45
178 30
179 44
180 49
181 39
182 37
183 40
184 30
185 39
186 32
187 41
188 38
189 43
190 38
191 25
192 41
193 39
194 41
195 46
196 36
197 49
198 37
199 39
200 40
201 36
202 39
203 32
204 53
205 33
206 40
207 31
208 34
209 40
210 26
211 27
212 36
213 40
214 27
215 30
216 22
217 40
218 29
219 34
220 30
221 31
222 26
223 28
224 25
225 35
226 23
227 26
228 26
229 24
230 32
231 33
232 32
233 30
234 29
235 35
236 27
237 23
238 29
239 28
240 37
241 30
242 23
243 26
244 25
245 32
246 24
247 26
248 27
249 22
250 22
251 25
252 24
253 16
254 25
255 16
256 20
257 20
258 21
259 24
260 20
261 14
262 31
263 19
264 24
265 16
266 11
267 12
268 18
269 14
270 11
271 11
272 16
273 10
274 16
275 19
276 4
277 10
278 10
279 12
280 10
281 8
282 7
283 10
284 10
285 9
286 13
287 8
288 6
289 6
290 8
291 7
292 5
293 6
294 4
295 9
296 7
297 5
298 7
299 3
300 2
301 3
302 3
303 5
304 3
305 4
306 4
307 3
308 3
309 2
310 2
314 2
316 2
317 2
318 1
319 1
321 1
323 1
326 3
333 1
