50 500000 5
1 207
2 199
3 222
4 213
5 216
6 210
7 259
8 248
9 221
10 262
11 279
12 272
13 273
14 310
15 294
16 312
17 294
18 305
19 312
20 328
21 342
22 337
23 355
24 404
25 363
26 396
27 404
28 422
29 406
30 465
31 509
32 525
33 485
34 548
35 548
36 580
37 631
38 598
39 647
40 652
41 710
42 739
43 798
44 811
45 842
46 844
47 900
48 997
49 1019
50 974
51 1128
52 1050
53 1145
54 1205
55 1282
56 1264
57 1295
58 1412
59 1447
60 1436
61 1453
62 1566
63 1618
64 1557
65 1599
66 1788
67 1746
68 1757
69 1863
70 1888
71 1912
72 1822
73 2063
74 2069
75 2116
76 2109
77 2175
78 2216
79 2204
80 2166
81 2278
82 2242
83 2303
84 2349
85 2355
86 2421
87 2437
88 2531
89 2501
90 2527
91 2463
92 2511
93 2593
94 2579
95 2545
96 2601
97 2571
98 2532
99 2560
100 2621
101 2494
102 2513
103 2600
104 2562
105 2631
106 2536
107 2447
108 2517
109 2484
110 2451
111 2450
112 2332
113 2333
114 2429
115 2410
116 2280
117 2341
118 2224
119 2262
120 2258
121 2156
122 2043
123 2102
124 2032
125 2047
126 2009
127 2030
128 1957
129 1914
130 1841
131 1836
132 1794
133 1767
134 1725
135 1700
136 1661
137 1619
138 1590
139 1540
140 1437
141 1454
142 1391
143 1380
144 1384
145 1267
146 1256
147 1236
148 1228
149 1128
150 1105
151 1036
152 1024
153 997
154 982
155 956
156 964
157 900
158 867
159 869
160 799
161 767
162 787
163 723
164 698
165 666
166 683
167 622
168 592
169 601
170 574
171 558
172 505
173 474
174 475
175 444
176 380
177 391
178 378
179 373
180 343
181 336
182 309
183 293
184 256
185 256
186 238
187 261
188 218
189 208
190 191
191 218
192 177
193 160
194 151
195 146
196 156
197 132
198 113
199 130
200 115
201 81
202 101
203 97
204 80
205 74
206 68
207 61
208 64
209 62
210 54
211 48
212 44
213 54
214 35
215 40
216 33
217 23
218 19
219 32
220 22
221 20
222 15
223 19
224 15
225 13
226 12
227 11
228 12
229 11
230 4
231 11
232 4
233 3
234 5
235 5
236 1
237 3
238 2
239 4
240 1
241 3
242 2
243 1
246 1
247 1
248 1
249 2
250 1
