50 500000 10
1 2
4 3
5 3
6 3
7 3
8 4
9 3
10 2
11 3
12 1
13 2
14 2
15 1
16 2
18 5
19 1
20 1
21 1
22 2
23 1
24 3
25 3
26 1
27 5
28 3
29 4
30 2
31 2
32 3
33 2
34 2
35 2
36 3
37 2
38 1
39 1
40 1
41 2
42 6
44 2
45 1
46 2
47 2
48 1
49 3
50 1
51 1
52 1
53 5
54 4
55 5
56 3
57 4
58 4
59 1
60 2
61 2
62 5
63 5
64 4
65 1
66 5
67 2
68 3
69 2
70 4
71 4
72 2
73 2
74 3
75 2
76 3
77 3
78 1
79 1
80 2
81 3
83 1
84 1
85 2
86 1
87 5
88 4
89 3
90 3
92 3
95 2
96 3
97 3
98 4
99 1
100 2
101 3
103 4
104 3
105 2
106 1
107 1
108 2
109 1
110 4
111 2
113 1
114 3
115 2
116 1
118 4
119 2
121 3
122 4
123 3
124 1
125 1
126 4
127 3
128 5
129 2
130 4
131 5
132 3
133 3
134 4
135 4
136 4
137 7
138 3
139 2
140 4
141 4
142 2
143 4
144 1
145 1
146 2
147 6
148 6
149 4
150 3
151 6
152 2
153 6
154 2
155 4
156 4
157 4
158 5
159 1
160 3
161 4
162 2
163 8
164 5
165 4
166 4
167 5
168 2
169 5
170 1
171 4
172 5
173 4
174 5
175 3
176 5
178 1
179 2
180 5
181 6
182 2
183 6
184 1
185 1
186 6
187 4
188 3
189 4
190 2
191 3
192 7
193 4
194 6
195 4
196 3
197 2
198 7
199 2
200 5
201 4
202 7
203 7
204 6
205 2
206 5
207 6
208 5
209 6
210 6
211 4
212 2
213 6
214 3
215 3
216 4
218 6
219 3
220 6
221 6
222 4
223 2
224 8
225 4
226 2
227 11
228 4
229 2
230 6
231 4
232 12
233 8
234 3
235 4
236 2
237 10
238 5
239 7
240 9
241 10
242 7
243 7
244 5
245 4
246 3
247 8
248 4
249 5
250 7
251 9
252 6
253 4
254 5
255 4
256 6
257 9
258 8
259 7
260 8
261 4
262 9
263 15
264 6
265 4
266 10
267 9
268 9
269 2
270 7
271 8
272 4
273 6
274 7
275 9
276 7
277 5
278 8
279 9
280 11
281 14
282 7
283 8
284 9
285 7
286 5
287 10
288 11
289 12
290 10
291 12
292 11
293 12
294 11
295 10
296 11
297 6
298 8
299 5
300 11
301 5
302 11
303 10
304 6
305 12
306 6
307 11
308 13
309 9
310 9
311 9
312 13
313 13
314 12
315 10
316 8
317 8
318 14
319 13
320 14
321 11
322 10
323 16
324 18
325 9
326 11
327 15
328 15
329 9
330 19
331 14
332 12
333 15
334 15
335 16
336 15
337 10
338 13
339 13
340 7
341 10
342 12
343 22
344 8
345 17
346 9
347 7
348 13
349 15
350 18
351 9
352 15
353 17
354 13
355 20
356 13
357 17
358 18
359 9
360 15
361 17
362 8
363 16
364 11
365 19
366 16
367 23
368 14
369 18
370 23
371 24
372 11
373 15
374 19
375 24
376 20
377 19
378 18
379 17
380 14
381 18
382 15
383 17
384 11
385 25
386 16
387 20
388 13
389 26
390 14
391 16
392 22
393 16
394 23
395 23
396 14
397 26
398 27
399 21
400 23
401 25
402 25
403 18
404 16
405 24
406 27
407 14
408 29
409 23
410 25
411 25
412 32
413 21
414 20
415 13
416 15
417 12
418 30
419 24
420 28
421 26
422 25
423 27
424 27
425 22
426 16
427 21
428 27
429 25
430 31
431 29
432 33
433 20
434 27
435 32
436 26
437 34
438 24
439 27
440 27
441 33
442 26
443 36
444 26
445 35
446 30
447 28
448 32
449 37
450 26
451 28
452 29
453 37
454 32
455 25
456 35
457 25
458 26
459 34
460 30
461 30
462 30
463 24
464 29
465 34
466 34
467 34
468 30
469 32
470 38
471 27
472 37
473 26
474 40
475 21
476 21
477 30
478 36
479 33
480 39
481 33
482 31
483 27
484 27
485 32
486 39
487 37
488 24
489 31
490 36
491 44
492 28
493 39
494 42
495 32
496 29
497 33
498 24
499 39
500 36
501 29
502 39
503 47
504 38
505 41
506 39
507 38
508 29
509 30
510 48
511 31
512 25
513 34
514 38
515 44
516 38
517 33
518 33
519 45
520 36
521 44
522 39
523 39
524 40
525 46
526 35
527 41
528 37
529 35
530 30
531 36
532 50
533 42
534 30
535 43
536 44
537 30
538 32
539 36
540 37
541 47
542 40
543 33
544 47
545 42
546 47
547 38
548 36
549 48
550 39
551 47
552 42
553 31
554 45
555 42
556 39
557 40
558 46
559 56
560 41
561 36
562 49
563 42
564 55
565 50
566 37
567 38
568 33
569 54
570 50
571 56
572 40
573 45
574 57
575 50
576 47
577 40
578 60
579 46
580 38
581 38
582 47
583 51
584 51
585 45
586 43
587 66
588 52
589 41
590 44
591 45
592 49
593 51
594 46
595 48
596 54
597 40
598 41
599 48
600 49
601 43
602 50
603 36
604 51
605 55
606 49
607 49
608 45
609 55
610 48
611 46
612 45
613 56
614 46
615 53
616 53
617 69
618 50
619 45
620 61
621 59
622 55
623 43
624 54
625 45
626 57
627 52
628 48
629 45
630 43
631 47
632 47
633 48
634 53
635 55
636 43
637 52
638 60
639 38
640 49
641 47
642 52
643 51
644 42
645 67
646 50
647 47
648 49
649 54
650 51
651 46
652 57
653 48
654 49
655 55
656 64
657 52
658 48
659 65
660 53
661 45
662 56
663 57
664 41
665 43
666 53
667 57
668 56
669 45
670 48
671 53
672 62
673 51
674 52
675 47
676 71
677 51
678 48
679 58
680 47
681 51
682 49
683 47
684 52
685 58
686 60
687 51
688 49
689 49
690 51
691 60
692 48
693 55
694 56
695 53
696 66
697 40
698 47
699 44
700 57
701 55
702 44
703 51
704 60
705 55
706 43
707 46
708 44
709 58
710 53
711 51
712 44
713 52
714 47
715 41
716 50
717 37
718 42
719 50
720 69
721 57
722 62
723 60
724 56
725 57
726 45
727 53
728 54
729 67
730 50
731 54
732 50
733 43
734 62
735 54
736 59
737 73
738 52
739 49
740 57
741 47
742 57
743 51
744 72
745 65
746 52
747 65
748 55
749 45
750 55
751 47
752 53
753 60
754 43
755 55
756 54
757 50
758 56
759 62
760 47
761 59
762 54
763 62
764 56
765 52
766 44
767 60
768 43
769 41
770 58
771 58
772 64
773 53
774 42
775 53
776 58
777 61
778 51
779 59
780 58
781 47
782 45
783 49
784 48
785 44
786 44
787 49
788 49
789 44
790 41
791 55
792 54
793 45
794 50
795 53
796 54
797 50
798 55
799 40
800 44
801 60
802 46
803 38
804 49
805 63
806 54
807 43
808 44
809 46
810 45
811 50
812 41
813 51
814 58
815 47
816 46
817 46
818 51
819 52
820 47
821 48
822 51
823 55
824 46
825 64
826 45
827 52
828 54
829 45
830 49
831 44
832 46
833 58
834 52
835 49
836 43
837 56
838 46
839 45
840 48
841 51
842 47
843 51
844 47
845 53
846 51
847 44
848 37
849 63
850 39
851 44
852 48
853 64
854 46
855 40
856 46
857 50
858 48
859 48
860 41
861 54
862 46
863 54
864 42
865 38
866 40
867 43
868 38
869 49
870 33
871 44
872 40
873 47
874 40
875 50
876 34
877 42
878 36
879 53
880 47
881 51
882 39
883 59
884 45
885 52
886 43
887 46
888 63
889 45
890 43
891 37
892 43
893 40
894 50
895 40
896 41
897 38
898 36
899 33
900 41
901 39
902 44
903 42
904 37
905 50
906 28
907 40
908 26
909 33
910 34
911 47
912 45
913 41
914 39
915 40
916 34
917 35
918 33
919 43
920 41
921 39
922 44
923 42
924 42
925 38
926 51
927 46
928 37
929 46
930 41
931 32
932 45
933 28
934 27
935 40
936 32
937 36
938 43
939 38
940 39
941 32
942 40
943 31
944 44
945 42
946 42
947 25
948 42
949 53
950 34
951 23
952 36
953 39
954 33
955 32
956 50
957 29
958 36
959 40
960 41
961 40
962 32
963 37
964 37
965 37
966 31
967 29
968 29
969 29
970 31
971 43
972 35
973 39
974 38
975 28
976 39
977 33
978 32
979 38
980 31
981 36
982 31
983 24
984 30
985 31
986 39
987 29
988 28
989 30
990 33
991 34
992 29
993 31
994 25
995 31
996 31
997 38
998 23
999 25
1000 26
1001 33
1002 30
1003 26
1004 34
1005 36
1006 46
1007 28
1008 40
1009 28
1010 28
1011 29
1012 32
1013 35
1014 37
1015 31
1016 30
1017 30
1018 33
1019 35
1020 23
1021 20
1022 34
1023 29
1024 29
1025 17
1026 20
1027 27
1028 26
1029 29
1030 31
1031 30
1032 23
1033 22
1034 25
1035 27
1036 24
1037 25
1038 30
1039 27
1040 22
1041 31
1042 25
1043 31
1044 21
1045 25
1046 25
1047 35
1048 30
1049 27
1050 27
1051 14
1052 23
1053 26
1054 33
1055 18
1056 28
1057 28
1058 21
1059 20
1060 25
1061 28
1062 23
1063 26
1064 24
1065 21
1066 26
1067 21
1068 18
1069 25
1070 25
1071 18
1072 16
1073 31
1074 24
1075 23
1076 24
1077 25
1078 29
1079 22
1080 23
1081 19
1082 29
1083 17
1084 31
1085 26
1086 26
1087 17
1088 18
1089 23
1090 14
1091 22
1092 16
1093 11
1094 20
1095 15
1096 15
1097 25
1098 22
1099 15
1100 19
1101 25
1102 20
1103 27
1104 15
1105 11
1106 14
1107 15
1108 16
1109 17
1110 17
1111 11
1112 17
1113 22
1114 21
1115 20
1116 11
1117 14
1118 15
1119 18
1120 15
1121 14
1122 23
1123 24
1124 12
1125 11
1126 10
1127 11
1128 16
1129 15
1130 21
1131 15
1132 13
1133 24
1134 20
1135 16
1136 20
1137 18
1138 17
1139 14
1140 16
1141 10
1142 12
1143 19
1144 15
1145 17
1146 15
1147 18
1148 6
1149 18
1150 13
1151 17
1152 7
1153 10
1154 17
1155 13
1156 15
1157 21
1158 10
1159 9
1160 14
1161 9
1162 11
1163 9
1164 11
1165 11
1166 20
1167 16
1168 9
1169 9
1170 20
1171 10
1172 11
1173 9
1174 15
1175 10
1176 13
1177 15
1178 13
1179 11
1180 12
1181 10
1182 8
1183 12
1184 13
1185 7
1186 22
1187 13
1188 16
1189 16
1190 6
1191 12
1192 11
1193 13
1194 10
1195 15
1196 10
1197 12
1198 7
1199 9
1200 11
1201 11
1202 11
1203 11
1204 11
1205 8
1206 8
1207 11
1208 5
1209 12
1210 10
1211 10
1212 6
1213 7
1214 4
1215 13
1216 21
1217 9
1218 14
1219 8
1220 9
1221 7
1222 12
1223 9
1224 15
1225 11
1226 9
1227 11
1228 8
1229 8
1230 6
1231 10
1232 12
1233 6
1234 5
1235 10
1236 8
1237 6
1238 9
1239 7
1240 6
1241 7
1242 7
1243 8
1244 10
1245 9
1246 13
1247 10
1248 6
1249 10
1250 9
1251 6
1252 4
1253 7
1254 4
1255 10
1256 7
1257 4
1258 5
1259 6
1260 6
1261 8
1262 6
1263 4
1264 14
1265 7
1266 7
1267 7
1268 4
1269 4
1270 8
1271 9
1272 8
1273 7
1274 7
1275 10
1276 6
1277 4
1278 11
1279 7
1280 6
1281 7
1282 5
1283 5
1284 5
1285 1
1286 4
1287 7
1288 10
1289 5
1290 6
1291 7
1292 9
1293 7
1294 2
1295 6
1296 2
1297 6
1298 8
1299 5
1300 8
1301 7
1302 7
1303 6
1304 4
1305 5
1306 4
1307 6
1308 7
1309 7
1310 7
1311 4
1312 3
1313 4
1314 4
1315 7
1316 3
1317 3
1318 2
1319 3
1320 5
1321 7
1322 7
1323 1
1324 3
1325 4
1326 5
1327 3
1328 3
1329 4
1330 4
1331 3
1332 4
1333 3
1334 5
1335 2
1336 3
1337 7
1338 3
1339 5
1341 4
1342 2
1343 3
1345 2
1346 8
1347 3
1348 2
1349 4
1350 8
1351 3
1352 3
1353 3
1354 3
1355 3
1356 1
1357 4
1358 4
1359 4
1360 2
1361 3
1362 3
1363 3
1364 3
1365 4
1366 2
1368 2
1369 1
1370 4
1371 3
1372 6
1373 3
1374 5
1375 2
1377 3
1378 1
1379 2
1380 2
1381 4
1382 6
1383 2
1384 3
1385 2
1386 2
1387 6
1388 1
1389 2
1390 1
1391 5
1392 1
1394 3
1395 1
1396 1
1397 1
1398 1
1399 1
1400 2
1402 4
1403 1
1404 1
1405 2
1406 4
1408 4
1410 4
1411 4
1412 3
1413 4
1414 2
1415 4
1416 3
1417 1
1418 2
1419 1
1420 2
1421 5
1422 4
1424 3
1425 2
1426 2
1427 2
1428 2
1429 1
1430 2
1431 2
1432 1
1434 2
1436 2
1437 2
1438 3
1442 1
1444 2
1445 2
1446 2
1447 1
1448 2
1449 1
1450 2
1451 1
1452 1
1454 1
1455 2
1456 2
1459 1
1461 1
1462 1
1463 1
1465 1
1466 1
1467 2
1469 2
1472 2
1474 1
1476 1
1477 1
1481 2
1482 2
1484 1
1485 1
1486 1
1487 1
1488 1
1489 1
1491 1
1492 1
1494 1
1497 2
1498 2
1499 3
1504 1
1508 1
1514 1
1515 1
1516 1
1517 1
1519 1
1531 1
1532 1
1543 1
1546 1
1600 1
1614 1
1621 1
1622 1
1640 1
1647 1
