1 100000 20
1 1
8 1
24 1
65 1
100 1
110 1
116 1
126 1
182 1
308 1
332 1
375 1
425 1
582 1
598 1
645 1
667 1
757 1
836 1
866 1
924 1
948 1
970 1
973 1
980 1
1007 1
1017 1
1025 1
1047 1
1065 1
1075 1
1111 1
1132 1
1152 1
1176 1
1182 1
1202 1
1210 1
1241 1
1267 1
1272 1
1278 1
1300 1
1313 1
1328 1
1329 1
1345 1
1358 1
1367 1
1374 1
1378 1
1407 1
1420 1
1424 1
1431 1
1469 1
1480 2
1509 1
1530 1
1552 1
1557 1
1560 1
1573 1
1574 1
1576 1
1595 1
1614 1
1618 1
1622 1
1628 1
1632 1
1636 1
1657 1
1671 1
1676 1
1684 1
1691 1
1693 1
1722 1
1727 1
1732 1
1743 1
1791 1
1854 1
2003 1
