50 500000 5
1 201
2 218
3 192
4 197
5 192
6 214
7 227
8 235
9 243
10 208
11 252
12 245
13 249
14 253
15 292
16 282
17 311
18 341
19 316
20 338
21 354
22 350
23 362
24 384
25 374
26 400
27 440
28 395
29 463
30 481
31 487
32 569
33 576
34 540
35 611
36 660
37 649
38 689
39 710
40 734
41 767
42 829
43 863
44 846
45 926
46 940
47 920
48 1043
49 1061
50 1073
51 1186
52 1253
53 1213
54 1291
55 1319
56 1346
57 1428
58 1464
59 1490
60 1593
61 1613
62 1687
63 1683
64 1799
65 1803
66 1783
67 1892
68 1900
69 1931
70 2025
71 2049
72 2078
73 2112
74 2190
75 2183
76 2279
77 2240
78 2290
79 2260
80 2375
81 2462
82 2406
83 2413
84 2391
85 2538
86 2544
87 2583
88 2576
89 2566
90 2590
91 2602
92 2547
93 2625
94 2524
95 2608
96 2601
97 2533
98 2638
99 2468
100 2702
101 2567
102 2484
103 2590
104 2559
105 2557
106 2577
107 2450
108 2507
109 2498
110 2442
111 2546
112 2425
113 2434
114 2347
115 2351
116 2361
117 2314
118 2237
119 2232
120 2196
121 2172
122 2043
123 2095
124 2109
125 2036
126 2050
127 1976
128 2027
129 1883
130 1819
131 1854
132 1779
133 1775
134 1723
135 1619
136 1646
137 1532
138 1509
139 1571
140 1334
141 1366
142 1360
143 1362
144 1257
145 1237
146 1247
147 1175
148 1122
149 1181
150 1074
151 1032
152 921
153 961
154 934
155 910
156 934
157 878
158 827
159 754
160 744
161 771
162 689
163 654
164 673
165 665
166 605
167 593
168 563
169 512
170 528
171 490
172 434
173 455
174 425
175 438
176 389
177 345
178 355
179 353
180 325
181 295
182 294
183 276
184 266
185 256
186 238
187 189
188 224
189 216
190 196
191 178
192 165
193 160
194 144
195 134
196 128
197 131
198 119
199 99
200 102
201 99
202 75
203 71
204 65
205 54
206 60
207 52
208 50
209 38
210 37
211 40
212 43
213 36
214 34
215 21
216 25
217 26
218 28
219 14
220 14
221 10
222 17
223 12
224 8
225 10
226 13
227 16
228 12
229 9
230 5
231 9
232 6
233 4
234 3
235 2
236 4
237 2
238 3
240 2
241 2
242 2
244 1
245 1
246 1
250 1
251 2
