50 250000 20
6 1
31 1
65 1
73 1
123 1
138 1
152 1
153 1
155 1
166 1
186 1
248 1
249 1
250 1
277 1
295 1
304 1
322 1
341 2
348 1
380 1
401 1
407 1
415 1
423 1
437 1
442 1
477 1
481 1
484 1
494 1
495 1
500 1
514 1
530 1
549 1
562 1
568 1
584 1
595 2
602 1
607 1
626 1
630 1
637 1
638 1
640 2
652 1
665 1
668 1
698 1
715 1
724 1
731 1
738 2
740 1
754 1
757 2
759 1
761 1
780 1
787 1
789 1
807 1
809 1
810 1
811 1
821 1
844 1
852 1
860 1
875 1
881 1
887 1
902 1
912 1
918 2
919 1
920 1
932 1
947 1
949 1
951 2
964 1
980 1
989 1
996 2
1007 1
1019 1
1026 1
1043 1
1045 1
1065 1
1067 1
1068 1
1070 1
1076 1
1079 1
1083 1
1096 1
1110 1
1112 1
1116 1
1145 1
1150 1
1152 1
1154 2
1157 2
1161 2
1166 2
1167 1
1177 1
1184 2
1185 1
1191 1
1198 1
1200 1
1203 1
1204 1
1212 1
1213 2
1216 2
1219 1
1221 1
1222 1
1224 1
1225 2
1226 1
1229 1
1230 1
1232 1
1235 1
1241 1
1242 2
1248 1
1250 1
1256 1
1257 1
1267 1
1268 2
1269 1
1278 2
1282 1
1284 2
1288 1
1291 1
1292 1
1295 1
1296 1
1297 2
1298 1
1301 1
1304 1
1307 2
1310 1
1313 1
1316 2
1319 2
1320 1
1323 1
1329 1
1331 1
1332 1
1334 1
1339 1
1341 1
1345 1
1346 1
1347 1
1348 2
1351 2
1354 1
1355 1
1370 3
1372 1
1373 1
1375 1
1378 1
1379 3
1384 1
1385 1
1387 1
1388 1
1390 1
1392 1
1393 1
1394 1
1398 1
1401 1
1403 1
1404 1
1406 2
1412 1
1414 2
1416 1
1421 3
1422 2
1423 1
1425 1
1429 1
1431 2
1435 1
1439 1
1440 1
1441 1
1447 1
1449 1
1451 1
1453 3
1455 1
1456 1
1457 2
1458 1
1459 2
1460 2
1464 1
1465 1
1468 3
1469 1
1470 2
1473 2
1476 1
1481 1
1482 1
1483 1
1484 1
1485 1
1486 1
1489 1
1492 1
1494 1
1495 1
1496 1
1497 1
1498 1
1500 1
1502 2
1503 1
1504 1
1505 1
1506 1
1507 1
1512 1
1514 1
1516 2
1517 1
1522 1
1523 1
1525 1
1529 1
1530 1
1534 1
1539 1
1540 1
1541 2
1543 1
1545 1
1546 1
1547 1
1549 2
1551 2
1555 1
1558 1
1562 2
1563 2
1564 1
1565 1
1571 1
1572 1
1573 1
1574 3
1575 1
1576 1
1577 1
1578 1
1579 1
1588 1
1590 4
1591 1
1597 2
1599 1
1600 5
1601 1
1602 1
1603 1
1604 1
1605 3
1606 2
1607 1
1610 1
1611 1
1613 2
1619 1
1621 1
1622 1
1625 2
1627 1
1629 1
1631 1
1632 4
1635 1
1638 2
1639 1
1640 1
1641 2
1647 3
1648 1
1649 1
1650 2
1651 1
1653 1
1654 2
1655 1
1658 1
1660 3
1661 2
1662 2
1663 1
1664 1
1666 2
1667 3
1668 1
1671 1
1672 4
1673 2
1675 1
1676 2
1678 1
1679 2
1683 2
1687 1
1690 1
1691 1
1694 2
1696 1
1697 3
1699 1
1701 1
1702 1
1703 2
1704 1
1706 1
1708 1
1711 1
1712 1
1713 3
1715 1
1718 1
1719 1
1720 2
1721 1
1724 1
1725 4
1726 1
1727 1
1728 1
1730 2
1732 2
1735 1
1736 1
1737 1
1739 1
1740 1
1741 1
1744 1
1746 2
1747 1
1749 2
1750 1
1751 1
1752 1
1754 1
1755 1
1756 2
1757 2
1758 1
1759 2
1760 2
1761 1
1762 1
1765 1
1766 2
1768 3
1769 2
1770 2
1771 1
1772 2
1773 2
1774 2
1775 1
1776 2
1777 1
1779 2
1780 1
1785 3
1786 2
1788 1
1790 1
1794 1
1795 2
1796 2
1797 1
1798 1
1799 1
1800 1
1801 1
1804 1
1805 3
1807 2
1810 1
1811 3
1812 2
1813 3
1816 1
1817 2
1818 1
1820 2
1821 1
1822 2
1824 1
1827 2
1828 2
1833 1
1834 2
1835 3
1838 1
1839 2
1841 2
1842 2
1843 3
1844 1
1846 2
1847 2
1848 1
1850 3
1851 2
1853 1
1854 1
1855 2
1856 3
1858 2
1859 2
1860 2
1861 2
1862 1
1863 1
1864 1
1865 3
1866 2
1867 4
1868 2
1870 3
1871 1
1873 1
1874 1
1877 1
1878 1
1879 1
1880 1
1881 2
1884 1
1885 2
1887 1
1888 2
1889 1
1890 1
1892 3
1893 3
1894 1
1895 4
1896 1
1899 2
1900 2
1902 2
1903 1
1905 1
1908 3
1909 1
1910 2
1911 1
1912 3
1913 1
1915 2
1916 2
1917 2
1918 1
1919 1
1920 1
1923 1
1924 1
1926 1
1928 1
1929 1
1930 4
1931 1
1933 3
1934 1
1937 3
1940 1
1941 1
1943 3
1944 2
1946 2
1949 1
1950 4
1952 1
1953 2
1955 2
1956 1
1957 1
1959 2
1960 2
1961 1
1963 1
1964 1
1965 3
1966 2
1967 1
1968 1
1969 3
1971 2
1972 2
1974 1
1975 2
1976 2
1977 1
1979 1
1981 2
1982 2
1983 1
1986 1
1987 4
1988 2
1990 4
1991 1
1992 1
1993 1
1994 1
1996 1
1998 2
1999 2
2001 2
2003 1
2004 1
2005 1
2006 1
2007 2
2008 1
2009 2
2012 2
2013 2
2014 2
2017 1
2018 3
2019 1
2020 1
2022 1
2023 3
2024 2
2025 1
2026 3
2029 1
2032 1
2034 1
2036 3
2037 2
2038 1
2040 1
2041 4
2042 2
2043 3
2044 2
2045 2
2046 3
2047 1
2048 1
2049 4
2050 4
2051 3
2052 3
2054 3
2055 2
2056 2
2057 3
2059 1
2060 5
2061 1
2062 2
2063 1
2065 3
2066 1
2067 1
2068 2
2069 1
2070 1
2071 1
2072 2
2073 1
2074 2
2075 1
2077 1
2079 2
2080 1
2081 7
2084 1
2085 1
2086 3
2089 1
2090 1
2091 3
2093 2
2094 1
2095 2
2097 1
2101 1
2102 2
2103 2
2104 2
2105 4
2106 1
2107 1
2108 1
2109 2
2110 2
2111 1
2112 3
2113 3
2114 3
2115 3
2118 2
2119 1
2120 2
2121 3
2122 4
2123 3
2124 3
2125 3
2126 1
2130 3
2131 1
2132 2
2133 1
2134 1
2136 5
2137 1
2138 2
2139 2
2140 3
2141 2
2142 2
2144 1
2145 4
2146 1
2147 3
2148 2
2150 1
2152 1
2154 3
2155 3
2158 2
2159 1
2161 1
2163 1
2164 2
2165 1
2167 2
2168 2
2169 1
2170 2
2171 1
2172 1
2173 1
2175 3
2176 2
2177 3
2178 1
2180 2
2182 1
2183 1
2184 1
2185 4
2186 2
2187 2
2189 1
2190 2
2191 1
2193 1
2194 3
2196 1
2197 2
2198 3
2199 4
2200 2
2201 2
2202 4
2204 2
2205 2
2206 4
2207 1
2208 3
2210 1
2211 2
2212 1
2213 2
2214 2
2215 4
2216 1
2217 1
2218 1
2220 2
2221 4
2222 2
2223 2
2224 1
2225 1
2226 2
2227 1
2228 1
2229 3
2230 2
2231 2
2232 2
2233 1
2234 3
2235 1
2236 1
2237 1
2238 1
2239 2
2240 2
2241 2
2242 2
2244 1
2245 3
2246 2
2247 1
2249 3
2250 1
2251 1
2252 2
2253 2
2254 2
2255 4
2256 2
2259 2
2260 2
2262 2
2263 1
2264 1
2265 1
2266 1
2267 2
2268 2
2269 1
2270 3
2271 3
2273 1
2274 1
2275 1
2276 2
2277 1
2278 1
2279 1
2281 2
2282 4
2283 1
2284 2
2285 3
2286 1
2287 4
2288 2
2289 1
2290 2
2292 2
2293 1
2295 1
2296 3
2297 2
2299 1
2300 2
2301 1
2302 2
2303 1
2304 1
2305 4
2307 1
2308 1
2309 4
2310 3
2312 3
2314 1
2315 4
2316 2
2317 3
2319 1
2320 4
2321 2
2322 2
2324 1
2325 1
2326 5
2327 3
2328 1
2329 4
2330 3
2331 1
2332 2
2333 1
2334 1
2336 3
2337 2
2339 1
2340 3
2341 2
2342 4
2343 1
2345 2
2347 2
2348 3
2349 1
2350 1
2352 1
2354 1
2355 3
2356 2
2357 2
2359 2
2361 1
2362 3
2363 2
2364 3
2365 1
2366 1
2367 4
2368 1
2369 1
2371 3
2372 2
2373 1
2377 3
2378 2
2379 2
2380 2
2381 1
2382 3
2383 3
2384 2
2385 2
2386 2
2387 1
2388 2
2389 3
2391 2
2392 2
2393 2
2394 3
2395 1
2397 2
2398 1
2399 5
2400 2
2402 5
2403 1
2405 3
2407 1
2409 2
2410 2
2412 1
2413 1
2414 2
2415 4
2416 2
2417 1
2418 3
2419 1
2420 1
2421 2
2422 1
2423 2
2424 2
2425 1
2428 3
2429 2
2431 3
2432 1
2433 3
2434 4
2436 2
2437 4
2439 1
2440 1
2441 1
2442 2
2444 1
2445 1
2449 4
2450 2
2451 1
2452 3
2453 1
2455 2
2457 2
2458 1
2460 2
2461 2
2462 2
2463 1
2465 3
2466 2
2467 2
2469 2
2470 1
2472 2
2473 5
2474 1
2475 3
2476 2
2477 1
2478 1
2479 3
2480 1
2481 3
2482 2
2483 3
2484 4
2485 2
2486 2
2487 3
2488 4
2489 4
2490 1
2491 1
2492 1
2493 2
2495 2
2496 2
2497 2
2498 1
2499 2
2501 3
2502 1
2503 2
2504 3
2505 3
2506 1
2507 3
2508 1
2509 1
2510 1
2511 2
2512 2
2513 4
2514 2
2515 2
2516 2
2517 2
2518 1
2519 1
2520 4
2521 3
2522 5
2523 2
2524 3
2525 1
2526 1
2527 1
2529 3
2530 2
2531 1
2532 4
2533 6
2535 2
2536 3
2537 1
2538 1
2539 2
2541 1
2542 2
2543 1
2544 2
2545 2
2546 3
2548 4
2549 3
2550 1
2551 3
2552 2
2553 1
2554 1
2555 1
2556 2
2557 2
2558 3
2559 5
2560 1
2561 1
2562 3
2563 1
2564 1
2566 2
2567 1
2568 2
2569 2
2570 2
2572 2
2573 2
2574 3
2575 1
2576 2
2577 2
2578 4
2579 1
2580 3
2581 1
2582 2
2583 3
2585 3
2587 1
2588 1
2589 3
2590 3
2591 3
2592 3
2593 3
2594 2
2595 1
2596 1
2599 2
2600 1
2601 3
2602 2
2603 1
2604 5
2605 3
2606 1
2607 1
2609 1
2610 1
2611 5
2614 2
2615 1
2616 1
2617 3
2618 3
2619 3
2620 3
2621 1
2622 2
2623 2
2624 3
2626 2
2627 1
2628 2
2629 1
2630 3
2631 4
2632 1
2633 3
2634 2
2635 2
2636 1
2637 4
2638 1
2639 1
2640 5
2641 3
2642 1
2645 5
2646 3
2647 4
2648 2
2649 2
2650 1
2651 2
2652 2
2653 2
2654 1
2655 3
2657 1
2658 2
2661 3
2663 2
2664 4
2666 3
2667 2
2668 3
2669 2
2670 4
2671 2
2672 1
2674 1
2675 2
2676 1
2677 3
2679 3
2680 5
2681 2
2682 2
2683 1
2684 3
2685 5
2686 2
2687 2
2688 3
2689 1
2690 1
2691 1
2692 2
2693 2
2694 2
2696 3
2697 1
2698 3
2699 4
2700 2
2701 1
2702 1
2705 2
2706 3
2708 2
2709 4
2711 3
2713 4
2714 3
2715 1
2716 2
2720 4
2721 2
2722 2
2723 1
2724 2
2725 1
2726 3
2727 5
2728 1
2730 3
2731 1
2732 5
2733 2
2734 4
2735 4
2736 2
2737 1
2738 1
2739 1
2740 4
2742 3
2743 3
2744 1
2746 2
2748 2
2749 1
2750 3
2751 3
2753 1
2755 4
2756 3
2757 2
2758 4
2759 2
2760 3
2761 5
2762 3
2763 2
2764 2
2766 2
2767 1
2769 2
2770 3
2771 1
2774 1
2776 3
2777 2
2780 3
2781 1
2784 1
2785 1
2787 2
2789 2
2790 3
2791 4
2792 4
2793 1
2795 2
2796 2
2797 4
2798 1
2799 2
2800 1
2801 1
2802 2
2803 3
2804 3
2806 4
2807 4
2809 2
2810 3
2812 6
2813 2
2814 3
2815 2
2816 2
2818 1
2821 1
2822 3
2823 3
2824 1
2825 3
2826 3
2827 1
2828 1
2829 3
2830 1
2832 3
2833 2
2836 1
2837 2
2838 2
2839 2
2840 3
2841 1
2842 4
2845 2
2846 1
2847 3
2848 3
2849 2
2850 1
2851 4
2852 4
2853 1
2854 2
2855 1
2856 1
2857 3
2859 2
2860 1
2862 1
2863 1
2864 1
2865 2
2866 2
2867 2
2868 3
2869 1
2870 1
2872 6
2873 4
2874 5
2875 3
2876 2
2877 2
2878 2
2879 3
2880 3
2883 1
2884 3
2886 2
2887 3
2888 1
2889 4
2890 3
2892 3
2893 5
2894 1
2895 1
2896 1
2897 4
2898 1
2899 3
2901 2
2902 2
2903 2
2904 3
2905 3
2906 4
2907 1
2908 1
2909 3
2910 3
2911 2
2912 3
2914 1
2915 1
2916 1
2917 2
2919 3
2920 1
2921 1
2923 2
2925 2
2926 1
2927 4
2929 2
2930 3
2931 2
2932 1
2933 2
2935 5
2936 4
2937 2
2939 3
2940 3
2941 2
2943 2
2944 1
2945 3
2946 2
2948 4
2950 3
2951 3
2952 5
2954 6
2955 3
2958 1
2959 3
2960 1
2962 2
2963 5
2964 2
2965 3
2966 4
2967 1
2968 6
2969 2
2970 1
2971 2
2973 2
2974 3
2975 2
2976 1
2977 3
2978 2
2979 2
2980 3
2981 2
2982 2
2983 3
2986 1
2987 2
2988 3
2989 2
2990 3
2991 1
2992 1
2994 1
2996 2
2997 2
2998 3
3000 3
3001 1
3003 2
3005 2
3006 2
3007 3
3008 3
3009 2
3010 2
3011 3
3012 2
3013 3
3014 5
3016 2
3017 2
3018 2
3019 1
3020 3
3021 2
3022 1
3023 2
3024 5
3025 3
3026 6
3027 3
3029 3
3030 1
3031 2
3032 1
3033 1
3035 2
3036 2
3037 2
3038 1
3039 5
3040 1
3043 1
3044 1
3045 2
3046 1
3047 1
3048 1
3049 1
3050 1
3052 3
3053 2
3055 2
3057 2
3058 1
3059 3
3060 2
3061 3
3062 1
3064 2
3065 3
3066 3
3068 3
3075 2
3076 5
3077 1
3078 2
3079 4
3080 1
3081 3
3082 1
3083 1
3084 3
3085 4
3087 2
3088 2
3089 2
3090 3
3092 2
3093 1
3094 2
3095 2
3096 1
3097 4
3098 2
3100 1
3101 2
3103 2
3104 2
3105 2
3106 5
3107 1
3108 1
3110 3
3112 5
3113 1
3115 3
3116 3
3117 2
3118 3
3120 2
3121 4
3122 2
3123 4
3124 2
3126 1
3130 5
3131 3
3132 2
3133 2
3134 1
3135 2
3136 1
3137 2
3138 1
3140 1
3141 4
3142 6
3143 1
3144 5
3145 3
3146 2
3148 4
3149 4
3150 1
3151 2
3152 3
3153 4
3154 3
3155 3
3159 1
3160 2
3162 4
3163 1
3164 2
3165 7
3166 7
3167 2
3168 2
3169 3
3170 3
3171 2
3172 2
3173 2
3174 1
3175 4
3176 2
3177 2
3178 1
3179 4
3180 2
3181 1
3182 1
3183 1
3184 1
3186 1
3188 1
3189 2
3190 1
3191 1
3192 3
3194 2
3195 3
3196 3
3199 1
3200 2
3201 2
3202 4
3203 1
3204 2
3205 2
3206 4
3207 1
3208 1
3209 1
3210 1
3211 2
3212 2
3213 1
3214 2
3215 3
3216 2
3218 3
3219 2
3220 2
3221 4
3222 2
3223 1
3224 2
3225 1
3227 4
3229 1
3230 1
3233 4
3236 2
3237 2
3238 1
3239 1
3240 1
3241 2
3242 1
3243 3
3244 2
3245 1
3246 1
3247 3
3248 4
3249 4
3250 1
3251 2
3252 2
3253 2
3254 1
3256 2
3257 2
3259 1
3261 1
3262 3
3263 1
3264 4
3266 1
3268 1
3269 3
3270 1
3271 1
3273 2
3274 1
3275 5
3276 1
3277 4
3278 3
3279 2
3280 5
3282 2
3283 1
3286 2
3287 1
3288 1
3290 2
3291 1
3292 4
3293 3
3294 3
3295 2
3296 3
3297 3
3298 1
3299 1
3301 3
3302 2
3303 2
3304 2
3305 1
3308 3
3309 2
3310 2
3311 5
3312 2
3313 1
3314 2
3315 2
3316 2
3317 2
3318 1
3320 5
3321 2
3322 2
3323 4
3324 1
3325 1
3326 2
3327 2
3329 5
3331 3
3332 1
3333 2
3334 2
3335 1
3336 4
3337 1
3338 2
3339 1
3340 2
3342 3
3343 2
3344 1
3345 3
3346 3
3347 1
3349 2
3350 1
3352 1
3353 3
3354 3
3355 2
3356 1
3357 1
3358 1
3359 3
3360 1
3362 1
3364 1
3365 2
3366 3
3367 1
3368 3
3370 2
3371 1
3372 3
3374 3
3375 1
3376 2
3378 3
3380 2
3381 1
3382 2
3384 1
3385 2
3389 3
3391 1
3392 2
3393 1
3394 1
3395 1
3396 3
3397 1
3398 2
3399 1
3400 1
3401 1
3403 1
3404 2
3405 4
3406 1
3407 4
3408 1
3410 2
3411 2
3412 1
3413 3
3414 1
3415 1
3417 2
3418 1
3419 2
3420 2
3421 1
3422 3
3423 2
3425 1
3426 2
3427 1
3428 1
3430 1
3431 2
3432 3
3433 1
3434 3
3436 1
3437 3
3438 2
3439 2
3440 1
3441 1
3442 1
3443 1
3444 1
3445 1
3446 1
3447 3
3448 2
3449 2
3450 3
3451 1
3452 1
3453 1
3454 1
3457 4
3458 2
3459 1
3460 2
3461 1
3462 2
3463 3
3465 3
3466 1
3467 2
3469 3
3470 1
3471 2
3472 2
3473 2
3475 1
3476 3
3477 1
3478 1
3481 3
3482 1
3484 1
3485 1
3486 2
3487 1
3489 1
3490 3
3492 2
3493 1
3494 5
3495 1
3496 1
3497 1
3498 1
3499 2
3500 2
3501 2
3502 2
3503 1
3504 2
3505 1
3507 2
3508 2
3509 3
3510 3
3511 1
3512 2
3513 1
3514 2
3515 2
3516 1
3517 2
3518 1
3519 1
3520 1
3521 3
3522 1
3523 3
3524 3
3525 2
3526 1
3527 1
3528 3
3529 4
3532 1
3533 2
3534 2
3535 2
3538 1
3539 1
3541 2
3542 2
3543 5
3544 1
3545 2
3546 1
3548 2
3549 1
3550 2
3551 1
3553 1
3554 1
3556 1
3557 2
3558 4
3560 1
3562 1
3563 3
3564 2
3567 3
3568 1
3570 1
3572 1
3574 2
3576 2
3578 2
3579 3
3580 2
3581 1
3584 1
3586 3
3588 2
3589 4
3593 2
3594 1
3596 1
3597 2
3601 1
3602 1
3603 2
3606 1
3607 3
3610 2
3611 3
3612 2
3613 1
3615 1
3617 1
3618 1
3620 3
3622 1
3623 1
3625 3
3626 2
3627 1
3628 1
3629 1
3630 4
3631 1
3632 1
3633 1
3634 1
3636 2
3639 1
3641 1
3642 2
3643 3
3644 1
3645 4
3647 1
3648 2
3650 1
3651 2
3652 1
3653 1
3654 1
3655 2
3656 2
3657 2
3659 3
3660 2
3662 2
3663 2
3666 3
3668 2
3669 2
3670 4
3671 2
3672 1
3673 1
3674 2
3675 1
3676 3
3677 2
3678 1
3679 1
3680 2
3681 1
3682 1
3684 1
3685 2
3686 1
3687 1
3689 1
3690 2
3691 3
3692 2
3693 1
3694 1
3695 4
3696 1
3697 1
3698 2
3699 1
3700 2
3702 1
3705 1
3706 2
3707 2
3708 3
3709 1
3710 1
3711 2
3713 2
3717 2
3718 1
3721 1
3723 1
3724 2
3726 1
3727 3
3728 1
3730 2
3731 1
3734 1
3735 2
3738 2
3740 3
3741 2
3742 2
3744 2
3746 1
3747 3
3748 2
3751 2
3752 1
3753 2
3754 2
3756 3
3759 2
3761 2
3762 2
3764 1
3765 2
3766 1
3767 1
3768 1
3771 3
3773 1
3774 1
3777 1
3778 3
3780 3
3782 1
3783 1
3785 1
3786 1
3787 1
3790 1
3791 3
3792 2
3793 1
3795 2
3796 1
3798 1
3800 2
3805 2
3806 1
3807 1
3808 1
3810 1
3811 1
3813 3
3815 2
3816 2
3817 2
3818 1
3821 1
3822 1
3823 1
3824 1
3826 1
3827 1
3828 1
3829 1
3830 1
3831 1
3832 1
3833 1
3834 2
3835 3
3839 1
3840 1
3841 1
3843 1
3844 1
3845 2
3846 1
3847 1
3850 3
3851 1
3852 1
3853 2
3855 1
3856 1
3860 1
3861 2
3863 1
3864 2
3865 1
3866 4
3868 1
3869 1
3870 2
3874 2
3876 1
3880 1
3881 2
3885 2
3888 1
3891 2
3893 2
3896 2
3897 1
3898 1
3899 1
3903 1
3904 2
3905 3
3907 1
3908 1
3911 1
3912 2
3913 3
3914 1
3915 1
3919 2
3920 2
3921 1
3923 1
3929 3
3930 1
3931 1
3932 1
3936 1
3937 1
3939 1
3943 1
3945 2
3947 1
3949 1
3950 2
3956 2
3959 1
3960 3
3961 2
3962 1
3963 1
3975 2
3976 1
3977 1
3978 1
3979 4
3980 1
3981 1
3983 1
3984 1
3985 1
3986 1
3987 2
3993 1
3994 2
3996 1
3997 1
3999 1
4000 2
4001 2
4003 2
4004 1
4005 1
4007 1
4008 1
4010 1
4011 3
4012 1
4013 1
4014 1
4016 2
4017 2
4020 2
4021 1
4022 2
4024 2
4025 1
4026 1
4027 1
4029 1
4030 1
4033 1
4034 2
4036 2
4037 3
4038 2
4039 1
4040 1
4041 1
4042 1
4045 2
4047 1
4048 1
4049 1
4050 2
4051 2
4055 1
4063 2
4064 1
4065 1
4066 1
4067 1
4068 1
4070 1
4071 1
4074 1
4075 1
4078 1
4079 1
4080 1
4083 1
4087 1
4089 2
4091 1
4092 1
4093 1
4096 1
4097 1
4100 1
4101 1
4102 1
4103 4
4104 1
4107 1
4108 1
4109 1
4111 1
4112 1
4113 1
4114 1
4115 1
4116 1
4117 1
4118 2
4122 2
4123 1
4125 1
4129 4
4132 1
4134 1
4135 2
4138 1
4141 2
4146 1
4147 1
4148 1
4150 1
4152 2
4153 1
4154 1
4156 1
4158 2
4159 3
4161 1
4162 3
4165 1
4168 1
4169 1
4172 1
4173 1
4174 1
4175 2
4176 1
4177 2
4179 1
4180 2
4182 1
4187 1
4189 2
4191 1
4192 1
4195 1
4197 4
4198 1
4201 1
4202 1
4203 1
4204 1
4206 1
4209 1
4212 1
4213 2
4214 1
4215 1
4217 2
4218 2
4220 2
4221 1
4223 1
4225 1
4226 1
4227 1
4229 1
4233 1
4237 1
4239 1
4245 1
4249 2
4250 1
4252 1
4254 3
4257 1
4258 2
4259 1
4263 1
4264 1
4265 1
4266 1
4270 1
4273 3
4274 2
4277 1
4279 1
4281 1
4283 1
4290 2
4292 1
4296 1
4297 1
4298 1
4299 1
4300 1
4305 2
4306 1
4307 1
4309 2
4312 1
4313 1
4314 1
4315 1
4318 1
4319 2
4321 1
4322 2
4326 1
4327 1
4328 2
4331 4
4332 1
4335 2
4338 1
4340 1
4341 1
4342 1
4343 1
4346 1
4347 1
4348 1
4349 1
4350 1
4351 1
4353 2
4356 1
4357 1
4360 1
4361 1
4366 1
4367 2
4369 1
4381 2
4383 3
4384 1
4390 2
4391 1
4392 2
4395 1
4397 1
4398 1
4399 1
4402 1
4403 1
4405 1
4409 1
4410 1
4412 1
4415 1
4416 2
4419 1
4422 1
4427 1
4430 1
4431 1
4432 1
4435 1
4439 1
4444 1
4451 1
4454 1
4458 1
4459 2
4460 1
4463 2
4467 1
4469 1
4473 1
4474 1
4479 1
4480 1
4481 2
4482 1
4484 1
4492 1
4493 1
4498 1
4501 2
4503 3
4507 1
4512 1
4513 1
4514 1
4517 1
4518 1
4522 1
4528 1
4533 1
4540 1
4543 1
4544 1
4547 1
4548 1
4550 1
4551 1
4552 1
4553 1
4558 1
4559 1
4565 1
4567 1
4568 2
4569 1
4571 1
4573 1
4575 1
4576 1
4582 1
4586 2
4587 1
4590 2
4591 1
4596 2
4599 1
4600 1
4601 1
4602 1
4604 1
4607 1
4610 1
4611 1
4613 1
4615 2
4616 1
4617 1
4618 1
4623 1
4629 1
4636 1
4637 1
4641 1
4642 1
4643 1
4649 1
4651 1
4660 1
4674 1
4676 1
4678 1
4679 1
4680 2
4687 1
4688 1
4695 1
4696 1
4701 3
4706 1
4707 2
4708 2
4715 1
4727 1
4728 3
4732 1
4738 2
4739 1
4742 1
4743 1
4747 1
4751 1
4754 1
4758 1
4760 1
4765 1
4767 2
4769 1
4777 1
4779 1
4784 1
4785 2
4789 1
4790 1
4792 1
4797 1
4798 1
4799 2
4800 1
4803 1
4820 1
4825 1
4839 1
4840 1
4844 1
4852 1
4870 1
4874 1
4876 1
4883 1
4897 1
4898 1
4902 1
4905 1
4916 1
4940 1
4946 1
4947 1
4949 1
4950 1
4959 1
4966 1
4967 1
4971 1
4974 1
4981 1
4987 1
4988 1
4996 1
5002 1
5004 1
5005 1
5012 1
5014 1
5016 1
5018 1
5035 1
5036 1
5050 1
5054 1
5055 1
5058 1
5066 1
5071 1
5076 1
5079 1
5087 1
5096 1
5100 1
5101 1
5108 1
5121 1
5133 1
5144 1
5152 1
5155 1
5171 1
5180 1
5191 1
5193 1
5219 1
5227 1
5267 1
5293 1
5306 1
5334 1
5358 1
5372 1
5427 1
5465 1
5548 1
5577 1
5697 1
5756 1
5764 1
5910 1
5977 1
6322 1
