1 100000 20
1 4890
2 1624
3 910
4 562
5 321
6 264
7 175
8 144
9 108
10 74
11 72
12 62
13 61
14 54
15 37
16 36
17 31
18 23
19 21
20 27
21 15
22 24
23 16
24 15
25 10
26 15
27 18
28 12
29 11
30 15
31 17
32 8
33 9
34 14
35 9
36 11
37 2
38 8
39 6
40 5
41 6
42 2
43 3
44 7
45 5
46 10
47 8
48 2
49 4
50 4
51 4
52 4
53 3
54 6
55 2
56 2
57 2
58 3
59 6
60 5
61 2
62 3
63 5
64 5
65 2
66 2
67 4
68 5
69 3
70 2
71 2
73 3
74 5
75 3
76 2
77 2
78 1
79 3
80 5
81 4
82 5
84 3
85 4
86 1
88 1
89 2
90 1
91 2
92 1
93 2
95 1
96 1
97 2
99 1
100 3
101 2
102 1
105 1
106 2
108 1
110 1
111 2
114 2
115 1
116 1
120 2
122 1
123 1
124 1
128 1
129 1
130 1
131 1
132 1
133 1
134 2
136 1
137 1
139 1
143 1
144 3
145 1
147 1
148 1
150 3
154 1
155 2
157 1
166 1
168 1
170 3
173 1
177 1
179 1
182 2
187 1
190 1
194 1
195 1
196 1
198 1
204 2
205 1
214 1
216 3
222 1
227 1
229 1
231 1
232 1
233 2
237 1
243 1
244 1
247 1
251 2
252 1
254 2
255 1
259 1
269 1
275 1
283 1
284 2
302 1
311 1
330 1
334 1
338 1
340 1
341 1
342 1
348 1
352 1
373 1
381 1
384 2
386 1
391 1
393 1
394 1
405 1
420 1
432 1
438 1
443 1
470 1
474 1
475 1
495 1
511 1
512 1
515 1
520 2
524 1
529 1
537 1
546 1
549 1
550 1
556 1
566 1
570 1
574 1
575 1
578 1
584 1
591 1
598 1
600 1
608 1
609 1
615 1
618 1
619 1
623 1
642 2
648 1
653 1
672 1
719 1
726 1
791 1
815 1
828 1
848 1
876 1
899 1
902 1
922 1
959 1
987 1
