50 250000 8
1 25
2 18
3 20
4 30
5 19
6 13
7 23
8 21
9 20
10 23
11 27
12 18
13 26
14 24
15 31
16 30
17 25
18 21
19 20
20 30
21 32
22 30
23 30
24 33
25 24
26 30
27 23
28 32
29 35
30 34
31 37
32 28
33 25
34 40
35 30
36 22
37 35
38 31
39 30
40 33
41 30
42 32
43 31
44 34
45 42
46 43
47 45
48 52
49 35
50 28
51 40
52 32
53 35
54 41
55 53
56 39
57 58
58 61
59 54
60 51
61 48
62 59
63 53
64 56
65 59
66 62
67 66
68 61
69 70
70 62
71 68
72 65
73 62
74 83
75 63
76 68
77 66
78 87
79 90
80 86
81 96
82 91
83 92
84 81
85 100
86 109
87 91
88 112
89 102
90 139
91 120
92 101
93 106
94 119
95 127
96 118
97 144
98 145
99 138
100 129
101 170
102 142
103 156
104 138
105 166
106 167
107 149
108 170
109 193
110 155
111 176
112 178
113 188
114 177
115 175
116 194
117 197
118 199
119 203
120 209
121 215
122 199
123 193
124 191
125 224
126 214
127 236
128 231
129 229
130 212
131 241
132 239
133 234
134 240
135 304
136 277
137 287
138 256
139 248
140 280
141 270
142 278
143 241
144 310
145 278
146 265
147 283
148 275
149 299
150 308
151 290
152 301
153 307
154 308
155 299
156 341
157 303
158 325
159 309
160 331
161 333
162 325
163 314
164 299
165 306
166 348
167 330
168 323
169 310
170 317
171 351
172 310
173 298
174 334
175 336
176 351
177 324
178 369
179 318
180 339
181 386
182 348
183 328
184 301
185 344
186 331
187 368
188 383
189 360
190 348
191 311
192 354
193 353
194 342
195 329
196 345
197 363
198 332
199 333
200 378
201 326
202 352
203 342
204 337
205 320
206 400
207 342
208 338
209 337
210 313
211 306
212 345
213 331
214 346
215 326
216 351
217 351
218 303
219 295
220 314
221 332
222 335
223 311
224 298
225 285
226 319
227 335
228 312
229 315
230 304
231 300
232 314
233 288
234 293
235 289
236 295
237 330
238 298
239 302
240 283
241 292
242 271
243 270
244 283
245 293
246 243
247 269
248 239
249 243
250 233
251 258
252 261
253 238
254 271
255 262
256 229
257 246
258 231
259 219
260 236
261 226
262 238
263 213
264 226
265 196
266 193
267 222
268 208
269 226
270 206
271 216
272 188
273 204
274 192
275 180
276 179
277 187
278 193
279 165
280 194
281 191
282 187
283 176
284 154
285 161
286 171
287 192
288 127
289 157
290 147
291 135
292 177
293 129
294 136
295 133
296 135
297 141
298 127
299 117
300 139
301 122
302 128
303 143
304 143
305 115
306 110
307 97
308 112
309 101
310 104
311 106
312 126
313 100
314 99
315 87
316 89
317 74
318 86
319 95
320 84
321 77
322 78
323 77
324 76
325 73
326 77
327 62
328 52
329 62
330 74
331 63
332 60
333 70
334 44
335 64
336 80
337 59
338 56
339 46
340 56
341 60
342 48
343 66
344 62
345 54
346 48
347 50
348 48
349 40
350 43
351 49
352 37
353 46
354 45
355 32
356 33
357 30
358 41
359 33
360 33
361 26
362 41
363 29
364 25
365 30
366 22
367 25
368 22
369 24
370 28
371 22
372 22
373 23
374 23
375 25
376 15
377 26
378 23
379 22
380 11
381 13
382 10
383 18
384 18
385 11
386 14
387 10
388 13
389 15
390 13
391 11
392 17
393 12
394 9
395 10
396 11
397 8
398 2
399 8
400 7
401 3
402 11
403 6
404 5
405 6
406 2
407 3
408 4
409 6
410 4
411 5
412 7
413 7
414 6
415 3
416 1
417 4
418 2
419 6
420 3
421 1
422 1
423 2
424 1
425 4
426 3
427 3
428 1
430 2
431 1
432 2
434 2
436 2
438 1
439 1
440 3
442 1
443 2
444 1
446 1
448 1
453 1
457 1
461 2
469 1
472 1
