50 250000 15
2 1
11 1
21 1
22 1
27 1
29 1
30 1
37 1
47 1
49 1
50 1
55 1
58 1
61 1
62 1
63 1
66 1
69 1
71 1
74 1
78 1
82 1
84 1
92 1
94 2
98 1
100 1
102 1
103 1
106 1
110 2
112 2
116 1
126 1
127 1
128 1
130 1
131 1
134 2
140 2
141 1
142 1
158 1
170 1
173 1
174 1
175 1
179 1
183 1
184 2
185 1
188 1
191 1
199 1
203 1
204 1
205 1
208 2
216 1
217 1
218 2
220 1
221 1
224 1
225 1
227 1
228 1
229 1
233 3
236 2
238 1
243 1
247 1
251 1
252 1
253 1
258 1
260 3
263 1
265 2
266 1
268 1
272 3
273 1
275 1
283 1
287 2
288 1
289 1
291 1
295 2
299 1
300 2
301 1
304 1
306 1
307 1
308 1
309 2
310 2
311 1
314 2
315 2
316 1
317 2
321 1
322 1
324 1
326 1
328 1
329 1
333 1
335 1
338 2
340 1
342 2
344 1
347 1
349 1
352 2
354 1
355 1
356 1
357 2
361 1
362 2
364 1
368 2
370 1
371 1
374 2
376 1
377 1
379 2
380 1
381 1
383 2
384 1
385 1
386 1
388 1
390 1
391 1
392 3
393 1
394 2
395 1
396 1
399 1
400 3
401 1
402 3
404 2
406 1
408 1
409 2
411 1
413 4
414 1
415 2
417 3
418 4
419 4
422 3
423 2
424 2
425 1
426 3
428 1
429 2
430 1
431 1
432 2
433 3
434 1
435 1
436 3
437 3
438 1
440 1
441 3
442 1
443 1
444 1
445 1
447 3
448 2
449 1
450 2
451 1
452 1
453 1
454 1
455 1
456 2
457 2
459 2
460 1
462 1
464 1
466 1
467 2
468 1
472 1
473 1
474 3
475 2
476 1
477 2
478 1
479 2
480 2
481 2
482 1
483 3
485 1
486 3
487 1
492 2
495 1
496 1
497 1
499 2
500 1
501 2
502 3
504 2
505 3
506 4
507 1
508 1
510 3
512 4
513 1
514 1
515 5
516 2
517 2
518 2
519 1
520 2
521 2
522 5
523 2
525 2
526 1
528 4
529 1
530 3
533 6
534 1
535 4
536 1
537 2
538 1
539 1
541 1
542 2
543 2
544 1
545 1
547 2
548 1
549 1
550 1
551 2
553 2
554 2
555 2
556 2
557 1
558 1
559 4
560 3
561 4
562 4
563 5
564 3
565 7
567 2
569 7
570 3
571 2
572 3
573 1
574 2
575 2
576 4
577 2
578 1
579 4
580 2
581 4
582 4
583 3
584 2
585 1
587 3
588 3
589 3
590 3
591 2
592 5
593 7
594 5
595 3
596 3
597 3
598 3
599 2
600 2
601 2
602 1
603 3
604 2
606 4
607 3
608 1
609 4
610 3
611 2
612 2
613 1
614 1
615 5
616 2
617 1
619 5
620 6
621 1
623 2
625 4
626 2
627 1
628 3
629 9
630 1
631 2
632 6
633 4
634 1
635 3
636 3
637 4
638 1
639 4
640 7
641 3
642 4
643 1
644 1
645 4
646 1
647 1
648 4
649 2
650 3
651 3
652 3
653 3
654 1
655 2
656 7
657 6
658 3
659 2
660 8
661 3
662 8
663 3
664 4
665 1
666 6
667 2
668 3
669 5
670 3
671 7
672 7
673 6
674 2
675 6
676 2
677 6
678 3
679 6
680 3
681 5
682 7
683 5
684 1
685 4
686 2
687 5
688 5
689 8
690 3
691 7
692 5
693 4
694 6
695 7
696 4
697 3
698 5
699 10
700 6
701 3
702 7
703 4
704 2
705 5
706 3
707 2
708 3
709 4
710 4
711 5
712 11
713 10
714 5
715 8
716 6
717 1
718 4
719 5
720 4
721 7
722 4
723 8
724 5
725 5
726 6
727 5
728 2
729 2
730 5
731 6
732 5
733 4
734 4
735 5
736 2
737 4
738 4
739 6
740 4
741 4
742 8
743 3
744 7
745 8
746 1
747 8
748 9
749 3
750 4
751 7
752 8
753 6
754 6
755 3
756 4
757 2
758 2
759 7
760 5
761 6
762 7
763 2
764 4
765 5
766 5
767 4
768 5
769 4
770 6
771 2
772 5
773 3
774 8
775 6
776 6
777 4
778 8
780 3
781 9
782 7
783 3
784 8
785 4
786 6
787 5
788 7
789 4
790 15
791 7
792 12
793 7
794 8
795 5
796 7
797 3
798 7
799 6
800 6
801 8
802 7
803 8
804 4
805 2
806 2
807 7
808 7
809 4
810 5
811 5
812 5
813 6
814 4
815 4
816 4
817 10
818 6
819 9
820 4
821 2
822 8
823 2
824 9
825 4
826 3
827 9
828 7
829 9
830 8
831 3
832 4
833 8
834 4
835 9
836 7
837 3
838 3
839 4
840 4
841 5
842 3
843 6
844 11
845 8
846 7
847 5
848 9
849 3
850 8
851 4
852 8
853 7
854 7
855 9
856 8
857 8
858 10
859 5
860 7
861 7
862 3
863 7
864 7
865 10
866 6
867 4
868 4
869 6
870 8
871 7
872 4
873 8
874 10
875 7
876 7
877 7
878 5
879 8
880 6
881 6
882 3
883 6
884 9
885 9
886 6
887 6
888 7
889 4
890 10
891 10
892 10
893 11
894 7
895 6
896 8
897 5
898 7
899 7
900 5
901 4
902 6
903 8
904 8
905 14
906 3
907 8
908 7
909 9
910 6
911 5
912 3
913 9
914 11
915 8
916 5
917 7
918 8
919 7
920 7
921 10
922 8
923 9
924 7
925 5
926 7
927 6
928 10
929 6
930 12
931 7
932 9
933 8
934 8
935 9
936 10
937 6
938 9
939 5
940 10
941 8
942 9
943 11
944 6
945 8
946 4
947 3
948 5
949 6
950 8
951 14
952 4
953 11
954 5
955 8
956 13
957 6
958 3
959 10
960 2
961 4
962 11
963 9
964 5
965 8
966 9
967 5
968 11
969 9
970 10
971 7
972 4
973 9
974 7
975 13
976 6
977 6
978 7
979 5
980 6
981 12
982 8
983 10
984 12
985 6
986 5
987 10
988 14
989 8
990 8
991 3
992 15
993 11
994 9
995 11
996 4
997 7
998 10
999 7
1000 5
1001 8
1002 12
1003 8
1004 5
1005 9
1006 4
1007 9
1008 8
1009 8
1010 9
1011 7
1012 8
1013 2
1014 9
1015 8
1016 11
1017 3
1018 11
1019 6
1020 9
1021 12
1022 6
1023 11
1024 7
1025 8
1026 16
1027 9
1028 14
1029 6
1030 5
1031 12
1032 13
1033 8
1034 12
1035 6
1036 7
1037 10
1038 5
1039 9
1040 5
1041 9
1042 11
1043 9
1044 7
1045 10
1046 4
1047 9
1048 9
1049 12
1050 6
1051 13
1052 9
1053 14
1054 10
1055 10
1056 10
1057 11
1058 8
1059 12
1060 15
1061 8
1062 13
1063 12
1064 14
1065 17
1066 9
1067 8
1068 15
1069 11
1070 7
1071 10
1072 6
1073 9
1074 6
1075 7
1076 10
1077 16
1078 5
1079 13
1080 10
1081 8
1082 12
1083 10
1084 14
1085 5
1086 11
1087 5
1088 10
1089 5
1090 7
1091 6
1092 11
1093 12
1094 8
1095 5
1096 11
1097 11
1098 11
1099 13
1100 9
1101 13
1102 11
1103 13
1104 15
1105 4
1106 8
1107 9
1108 9
1109 11
1110 6
1111 10
1112 7
1113 10
1114 10
1115 11
1116 8
1117 9
1118 7
1119 11
1120 10
1121 6
1122 7
1123 8
1124 10
1125 11
1126 12
1127 10
1128 14
1129 7
1130 9
1131 7
1132 10
1133 6
1134 13
1135 8
1136 18
1137 9
1138 10
1139 5
1140 7
1141 12
1142 12
1143 5
1144 8
1145 17
1146 11
1147 11
1148 11
1149 13
1150 10
1151 15
1152 12
1153 9
1154 14
1155 7
1156 9
1157 10
1158 7
1159 9
1160 13
1161 10
1162 7
1163 14
1164 17
1165 15
1166 11
1167 11
1168 7
1169 15
1170 4
1171 7
1172 11
1173 11
1174 11
1175 7
1176 12
1177 16
1178 11
1179 13
1180 8
1181 7
1182 11
1183 6
1184 13
1185 9
1186 11
1187 4
1188 11
1189 13
1190 11
1191 13
1192 8
1193 13
1194 8
1195 6
1196 9
1197 13
1198 8
1199 6
1200 12
1201 14
1202 8
1203 6
1204 12
1205 13
1206 17
1207 12
1208 11
1209 6
1210 15
1211 7
1212 11
1213 8
1214 6
1215 9
1216 14
1217 8
1218 10
1219 8
1220 5
1221 12
1222 8
1223 10
1224 7
1225 12
1226 16
1227 14
1228 6
1229 7
1230 7
1231 10
1232 7
1233 8
1234 14
1235 3
1236 16
1237 9
1238 13
1239 11
1240 6
1241 11
1242 16
1243 6
1244 9
1245 14
1246 7
1247 8
1248 8
1249 8
1250 10
1251 15
1252 4
1253 8
1254 11
1255 9
1256 8
1257 8
1258 12
1259 13
1260 9
1261 12
1262 6
1263 14
1264 12
1265 14
1266 13
1267 13
1268 13
1269 9
1270 10
1271 7
1272 8
1273 13
1274 7
1275 13
1276 10
1277 10
1278 6
1279 11
1280 8
1281 10
1282 10
1283 13
1284 6
1285 12
1286 9
1287 15
1288 13
1289 10
1290 5
1291 15
1292 6
1293 4
1294 9
1295 6
1296 6
1297 8
1298 16
1299 6
1300 4
1301 12
1302 9
1303 9
1304 9
1305 4
1306 17
1307 2
1308 11
1309 10
1310 6
1311 9
1312 8
1313 12
1314 10
1315 6
1316 7
1317 12
1318 12
1319 5
1320 6
1321 10
1322 16
1323 13
1324 11
1325 15
1326 8
1327 9
1328 13
1329 9
1330 10
1331 12
1332 6
1333 13
1334 7
1335 6
1336 7
1337 10
1338 12
1339 4
1340 17
1341 10
1342 12
1343 7
1344 16
1345 12
1346 3
1347 9
1348 12
1349 8
1350 11
1351 8
1352 8
1353 8
1354 8
1355 15
1356 5
1357 8
1358 13
1359 9
1360 3
1361 9
1362 7
1363 12
1364 10
1365 13
1366 8
1367 10
1368 12
1369 12
1370 8
1371 13
1372 10
1373 10
1374 8
1375 3
1376 13
1377 10
1378 9
1379 7
1380 10
1381 15
1382 13
1383 8
1384 12
1385 7
1386 4
1387 12
1388 9
1389 10
1390 9
1391 9
1392 7
1393 5
1394 11
1395 7
1396 11
1397 5
1398 7
1399 8
1400 8
1401 7
1402 8
1403 10
1404 6
1405 8
1406 11
1407 7
1408 9
1409 7
1410 6
1411 13
1412 10
1413 7
1414 8
1415 10
1416 12
1417 9
1418 6
1419 10
1420 13
1421 7
1422 7
1423 9
1424 4
1425 7
1426 10
1427 7
1428 7
1429 8
1430 1
1431 13
1432 11
1433 15
1434 5
1435 9
1436 4
1437 9
1438 4
1439 9
1440 4
1441 8
1442 10
1443 5
1444 9
1445 12
1446 9
1447 8
1448 14
1449 9
1450 11
1451 6
1452 8
1453 11
1454 6
1455 4
1456 8
1457 5
1458 9
1459 5
1460 9
1461 10
1462 10
1463 10
1464 10
1465 9
1466 7
1467 8
1468 13
1469 9
1470 15
1471 7
1472 9
1473 7
1474 13
1475 8
1476 7
1477 11
1478 5
1479 11
1480 5
1481 7
1482 10
1483 10
1484 5
1485 10
1486 8
1487 6
1488 3
1489 9
1490 9
1491 6
1492 11
1493 3
1494 5
1495 5
1496 9
1497 7
1498 7
1499 8
1500 7
1501 5
1502 6
1503 5
1504 9
1505 4
1506 5
1507 10
1508 14
1509 7
1510 5
1511 7
1512 12
1513 11
1514 6
1515 5
1516 5
1517 7
1518 4
1519 9
1520 4
1521 4
1522 13
1523 13
1524 8
1525 6
1526 8
1527 7
1528 4
1529 6
1530 7
1531 9
1532 9
1533 6
1534 7
1535 3
1536 12
1537 4
1538 12
1539 7
1540 4
1541 4
1542 7
1543 12
1544 8
1545 12
1546 5
1547 7
1548 3
1549 11
1550 6
1551 4
1552 10
1553 9
1554 7
1555 9
1556 5
1557 6
1558 6
1559 13
1560 11
1561 7
1562 5
1563 4
1564 7
1565 6
1566 7
1567 6
1568 5
1569 8
1570 9
1571 7
1572 4
1573 14
1574 7
1575 3
1576 10
1577 5
1578 7
1579 5
1580 7
1581 8
1582 5
1583 4
1584 12
1585 5
1586 7
1587 8
1588 4
1589 5
1590 8
1591 9
1592 10
1593 8
1594 11
1595 7
1596 13
1597 4
1598 7
1599 4
1600 7
1601 10
1602 8
1603 1
1604 6
1605 7
1606 6
1607 3
1608 3
1609 8
1610 9
1611 6
1612 6
1613 8
1614 7
1615 3
1616 5
1617 8
1618 5
1619 7
1620 5
1621 7
1622 3
1623 9
1624 9
1625 13
1626 13
1627 11
1628 6
1629 4
1630 1
1631 2
1632 5
1633 7
1634 6
1635 7
1636 2
1637 5
1638 7
1639 2
1640 8
1641 2
1642 5
1643 5
1644 4
1645 4
1646 4
1647 9
1648 3
1649 2
1650 7
1651 4
1652 3
1653 10
1654 6
1655 4
1656 5
1657 3
1658 5
1659 3
1660 6
1661 8
1662 10
1663 9
1664 5
1665 4
1666 8
1667 5
1668 6
1669 8
1670 6
1671 7
1672 2
1673 9
1674 6
1675 3
1676 7
1677 7
1678 10
1679 3
1680 3
1681 6
1682 7
1683 4
1684 6
1685 4
1686 5
1687 7
1688 3
1689 3
1690 7
1691 8
1692 4
1693 1
1694 5
1695 8
1696 6
1697 8
1698 1
1699 3
1700 6
1701 2
1702 1
1703 4
1704 5
1705 1
1706 5
1707 7
1708 3
1709 5
1710 4
1711 4
1712 5
1713 4
1714 7
1715 2
1716 5
1717 9
1718 2
1719 2
1720 7
1721 3
1722 4
1723 4
1724 4
1725 4
1726 2
1727 3
1728 4
1729 7
1730 5
1731 3
1732 11
1733 3
1734 4
1735 6
1736 3
1737 6
1738 7
1739 3
1740 4
1741 8
1742 4
1743 4
1744 6
1745 4
1746 3
1747 6
1748 1
1749 3
1750 2
1751 3
1752 6
1753 3
1754 3
1755 8
1756 4
1757 3
1758 4
1759 4
1760 3
1761 2
1762 2
1763 6
1764 2
1765 5
1766 5
1767 1
1768 8
1769 6
1770 4
1771 4
1772 5
1773 8
1774 1
1775 2
1776 2
1777 4
1778 5
1779 5
1780 2
1781 7
1782 7
1783 3
1784 2
1785 5
1786 5
1787 1
1788 3
1789 4
1790 5
1792 5
1793 4
1794 6
1795 5
1796 5
1797 3
1799 5
1800 6
1801 7
1802 3
1803 1
1804 4
1805 1
1806 6
1807 3
1809 3
1810 3
1811 3
1812 6
1813 6
1814 4
1815 4
1816 3
1817 5
1818 3
1819 4
1820 2
1821 7
1822 3
1823 4
1824 4
1825 4
1826 3
1827 3
1828 3
1829 6
1830 5
1831 6
1832 6
1833 3
1834 4
1835 2
1836 2
1837 3
1838 2
1839 3
1840 7
1841 3
1842 2
1843 5
1844 6
1845 3
1846 3
1847 2
1848 3
1849 3
1850 2
1851 3
1852 3
1853 4
1854 4
1855 5
1856 4
1857 3
1858 3
1859 2
1860 3
1861 1
1862 7
1863 2
1864 2
1865 1
1866 3
1867 3
1868 2
1869 1
1870 3
1871 5
1874 2
1875 1
1876 5
1877 1
1878 1
1880 1
1881 4
1882 4
1883 2
1885 3
1886 4
1887 2
1888 1
1889 3
1890 1
1891 3
1892 6
1893 7
1894 2
1895 3
1896 1
1897 1
1898 3
1899 1
1900 2
1901 1
1902 3
1904 3
1906 4
1907 2
1909 4
1910 3
1911 5
1912 2
1913 1
1914 3
1915 1
1916 3
1918 1
1919 1
1920 1
1921 2
1922 1
1923 3
1924 1
1925 4
1926 1
1927 2
1928 5
1929 1
1930 2
1931 3
1932 3
1933 1
1934 1
1935 3
1936 1
1938 3
1939 3
1940 4
1941 4
1943 5
1944 4
1945 4
1946 4
1947 3
1948 1
1949 2
1950 3
1951 4
1952 1
1953 3
1954 3
1955 3
1956 2
1957 4
1958 3
1959 1
1960 2
1961 1
1962 1
1964 2
1965 1
1966 2
1967 2
1969 3
1970 1
1972 1
1974 6
1975 2
1976 2
1977 2
1978 3
1979 4
1980 1
1981 4
1982 1
1984 2
1987 1
1988 3
1989 2
1991 4
1992 1
1993 2
1995 4
1996 1
1997 4
1998 2
1999 3
2000 3
2001 4
2003 1
2004 1
2005 3
2006 4
2008 2
2009 1
2010 1
2011 1
2012 1
2014 3
2015 1
2016 1
2017 2
2018 3
2019 4
2020 2
2021 3
2023 1
2024 2
2025 3
2026 2
2028 1
2030 1
2031 1
2032 1
2033 1
2035 2
2036 2
2037 1
2038 2
2039 1
2040 3
2041 2
2042 2
2044 2
2046 2
2048 2
2050 1
2051 3
2053 1
2054 2
2056 2
2057 1
2060 2
2061 1
2062 1
2064 1
2067 2
2069 1
2071 3
2072 1
2073 1
2074 1
2075 4
2076 1
2078 1
2079 1
2081 2
2082 2
2083 1
2084 3
2085 4
2086 2
2087 2
2088 2
2089 1
2090 3
2092 1
2097 3
2098 1
2099 2
2100 1
2101 1
2102 1
2103 1
2104 2
2105 2
2106 1
2107 1
2108 1
2109 1
2110 2
2111 2
2112 2
2114 2
2115 2
2116 3
2118 1
2121 1
2124 1
2125 2
2126 1
2127 2
2128 2
2129 1
2130 3
2131 1
2132 4
2134 1
2135 1
2136 1
2137 3
2138 1
2140 1
2141 1
2144 2
2145 1
2146 2
2147 2
2148 1
2150 4
2153 1
2154 1
2156 1
2157 3
2158 1
2160 1
2161 2
2162 2
2163 1
2165 2
2167 2
2168 1
2169 1
2170 1
2171 1
2174 2
2175 3
2177 2
2183 1
2184 3
2185 1
2188 1
2189 2
2191 2
2195 1
2196 1
2197 3
2198 1
2200 1
2204 1
2205 1
2206 2
2207 1
2208 1
2213 1
2214 1
2216 1
2220 4
2222 4
2226 1
2227 1
2229 1
2230 2
2233 1
2234 1
2236 1
2237 2
2240 1
2241 1
2242 1
2244 2
2247 1
2249 1
2251 3
2256 1
2263 1
2273 1
2275 1
2277 1
2279 2
2281 1
2282 2
2283 2
2288 1
2290 2
2291 1
2292 1
2294 1
2297 2
2299 1
2300 1
2305 2
2306 1
2313 1
2314 1
2316 3
2317 1
2320 2
2324 1
2325 1
2327 1
2328 1
2331 1
2333 1
2336 1
2339 1
2344 1
2346 1
2352 1
2354 1
2362 1
2368 1
2373 1
2376 1
2377 1
2378 1
2384 1
2386 1
2388 1
2391 1
2394 2
2397 2
2408 1
2411 1
2413 1
2420 1
2432 1
2444 1
2447 1
2450 1
2467 1
2475 1
2494 1
2503 1
2504 1
2505 1
2506 1
2512 2
2514 1
2534 1
2537 1
2538 1
2585 1
2632 1
