50 750000 5
1 102
2 112
3 106
4 98
5 118
6 106
7 107
8 121
9 117
10 112
11 110
12 112
13 129
14 140
15 126
16 145
17 142
18 125
19 152
20 153
21 150
22 137
23 156
24 179
25 161
26 173
27 154
28 205
29 201
30 177
31 207
32 199
33 191
34 195
35 218
36 216
37 228
38 254
39 239
40 244
41 245
42 295
43 260
44 303
45 297
46 314
47 295
48 323
49 341
50 343
51 342
52 354
53 391
54 369
55 398
56 422
57 458
58 499
59 483
60 480
61 522
62 565
63 526
64 519
65 607
66 554
67 591
68 657
69 668
70 625
71 651
72 702
73 757
74 757
75 801
76 835
77 807
78 858
79 828
80 931
81 882
82 978
83 979
84 934
85 1003
86 995
87 1011
88 1042
89 1087
90 1127
91 1148
92 1190
93 1204
94 1175
95 1282
96 1291
97 1316
98 1241
99 1314
100 1340
101 1290
102 1435
103 1399
104 1443
105 1506
106 1471
107 1508
108 1528
109 1509
110 1550
111 1594
112 1642
113 1620
114 1640
115 1672
116 1639
117 1619
118 1637
119 1748
120 1673
121 1751
122 1707
123 1707
124 1765
125 1796
126 1878
127 1837
128 1795
129 1837
130 1837
131 1844
132 1893
133 1891
134 1889
135 1864
136 1861
137 1784
138 1894
139 1874
140 1820
141 1940
142 1927
143 1847
144 1891
145 1955
146 1986
147 1937
148 1867
149 1900
150 1904
151 1871
152 1876
153 1921
154 1833
155 1759
156 1790
157 1785
158 1853
159 1849
160 1820
161 1775
162 1795
163 1773
164 1741
165 1772
166 1636
167 1755
168 1688
169 1675
170 1690
171 1666
172 1674
173 1588
174 1649
175 1680
176 1509
177 1552
178 1525
179 1516
180 1522
181 1561
182 1387
183 1448
184 1439
185 1472
186 1352
187 1379
188 1325
189 1381
190 1295
191 1318
192 1317
193 1272
194 1319
195 1185
196 1197
197 1200
198 1159
199 1162
200 1071
201 1089
202 1103
203 1082
204 1026
205 1017
206 1005
207 961
208 961
209 924
210 930
211 884
212 849
213 854
214 833
215 827
216 793
217 762
218 762
219 759
220 783
221 663
222 718
223 711
224 618
225 656
226 616
227 641
228 623
229 586
230 535
231 574
232 571
233 558
234 508
235 478
236 497
237 508
238 435
239 465
240 460
241 426
242 442
243 436
244 347
245 367
246 365
247 343
248 334
249 286
250 330
251 323
252 315
253 304
254 288
255 282
256 242
257 261
258 250
259 255
260 236
261 221
262 217
263 200
264 193
265 189
266 182
267 185
268 181
269 159
270 167
271 145
272 150
273 135
274 140
275 132
276 128
277 121
278 119
279 110
280 101
281 118
282 110
283 98
284 80
285 86
286 82
287 74
288 63
289 75
290 61
291 65
292 62
293 53
294 56
295 54
296 44
297 48
298 40
299 44
300 31
301 26
302 28
303 32
304 21
305 26
306 21
307 20
308 20
309 20
310 14
311 30
312 18
313 21
314 16
315 12
316 13
317 13
318 9
319 14
320 15
321 12
322 4
323 8
324 11
325 2
326 8
327 6
328 8
330 5
331 4
332 4
334 2
335 2
336 4
337 2
338 2
339 3
341 1
344 1
346 1
347 1
349 3
350 1
351 3
354 1
361 1
390 1
