50 250000 10
1 2
2 4
3 5
4 6
5 8
6 3
7 7
8 4
9 5
10 11
11 4
12 4
13 4
14 1
15 2
16 10
17 7
18 3
19 5
20 7
21 6
22 3
23 2
24 5
25 6
26 4
27 6
28 2
29 9
30 4
31 6
32 3
33 6
34 9
35 2
36 5
37 4
38 4
39 5
40 9
41 4
42 4
43 8
44 8
45 5
46 5
47 8
48 4
49 3
50 5
51 8
52 6
53 4
54 8
55 5
56 4
57 3
58 7
59 5
60 9
61 8
62 7
63 7
64 5
65 8
66 8
67 9
68 6
69 4
70 6
71 5
72 4
73 10
74 13
75 7
76 6
77 6
78 4
79 11
80 7
81 16
82 16
83 7
84 6
85 5
86 12
87 10
88 10
89 10
90 12
91 9
92 9
93 6
94 11
95 5
96 14
97 9
98 9
99 7
100 14
101 9
102 5
103 7
104 10
105 10
106 8
107 8
108 6
109 8
110 11
111 5
112 14
113 7
114 15
115 6
116 15
117 13
118 13
119 19
120 12
121 14
122 15
123 5
124 8
125 14
126 13
127 17
128 18
129 15
130 18
131 9
132 10
133 17
134 20
135 10
136 15
137 13
138 20
139 14
140 20
141 15
142 15
143 18
144 16
145 22
146 12
147 17
148 14
149 24
150 18
151 21
152 24
153 22
154 21
155 21
156 18
157 20
158 19
159 20
160 24
161 27
162 24
163 17
164 22
165 18
166 28
167 30
168 34
169 33
170 32
171 14
172 21
173 23
174 28
175 29
176 26
177 24
178 29
179 25
180 33
181 20
182 34
183 35
184 39
185 20
186 40
187 36
188 42
189 44
190 39
191 42
192 34
193 41
194 23
195 35
196 39
197 48
198 28
199 38
200 45
201 40
202 38
203 36
204 31
205 49
206 54
207 45
208 51
209 35
210 41
211 45
212 43
213 35
214 34
215 52
216 50
217 42
218 46
219 69
220 62
221 40
222 52
223 52
224 55
225 43
226 64
227 48
228 47
229 48
230 43
231 44
232 51
233 48
234 57
235 40
236 54
237 59
238 51
239 62
240 67
241 72
242 68
243 37
244 50
245 70
246 58
247 57
248 56
249 68
250 63
251 78
252 53
253 74
254 65
255 53
256 70
257 73
258 64
259 75
260 64
261 74
262 76
263 90
264 82
265 78
266 65
267 82
268 91
269 70
270 76
271 68
272 66
273 68
274 73
275 80
276 68
277 88
278 74
279 63
280 79
281 89
282 70
283 77
284 74
285 100
286 73
287 82
288 70
289 78
290 83
291 83
292 73
293 81
294 80
295 78
296 107
297 87
298 96
299 89
300 94
301 84
302 93
303 87
304 98
305 75
306 89
307 95
308 79
309 104
310 87
311 88
312 73
313 85
314 100
315 83
316 92
317 98
318 94
319 82
320 100
321 107
322 117
323 92
324 89
325 101
326 100
327 82
328 110
329 82
330 83
331 104
332 95
333 80
334 92
335 103
336 102
337 98
338 84
339 107
340 100
341 92
342 97
343 93
344 89
345 89
346 99
347 92
348 110
349 106
350 96
351 97
352 104
353 99
354 110
355 91
356 103
357 122
358 86
359 98
360 93
361 93
362 100
363 95
364 71
365 128
366 101
367 100
368 102
369 109
370 99
371 105
372 100
373 110
374 123
375 93
376 110
377 87
378 99
379 98
380 104
381 94
382 113
383 94
384 107
385 100
386 103
387 104
388 103
389 106
390 100
391 109
392 98
393 102
394 105
395 110
396 101
397 105
398 97
399 90
400 93
401 102
402 94
403 84
404 99
405 96
406 116
407 115
408 93
409 80
410 89
411 99
412 87
413 82
414 108
415 102
416 98
417 90
418 93
419 99
420 95
421 82
422 89
423 87
424 90
425 91
426 87
427 96
428 77
429 85
430 97
431 77
432 77
433 98
434 97
435 75
436 97
437 92
438 92
439 65
440 87
441 94
442 87
443 81
444 88
445 91
446 90
447 87
448 76
449 85
450 71
451 78
452 76
453 75
454 89
455 90
456 85
457 78
458 80
459 84
460 74
461 84
462 76
463 59
464 77
465 83
466 72
467 79
468 72
469 74
470 73
471 73
472 78
473 87
474 66
475 72
476 54
477 85
478 68
479 83
480 80
481 74
482 76
483 68
484 52
485 78
486 72
487 75
488 61
489 78
490 60
491 65
492 50
493 54
494 67
495 86
496 54
497 60
498 65
499 55
500 78
501 71
502 54
503 54
504 60
505 61
506 60
507 66
508 52
509 54
510 65
511 50
512 61
513 60
514 67
515 61
516 57
517 61
518 44
519 56
520 50
521 60
522 61
523 40
524 48
525 57
526 57
527 52
528 44
529 41
530 33
531 68
532 63
533 46
534 41
535 49
536 48
537 60
538 43
539 27
540 45
541 48
542 42
543 44
544 54
545 37
546 43
547 41
548 40
549 41
550 32
551 32
552 44
553 38
554 47
555 42
556 43
557 37
558 39
559 39
560 29
561 36
562 55
563 28
564 32
565 35
566 30
567 30
568 39
569 24
570 36
571 21
572 45
573 34
574 32
575 35
576 31
577 26
578 33
579 42
580 42
581 27
582 32
583 39
584 27
585 35
586 24
587 37
588 28
589 32
590 36
591 26
592 28
593 21
594 30
595 18
596 27
597 27
598 16
599 30
600 24
601 21
602 29
603 26
604 24
605 25
606 17
607 16
608 19
609 21
610 27
611 18
612 23
613 19
614 23
615 18
616 26
617 24
618 17
619 12
620 23
621 22
622 22
623 19
624 13
625 23
626 18
627 25
628 16
629 13
630 16
631 22
632 21
633 12
634 25
635 16
636 24
637 23
638 17
639 16
640 20
641 20
642 10
643 20
644 17
645 12
646 14
647 15
648 15
649 17
650 8
651 13
652 10
653 16
654 12
655 13
656 15
657 9
658 11
659 17
660 8
661 13
662 7
663 7
664 12
665 9
666 9
667 8
668 11
669 15
670 12
671 10
672 13
673 11
674 9
675 6
676 16
677 9
678 8
679 8
680 12
681 2
682 14
683 9
684 8
685 10
686 4
687 9
688 8
689 9
690 6
691 8
692 7
693 9
694 5
695 12
696 5
697 3
698 8
699 4
700 5
701 10
702 8
703 6
704 7
705 5
706 4
707 4
708 6
709 10
710 6
711 6
712 6
713 7
714 6
715 4
716 2
717 9
718 6
719 5
720 4
721 5
722 6
723 6
724 2
725 1
726 3
727 3
728 2
729 6
730 6
731 3
732 4
733 4
734 2
735 1
736 2
737 3
738 4
739 4
740 2
741 2
742 4
743 1
744 2
745 1
746 3
747 1
748 2
749 2
750 1
751 3
752 3
753 1
754 1
755 4
756 1
757 1
758 2
759 1
760 2
761 2
762 1
763 3
764 1
765 2
767 3
768 4
769 1
770 2
771 2
772 2
773 2
774 6
775 3
777 2
778 1
780 2
781 1
782 2
784 2
785 2
787 1
791 1
792 1
793 1
794 1
796 1
807 1
811 2
816 1
818 1
819 1
831 1
844 1
847 1
872 2
875 1
