1 100000 20
1 13248
2 4246
3 2071
4 1232
5 779
6 563
7 359
8 290
9 240
10 192
11 118
12 106
13 101
14 82
15 93
16 89
17 46
18 52
19 35
20 49
21 36
22 32
23 34
24 28
25 21
26 25
27 21
28 14
29 30
30 23
31 5
32 12
33 14
34 8
35 10
36 7
37 8
38 5
39 7
40 11
41 10
42 9
43 9
44 6
45 6
46 8
47 6
48 6
49 8
50 5
51 4
52 5
53 5
54 6
55 9
56 3
57 5
58 3
59 2
60 1
61 8
62 4
63 1
64 1
65 3
66 2
67 2
68 3
69 4
71 1
72 3
74 1
75 1
76 3
77 1
78 2
79 1
80 2
81 1
82 1
83 2
85 3
86 1
87 1
89 2
90 2
91 1
92 1
94 2
95 1
96 1
98 3
99 1
100 2
102 1
103 2
105 2
106 2
108 1
110 1
111 2
113 1
114 5
116 2
121 1
122 1
124 1
125 1
126 1
127 2
128 1
129 2
134 1
135 2
137 1
138 1
139 1
143 1
144 1
147 1
149 1
150 1
157 2
163 2
164 1
166 2
167 1
171 1
172 2
174 1
177 1
182 1
183 1
186 1
188 1
193 1
194 1
195 1
203 1
204 1
205 1
206 1
207 1
209 2
210 1
213 1
220 2
224 1
225 1
226 1
228 1
235 1
238 1
239 1
243 1
245 1
249 1
250 1
256 1
261 1
268 1
280 1
291 1
294 1
309 1
310 1
316 1
330 1
337 1
341 1
344 1
357 1
373 1
388 1
391 1
448 1
