50 500000 10
1 2
2 2
4 2
5 2
6 4
9 1
10 2
11 1
13 2
14 1
15 7
16 4
17 3
18 1
19 4
20 2
21 2
22 2
23 2
24 3
25 2
26 1
27 2
28 2
30 1
31 4
32 3
33 3
35 1
36 1
37 3
38 1
39 1
40 2
41 5
42 2
43 2
44 3
45 5
46 4
47 1
49 2
50 2
51 2
52 1
53 3
54 1
55 1
57 2
58 1
59 2
60 1
61 4
64 2
66 2
67 3
68 1
69 4
70 1
72 2
73 3
74 1
75 4
76 3
78 3
79 4
80 1
81 3
82 4
83 4
84 2
85 4
86 3
87 2
88 4
89 3
90 2
91 4
92 3
93 2
94 3
95 1
96 3
97 3
98 1
99 5
100 3
101 3
102 2
103 4
104 3
105 3
106 1
107 3
108 4
109 2
110 6
111 4
112 2
113 3
114 3
115 4
116 4
117 2
118 4
119 3
120 3
121 2
122 9
123 4
124 3
125 2
126 1
127 4
128 3
129 7
130 6
131 4
132 2
133 3
134 4
135 3
136 5
137 2
138 2
139 2
140 1
141 2
142 8
143 2
144 5
145 1
146 5
147 1
148 4
149 4
150 5
151 3
152 1
154 4
155 5
156 3
157 1
158 4
159 3
161 4
162 3
163 1
164 6
165 6
166 1
167 8
168 4
169 3
170 6
171 1
172 2
173 3
174 6
175 1
176 4
177 7
178 6
179 4
180 2
181 2
182 3
183 3
184 5
185 5
186 3
187 4
188 4
189 5
191 5
192 7
193 7
194 3
195 4
196 3
197 5
198 7
199 4
200 5
201 3
202 1
203 5
204 4
205 5
206 2
207 3
208 3
209 4
210 2
211 4
212 4
213 5
214 6
215 3
216 9
217 3
218 7
219 4
220 4
221 5
222 5
223 4
224 2
225 5
226 5
227 6
228 4
229 7
230 5
231 1
232 3
233 2
234 4
235 4
236 8
237 10
238 8
239 7
240 6
241 1
242 6
243 7
244 9
245 4
246 5
247 11
248 12
249 6
250 10
251 5
252 7
253 2
254 4
255 4
256 10
257 4
258 5
259 5
260 9
261 8
262 6
263 8
264 11
265 4
266 8
267 7
268 5
269 6
270 6
271 4
272 7
273 5
274 9
275 8
276 11
277 4
278 5
279 9
280 7
281 11
282 8
283 11
284 11
285 13
286 6
287 8
288 6
289 8
290 10
291 9
292 8
293 10
294 7
295 3
296 13
297 10
298 5
299 9
300 11
301 11
302 11
303 13
304 11
305 8
306 7
307 10
308 9
309 13
310 5
311 15
312 12
313 15
314 11
315 13
316 14
317 11
318 14
319 11
320 10
321 19
322 12
323 6
324 10
325 14
326 11
327 7
328 13
329 6
330 6
331 9
332 19
333 14
334 16
335 16
336 14
337 8
338 15
339 10
340 10
341 16
342 13
343 11
344 12
345 13
346 6
347 12
348 20
349 22
350 11
351 13
352 4
353 16
354 19
355 18
356 15
357 14
358 13
359 14
360 11
361 15
362 14
363 15
364 14
365 13
366 14
367 19
368 17
369 8
370 15
371 21
372 17
373 19
374 25
375 16
376 12
377 19
378 22
379 20
380 11
381 23
382 17
383 20
384 14
385 18
386 31
387 19
388 19
389 13
390 16
391 18
392 19
393 15
394 25
395 16
396 23
397 24
398 22
399 24
400 27
401 25
402 27
403 15
404 22
405 31
406 25
407 28
408 23
409 25
410 16
411 12
412 17
413 25
414 26
415 13
416 14
417 24
418 27
419 36
420 26
421 23
422 14
423 20
424 29
425 19
426 19
427 21
428 30
429 32
430 25
431 17
432 36
433 16
434 26
435 24
436 17
437 26
438 28
439 31
440 30
441 31
442 27
443 30
444 18
445 24
446 22
447 23
448 21
449 27
450 35
451 29
452 31
453 30
454 26
455 28
456 29
457 35
458 17
459 33
460 24
461 21
462 27
463 35
464 19
465 30
466 32
467 32
468 35
469 33
470 32
471 47
472 26
473 27
474 40
475 35
476 25
477 37
478 33
479 37
480 29
481 29
482 22
483 28
484 30
485 26
486 37
487 30
488 28
489 30
490 37
491 34
492 20
493 32
494 37
495 26
496 40
497 35
498 34
499 37
500 45
501 27
502 39
503 37
504 41
505 36
506 36
507 42
508 33
509 34
510 52
511 29
512 28
513 32
514 36
515 35
516 31
517 41
518 40
519 38
520 41
521 30
522 37
523 35
524 42
525 46
526 38
527 53
528 26
529 40
530 31
531 37
532 31
533 38
534 30
535 46
536 52
537 45
538 35
539 36
540 33
541 45
542 40
543 28
544 46
545 41
546 35
547 36
548 54
549 36
550 50
551 46
552 43
553 45
554 40
555 52
556 38
557 43
558 37
559 45
560 40
561 44
562 46
563 46
564 37
565 41
566 49
567 41
568 38
569 49
570 32
571 51
572 48
573 50
574 41
575 42
576 41
577 34
578 34
579 42
580 39
581 41
582 47
583 40
584 43
585 52
586 58
587 41
588 47
589 53
590 40
591 37
592 50
593 54
594 47
595 56
596 45
597 56
598 39
599 54
600 37
601 46
602 52
603 46
604 49
605 58
606 56
607 52
608 48
609 47
610 43
611 55
612 53
613 53
614 53
615 48
616 42
617 51
618 40
619 47
620 46
621 55
622 56
623 56
624 49
625 58
626 53
627 53
628 51
629 42
630 64
631 46
632 61
633 54
634 56
635 42
636 45
637 31
638 50
639 48
640 59
641 71
642 59
643 45
644 71
645 50
646 36
647 60
648 50
649 58
650 36
651 68
652 62
653 47
654 48
655 57
656 40
657 48
658 50
659 42
660 63
661 46
662 54
663 67
664 53
665 42
666 48
667 60
668 50
669 47
670 43
671 50
672 44
673 41
674 51
675 57
676 44
677 60
678 58
679 54
680 60
681 54
682 64
683 57
684 53
685 46
686 54
687 52
688 53
689 55
690 34
691 58
692 49
693 61
694 49
695 45
696 47
697 48
698 48
699 56
700 57
701 41
702 48
703 50
704 57
705 47
706 53
707 49
708 63
709 53
710 68
711 52
712 59
713 41
714 43
715 50
716 62
717 57
718 55
719 53
720 59
721 51
722 57
723 49
724 55
725 48
726 45
727 58
728 56
729 57
730 44
731 45
732 47
733 57
734 53
735 44
736 61
737 47
738 35
739 43
740 44
741 46
742 57
743 55
744 50
745 58
746 56
747 50
748 52
749 59
750 36
751 56
752 42
753 53
754 50
755 49
756 50
757 44
758 52
759 66
760 44
761 44
762 60
763 41
764 50
765 54
766 73
767 59
768 56
769 38
770 50
771 54
772 47
773 49
774 57
775 44
776 48
777 49
778 53
779 54
780 51
781 51
782 52
783 51
784 57
785 53
786 49
787 56
788 48
789 55
790 48
791 55
792 49
793 42
794 58
795 58
796 45
797 52
798 40
799 47
800 58
801 66
802 58
803 53
804 57
805 65
806 52
807 46
808 44
809 39
810 67
811 64
812 59
813 52
814 53
815 46
816 53
817 53
818 49
819 41
820 43
821 59
822 42
823 51
824 55
825 37
826 52
827 56
828 52
829 53
830 46
831 52
832 46
833 45
834 50
835 48
836 48
837 41
838 52
839 55
840 45
841 54
842 57
843 56
844 40
845 37
846 58
847 41
848 44
849 43
850 47
851 46
852 40
853 56
854 50
855 45
856 48
857 38
858 55
859 45
860 50
861 39
862 37
863 45
864 49
865 52
866 52
867 50
868 44
869 40
870 64
871 57
872 44
873 44
874 58
875 36
876 50
877 38
878 44
879 48
880 44
881 48
882 63
883 47
884 49
885 32
886 36
887 37
888 36
889 41
890 41
891 32
892 49
893 52
894 34
895 40
896 49
897 44
898 44
899 51
900 39
901 42
902 38
903 35
904 55
905 48
906 37
907 44
908 46
909 32
910 46
911 45
912 35
913 39
914 42
915 24
916 44
917 32
918 38
919 25
920 45
921 44
922 40
923 51
924 35
925 43
926 30
927 44
928 30
929 37
930 44
931 42
932 29
933 37
934 44
935 40
936 26
937 37
938 39
939 37
940 46
941 34
942 43
943 47
944 35
945 40
946 36
947 37
948 39
949 41
950 45
951 38
952 34
953 28
954 37
955 29
956 43
957 34
958 36
959 40
960 32
961 24
962 35
963 32
964 30
965 34
966 33
967 28
968 19
969 25
970 33
971 40
972 32
973 46
974 27
975 35
976 35
977 27
978 34
979 33
980 28
981 30
982 29
983 36
984 38
985 26
986 28
987 22
988 24
989 41
990 44
991 31
992 34
993 27
994 31
995 29
996 32
997 34
998 29
999 36
1000 29
1001 29
1002 32
1003 26
1004 23
1005 26
1006 44
1007 34
1008 31
1009 30
1010 30
1011 27
1012 21
1013 21
1014 28
1015 21
1016 33
1017 23
1018 20
1019 32
1020 27
1021 28
1022 20
1023 29
1024 22
1025 28
1026 17
1027 23
1028 28
1029 37
1030 26
1031 24
1032 16
1033 30
1034 33
1035 22
1036 19
1037 19
1038 24
1039 23
1040 19
1041 20
1042 22
1043 21
1044 32
1045 32
1046 19
1047 22
1048 25
1049 20
1050 26
1051 26
1052 18
1053 29
1054 31
1055 19
1056 29
1057 20
1058 30
1059 23
1060 23
1061 23
1062 14
1063 26
1064 35
1065 24
1066 20
1067 17
1068 25
1069 21
1070 15
1071 25
1072 25
1073 28
1074 24
1075 23
1076 26
1077 21
1078 19
1079 24
1080 22
1081 12
1082 21
1083 18
1084 26
1085 28
1086 20
1087 25
1088 18
1089 18
1090 20
1091 19
1092 26
1093 28
1094 19
1095 21
1096 14
1097 26
1098 20
1099 27
1100 22
1101 25
1102 24
1103 14
1104 31
1105 19
1106 20
1107 21
1108 18
1109 15
1110 21
1111 11
1112 22
1113 15
1114 20
1115 22
1116 24
1117 19
1118 8
1119 25
1120 15
1121 13
1122 16
1123 16
1124 24
1125 21
1126 21
1127 22
1128 18
1129 16
1130 27
1131 12
1132 18
1133 17
1134 14
1135 12
1136 8
1137 20
1138 14
1139 16
1140 12
1141 15
1142 11
1143 17
1144 17
1145 17
1146 18
1147 11
1148 19
1149 18
1150 17
1151 27
1152 14
1153 10
1154 18
1155 13
1156 11
1157 11
1158 10
1159 14
1160 22
1161 17
1162 12
1163 17
1164 16
1165 10
1166 15
1167 16
1168 24
1169 14
1170 14
1171 11
1172 11
1173 9
1174 14
1175 9
1176 13
1177 15
1178 12
1179 10
1180 10
1181 18
1182 13
1183 8
1184 16
1185 14
1186 8
1187 16
1188 13
1189 10
1190 11
1191 11
1192 15
1193 13
1194 13
1195 9
1196 11
1197 12
1198 18
1199 9
1200 13
1201 15
1202 15
1203 14
1204 10
1205 12
1206 11
1207 10
1208 5
1209 12
1210 19
1211 10
1212 12
1213 12
1214 13
1215 14
1216 17
1217 18
1218 6
1219 15
1220 9
1221 13
1222 10
1223 15
1224 7
1225 3
1226 9
1227 12
1228 12
1229 10
1230 7
1231 8
1232 11
1233 9
1234 9
1235 8
1236 11
1237 10
1238 5
1239 11
1240 9
1241 9
1242 7
1243 6
1244 4
1245 5
1246 12
1247 16
1248 8
1249 12
1250 11
1251 6
1252 5
1253 7
1254 4
1255 3
1256 10
1257 7
1258 7
1259 11
1260 8
1261 7
1262 4
1263 7
1264 9
1265 6
1266 5
1267 8
1268 7
1269 11
1270 6
1271 6
1272 4
1273 10
1274 7
1275 5
1276 2
1277 7
1278 10
1279 4
1280 3
1281 2
1282 8
1283 6
1285 5
1286 3
1287 6
1288 6
1289 7
1290 4
1291 10
1292 4
1293 3
1294 4
1295 9
1296 10
1297 6
1298 6
1299 7
1300 3
1301 4
1302 2
1303 9
1304 5
1305 12
1306 7
1307 2
1308 6
1309 3
1310 10
1311 4
1312 2
1313 5
1314 8
1315 3
1316 6
1317 6
1318 4
1319 6
1320 5
1321 6
1322 6
1323 6
1324 5
1325 3
1326 3
1327 6
1328 4
1329 2
1330 3
1331 4
1332 1
1333 3
1334 6
1335 7
1336 2
1337 3
1338 3
1339 2
1340 7
1341 6
1342 4
1343 2
1344 4
1345 4
1346 3
1347 3
1348 6
1349 2
1350 3
1351 3
1352 2
1353 9
1354 4
1355 7
1356 7
1357 3
1360 6
1361 5
1362 3
1363 1
1364 4
1365 3
1366 3
1367 5
1368 3
1369 5
1370 2
1371 2
1372 4
1373 3
1374 4
1375 3
1376 2
1377 4
1378 2
1381 4
1382 2
1383 1
1385 2
1386 3
1387 3
1388 1
1389 2
1390 5
1391 1
1392 4
1393 5
1394 1
1395 3
1396 1
1397 1
1398 2
1399 4
1400 1
1402 1
1403 3
1405 1
1406 3
1407 5
1409 1
1410 4
1411 1
1412 3
1413 3
1415 3
1416 4
1417 3
1418 1
1419 2
1420 1
1421 1
1422 4
1423 1
1424 3
1425 2
1426 2
1427 3
1431 1
1432 1
1433 2
1434 4
1436 3
1437 1
1438 2
1439 1
1440 4
1442 1
1444 1
1445 1
1446 2
1447 2
1448 1
1451 1
1455 1
1456 1
1457 2
1458 2
1459 1
1460 2
1461 1
1463 1
1466 1
1467 1
1468 1
1470 3
1473 2
1476 1
1477 1
1478 1
1480 1
1483 1
1484 1
1485 1
1487 2
1489 1
1490 1
1492 1
1493 1
1498 1
1499 1
1501 1
1503 1
1504 1
1505 1
1510 1
1511 1
1513 1
1514 2
1521 1
1523 1
1526 1
1527 1
1528 2
1533 2
1536 1
1538 1
1544 1
1546 1
1549 1
1559 1
1562 1
1571 1
1575 1
1576 1
1577 1
1587 1
1604 2
1620 1
1630 1
1681 1
