1 100000 20
1 388
2 195
3 82
4 46
5 37
6 27
7 28
8 22
9 10
10 14
11 15
12 6
13 8
14 7
15 5
16 12
17 7
18 7
19 4
20 6
21 2
22 3
23 2
24 3
25 5
26 4
27 4
28 3
29 2
30 5
31 3
32 4
33 4
34 1
35 1
36 1
37 1
38 1
41 1
42 1
43 2
45 1
47 1
48 2
49 2
54 1
56 2
57 1
58 1
66 1
69 2
70 1
83 1
93 1
94 1
95 1
97 1
99 1
107 2
115 2
122 1
125 1
128 2
130 1
140 1
148 1
155 1
160 1
182 1
190 1
192 1
203 1
209 1
218 1
219 1
221 2
259 1
268 1
279 1
280 1
302 2
316 1
323 1
327 1
330 1
340 1
346 1
425 1
472 1
489 1
528 1
558 1
559 1
597 2
616 1
711 1
728 1
744 1
760 1
772 1
812 1
823 1
861 1
876 1
911 1
917 1
957 1
966 1
975 1
985 1
988 1
997 1
1026 1
1027 1
1032 1
1046 1
1050 1
1088 1
1095 1
1103 1
1112 1
1133 1
1158 1
1162 1
1177 1
1178 1
1179 1
1180 1
1190 1
1198 1
1210 1
1220 1
1225 1
1241 1
1263 1
1283 1
1285 1
1300 1
1317 1
1333 1
1344 1
1349 1
1355 1
1376 1
1389 1
1394 1
1410 1
1423 1
1431 1
1437 1
1452 1
1482 1
1483 1
1486 1
1489 1
1491 1
1502 1
1507 1
1521 1
1606 1
1610 1
1627 1
1931 1
