50 500000 5
1 190
2 184
3 189
4 246
5 194
6 225
7 236
8 220
9 230
10 206
11 257
12 243
13 245
14 277
15 298
16 303
17 272
18 323
19 338
20 341
21 383
22 365
23 358
24 386
25 386
26 417
27 413
28 431
29 480
30 481
31 521
32 516
33 568
34 568
35 611
36 599
37 659
38 696
39 704
40 751
41 812
42 802
43 860
44 926
45 932
46 986
47 981
48 1065
49 1067
50 1103
51 1193
52 1175
53 1203
54 1214
55 1255
56 1330
57 1406
58 1458
59 1477
60 1469
61 1574
62 1654
63 1757
64 1689
65 1738
66 1880
67 1835
68 1894
69 1955
70 1992
71 2101
72 2105
73 2115
74 2182
75 2114
76 2176
77 2335
78 2346
79 2462
80 2387
81 2315
82 2289
83 2362
84 2515
85 2403
86 2461
87 2535
88 2639
89 2510
90 2581
91 2714
92 2617
93 2603
94 2580
95 2623
96 2576
97 2639
98 2556
99 2619
100 2609
101 2587
102 2564
103 2661
104 2649
105 2589
106 2561
107 2463
108 2527
109 2532
110 2525
111 2487
112 2449
113 2289
114 2404
115 2297
116 2339
117 2294
118 2270
119 2196
120 2124
121 2157
122 2195
123 2149
124 2055
125 2039
126 1938
127 2041
128 2001
129 1856
130 1774
131 1811
132 1803
133 1693
134 1687
135 1596
136 1502
137 1546
138 1553
139 1490
140 1433
141 1409
142 1354
143 1384
144 1282
145 1232
146 1251
147 1197
148 1142
149 1057
150 1080
151 982
152 1044
153 1004
154 959
155 919
156 941
157 812
158 854
159 786
160 722
161 791
162 695
163 675
164 638
165 642
166 578
167 610
168 555
169 502
170 508
171 514
172 446
173 469
174 422
175 422
176 399
177 354
178 335
179 323
180 377
181 306
182 302
183 293
184 259
185 252
186 257
187 216
188 208
189 217
190 194
191 194
192 151
193 154
194 143
195 151
196 132
197 134
198 113
199 97
200 101
201 100
202 79
203 66
204 72
205 68
206 56
207 64
208 57
209 48
210 40
211 41
212 38
213 23
214 37
215 20
216 30
217 24
218 26
219 26
220 13
221 17
222 10
223 9
224 11
225 6
226 8
227 7
228 4
229 4
230 3
231 7
232 4
233 2
234 3
235 3
236 3
237 2
239 1
242 1
243 1
244 1
245 3
246 1
