50 250000 5
1 475
2 490
3 539
4 574
5 601
6 641
7 676
8 708
9 733
10 828
11 851
12 903
13 942
14 1019
15 1159
16 1096
17 1241
18 1333
19 1398
20 1551
21 1564
22 1738
23 1824
24 1887
25 2133
26 2293
27 2246
28 2432
29 2442
30 2765
31 2813
32 2977
33 3165
34 3286
35 3373
36 3404
37 3684
38 3732
39 3792
40 3875
41 4006
42 4092
43 4143
44 4242
45 4332
46 4276
47 4388
48 4252
49 4456
50 4552
51 4333
52 4416
53 4437
54 4386
55 4310
56 4377
57 4319
58 4238
59 4026
60 4108
61 4001
62 3815
63 3789
64 3659
65 3544
66 3457
67 3449
68 3145
69 3152
70 2955
71 2918
72 2844
73 2678
74 2495
75 2480
76 2344
77 2117
78 2097
79 1966
80 1859
81 1757
82 1685
83 1523
84 1500
85 1345
86 1244
87 1219
88 1159
89 1051
90 1005
91 970
92 855
93 786
94 705
95 629
96 597
97 571
98 533
99 481
100 430
101 373
102 337
103 318
104 279
105 219
106 215
107 193
108 164
109 129
110 130
111 119
112 89
113 101
114 73
115 70
116 59
117 45
118 44
119 30
120 40
121 25
122 21
123 16
124 16
125 15
126 7
127 2
128 7
129 4
130 3
131 2
132 2
133 3
134 2
139 1
