50 3000 75
0 124928
1 591
2 300
3 214
4 171
5 119
6 97
7 104
8 95
9 91
10 82
11 60
12 50
13 48
14 65
15 46
16 60
17 55
18 54
19 48
20 52
21 61
22 57
23 55
24 43
25 43
26 43
27 41
28 47
29 43
30 34
31 42
32 43
33 35
34 41
35 45
36 48
37 47
38 33
39 41
40 24
41 46
42 29
43 31
44 34
45 39
46 27
47 32
48 27
49 32
50 22
51 30
52 28
53 35
54 22
55 29
56 24
57 34
58 20
59 15
60 30
61 21
62 21
63 19
64 24
65 27
66 19
67 16
68 17
69 18
70 22
71 19
72 20
73 20
74 14
75 13
76 10
77 12
78 17
79 12
80 15
81 19
82 9
83 19
84 11
85 12
86 10
87 14
88 15
89 9
90 11
91 11
92 10
93 11
94 7
95 10
96 10
97 9
98 11
99 11
100 9
101 14
102 4
103 5
104 6
105 7
106 5
107 9
108 7
109 6
110 7
111 5
112 8
113 6
114 10
115 3
116 3
117 5
118 2
119 3
120 4
121 4
122 6
123 3
124 3
125 4
126 6
127 4
128 3
129 3
130 5
131 2
132 2
133 3
134 5
135 3
136 4
137 1
138 5
139 4
140 1
141 3
142 3
143 2
144 3
145 3
146 5
147 3
148 3
149 5
150 3
151 2
152 2
153 1
155 1
156 2
159 1
160 1
161 3
162 4
163 3
164 2
165 1
166 1
167 1
170 1
171 3
172 1
176 1
177 1
180 1
184 1
186 1
198 2
200 1
204 1
216 1
218 2
250 1
277 1
