50 3000 75
0 122449
1 1418
2 698
3 433
4 303
5 212
6 179
7 194
8 138
9 156
10 149
11 109
12 118
13 87
14 105
15 85
16 78
17 78
18 85
19 86
20 52
21 61
22 58
23 68
24 57
25 62
26 75
27 65
28 59
29 56
30 50
31 44
32 53
33 40
34 49
35 53
36 59
37 42
38 43
39 45
40 50
41 43
42 48
43 43
44 34
45 36
46 34
47 27
48 31
49 33
50 33
51 32
52 30
53 35
54 25
55 28
56 22
57 33
58 32
59 28
60 17
61 26
62 22
63 15
64 24
65 21
66 19
67 22
68 16
69 21
70 16
71 17
72 13
73 22
74 24
75 13
76 12
77 13
78 11
79 15
80 12
81 11
82 13
83 6
84 15
85 13
86 10
87 5
88 10
89 12
90 10
91 11
92 6
93 9
94 4
95 8
96 11
97 8
98 6
99 2
100 9
101 3
102 7
103 5
104 8
105 7
106 6
107 5
108 7
109 6
110 5
111 3
112 3
113 5
114 2
115 6
116 6
117 2
118 1
119 4
120 2
121 2
122 3
123 2
124 2
126 2
127 2
128 1
130 6
131 5
132 3
133 2
134 3
135 1
136 2
138 2
139 2
141 1
142 2
145 1
147 1
149 1
151 1
152 1
153 1
155 1
156 1
157 2
158 1
160 1
164 1
166 1
172 1
174 1
181 1
191 1
259 1
