50 3000 75
0 124506
1 716
2 341
3 240
4 198
5 150
6 141
7 109
8 109
9 83
10 73
11 81
12 67
13 74
14 70
15 55
16 62
17 48
18 60
19 59
20 60
21 44
22 57
23 54
24 50
25 44
26 54
27 56
28 54
29 47
30 40
31 44
32 35
33 36
34 46
35 40
36 50
37 48
38 32
39 35
40 41
41 47
42 31
43 39
44 36
45 35
46 35
47 30
48 35
49 24
50 29
51 27
52 24
53 36
54 22
55 23
56 24
57 33
58 21
59 27
60 24
61 21
62 29
63 18
64 20
65 24
66 16
67 16
68 18
69 15
70 18
71 22
72 13
73 21
74 16
75 9
76 15
77 11
78 19
79 12
80 18
81 17
82 18
83 25
84 13
85 12
86 6
87 15
88 7
89 12
90 14
91 12
92 9
93 6
94 4
95 11
96 6
97 15
98 14
99 7
100 9
101 8
102 9
103 6
104 6
105 3
106 8
107 10
108 3
109 3
110 7
111 6
112 10
113 9
114 3
115 5
116 4
117 7
118 6
119 4
120 1
121 2
122 3
123 2
124 5
125 1
126 2
127 4
128 2
129 4
130 4
131 4
132 2
133 5
134 3
135 6
136 3
137 5
138 2
139 3
140 1
141 2
142 3
143 3
144 1
145 2
146 5
147 3
148 2
150 1
151 1
152 2
153 2
154 1
155 2
157 3
158 1
159 3
160 3
165 1
167 1
168 1
169 2
170 2
172 1
177 1
179 1
182 1
191 2
198 1
205 1
210 1
253 1
261 1
