50 3000 75
0 116450
1 3219
2 1863
3 1076
4 796
5 581
6 440
7 435
8 324
9 274
10 236
11 220
12 197
13 188
14 177
15 152
16 162
17 121
18 103
19 101
20 117
21 130
22 103
23 98
24 92
25 88
26 77
27 81
28 68
29 74
30 75
31 63
32 71
33 66
34 54
35 58
36 71
37 55
38 53
39 52
40 52
41 36
42 46
43 33
44 46
45 31
46 26
47 27
48 41
49 27
50 39
51 31
52 23
53 28
54 27
55 30
56 22
57 14
58 21
59 24
60 26
61 15
62 11
63 14
64 12
65 21
66 10
67 15
68 9
69 10
70 14
71 9
72 9
73 12
74 6
75 4
76 12
77 6
78 5
79 7
80 10
81 3
82 5
83 4
84 5
85 3
86 6
87 6
88 6
89 4
90 7
91 3
92 7
93 5
94 3
95 3
96 4
97 5
98 4
99 2
100 1
102 3
103 2
104 2
105 1
106 1
107 1
108 2
109 1
110 2
111 1
120 3
123 1
124 1
128 1
150 1
162 1
169 1
