50 3000 75
0 126078
1 242
2 159
3 118
4 102
5 78
6 70
7 59
8 50
9 60
10 50
11 41
12 47
13 51
14 42
15 47
16 46
17 53
18 33
19 38
20 32
21 33
22 38
23 51
24 40
25 34
26 40
27 26
28 26
29 35
30 36
31 38
32 32
33 30
34 33
35 36
36 34
37 22
38 34
39 44
40 28
41 25
42 26
43 28
44 40
45 27
46 25
47 31
48 20
49 35
50 23
51 23
52 24
53 24
54 29
55 23
56 16
57 28
58 23
59 15
60 18
61 19
62 19
63 22
64 24
65 16
66 16
67 14
68 26
69 15
70 18
71 13
72 26
73 14
74 10
75 16
76 12
77 14
78 16
79 9
80 17
81 11
82 13
83 17
84 17
85 22
86 18
87 10
88 14
89 11
90 16
91 14
92 21
93 7
94 10
95 13
96 11
97 6
98 13
99 10
100 10
101 9
102 9
103 5
104 7
105 11
106 7
107 13
108 6
109 7
110 2
111 10
112 9
113 3
114 4
115 6
116 6
117 6
118 7
119 6
120 9
121 6
122 5
123 7
124 5
125 4
126 2
127 5
128 6
129 2
130 4
131 7
132 5
133 2
134 6
135 1
136 6
137 6
138 4
139 1
140 2
141 4
142 1
143 4
145 4
146 4
147 1
148 5
149 1
150 3
151 5
152 3
154 2
155 3
156 2
157 5
158 3
159 1
160 1
161 4
162 5
163 2
164 1
165 2
166 1
167 3
168 4
169 5
171 1
172 1
175 1
176 1
177 1
178 1
179 1
180 1
182 1
185 2
186 1
187 3
189 2
194 3
195 1
196 1
199 1
202 1
203 1
205 1
206 1
211 1
216 1
217 1
218 1
224 1
241 1
244 1
253 1
288 1
304 1
