50 3000 75
0 126385
1 198
2 122
3 94
4 74
5 68
6 61
7 48
8 39
9 49
10 55
11 35
12 46
13 42
14 45
15 42
16 37
17 32
18 22
19 30
20 44
21 30
22 28
23 35
24 34
25 40
26 30
27 32
28 29
29 46
30 35
31 36
32 33
33 29
34 26
35 27
36 35
37 25
38 29
39 25
40 20
41 24
42 31
43 31
44 22
45 28
46 26
47 25
48 24
49 22
50 25
51 24
52 18
53 27
54 34
55 19
56 23
57 24
58 23
59 14
60 19
61 21
62 21
63 19
64 14
65 22
66 15
67 22
68 13
69 15
70 22
71 22
72 16
73 19
74 13
75 13
76 22
77 4
78 15
79 12
80 9
81 13
82 17
83 14
84 13
85 14
86 6
87 7
88 11
89 16
90 13
91 8
92 12
93 13
94 15
95 15
96 8
97 14
98 15
99 13
100 5
101 10
102 9
103 11
104 12
105 6
106 14
107 6
108 6
109 7
110 10
111 5
112 6
113 5
114 5
115 6
116 7
117 6
118 6
119 4
120 7
121 7
122 4
123 2
124 7
125 6
126 8
127 5
128 5
129 6
130 5
131 4
132 2
133 5
134 3
135 6
136 4
137 4
138 3
139 4
140 4
141 7
142 4
143 2
144 5
146 4
148 5
149 4
150 3
151 3
152 2
153 3
154 2
155 3
156 1
157 5
158 4
159 6
160 3
161 3
162 4
164 3
165 3
166 3
167 4
168 1
169 2
170 1
171 3
176 3
178 1
179 2
180 1
181 1
182 2
183 2
185 2
187 2
188 3
189 1
190 2
191 1
192 1
193 1
194 1
195 2
196 1
198 2
199 1
200 1
202 1
204 1
205 2
210 1
213 1
217 1
218 1
223 1
225 1
227 1
231 1
232 1
234 1
235 1
248 1
250 1
304 1
310 1
