50 3000 75
0 126812
1 145
2 84
3 53
4 62
5 47
6 36
7 44
8 36
9 41
10 33
11 37
12 26
13 39
14 22
15 30
16 32
17 34
18 25
19 36
20 20
21 34
22 29
23 36
24 32
25 29
26 22
27 24
28 30
29 23
30 28
31 26
32 21
33 30
34 28
35 25
36 24
37 24
38 27
39 26
40 16
41 23
42 23
43 22
44 16
45 16
46 16
47 14
48 25
49 23
50 19
51 13
52 21
53 25
54 27
55 24
56 21
57 17
58 30
59 23
60 19
61 19
62 22
63 19
64 18
65 14
66 17
67 18
68 10
69 17
70 11
71 12
72 10
73 20
74 19
75 16
76 13
77 18
78 12
79 11
80 18
81 12
82 13
83 16
84 13
85 11
86 19
87 11
88 17
89 12
90 5
91 8
92 8
93 14
94 13
95 6
96 10
97 7
98 10
99 7
100 13
101 9
102 10
103 10
104 7
105 9
106 10
107 9
108 10
109 16
110 6
111 11
112 7
113 9
114 7
115 13
116 12
117 4
118 6
119 4
120 7
121 4
122 5
123 9
124 6
125 6
126 5
127 4
128 5
129 2
131 4
132 5
133 7
134 3
135 2
136 6
137 4
138 6
139 10
140 2
141 3
142 3
143 7
144 4
145 4
146 1
147 3
148 3
149 2
150 1
151 2
152 3
153 5
154 3
155 2
156 2
157 4
158 3
159 2
160 1
161 8
163 4
164 1
165 5
166 5
167 2
168 3
169 2
170 3
171 3
172 2
174 6
175 3
176 2
177 2
178 1
179 3
180 2
181 3
182 1
183 1
184 1
186 1
187 2
188 1
189 4
191 1
192 1
193 1
194 2
195 1
197 4
198 2
199 1
200 1
201 2
203 3
205 1
209 2
211 1
214 2
215 1
224 2
225 2
226 1
227 1
228 1
230 2
232 1
233 1
236 1
240 1
248 3
251 1
266 1
267 1
273 1
294 1
308 1
360 1
