50 3000 75
0 126621
1 160
2 96
3 75
4 55
5 81
6 42
7 45
8 41
9 34
10 52
11 41
12 35
13 46
14 22
15 31
16 43
17 27
18 27
19 40
20 40
21 19
22 24
23 27
24 32
25 34
26 33
27 31
28 24
29 31
30 27
31 33
32 18
33 31
34 32
35 29
36 38
37 29
38 19
39 23
40 31
41 23
42 21
43 19
44 25
45 21
46 25
47 23
48 26
49 19
50 21
51 19
52 21
53 22
54 22
55 25
56 11
57 17
58 23
59 18
60 23
61 20
62 22
63 25
64 13
65 16
66 24
67 14
68 21
69 26
70 10
71 13
72 18
73 20
74 15
75 17
76 19
77 12
78 10
79 15
80 21
81 13
82 9
83 12
84 8
85 10
86 13
87 7
88 7
89 13
90 14
91 11
92 15
93 9
94 13
95 14
96 11
97 13
98 10
99 8
100 15
101 8
102 8
103 10
104 10
105 10
106 9
107 7
108 5
109 9
110 5
111 8
112 9
113 4
114 11
115 10
116 7
117 4
118 5
119 5
120 8
121 11
122 4
123 6
124 7
125 6
126 5
127 5
128 4
129 2
130 7
131 6
132 5
133 4
134 4
135 5
136 7
137 6
138 3
139 5
140 4
141 3
142 5
143 4
144 5
145 3
146 3
147 5
148 2
149 2
150 2
151 1
152 2
153 4
156 3
157 2
158 2
159 3
160 3
161 1
162 4
163 5
164 2
165 2
167 4
168 1
169 2
170 4
171 2
173 2
174 3
175 2
176 7
177 1
178 3
179 2
180 2
181 1
182 1
183 3
184 2
185 1
186 2
187 1
188 1
190 2
191 1
192 1
193 1
194 2
195 1
197 2
198 1
199 2
200 1
201 2
204 1
208 1
209 2
210 1
211 1
212 1
214 2
220 1
225 1
228 1
231 1
233 1
234 2
235 1
242 1
243 1
251 1
252 1
262 1
276 1
314 1
330 1
