50 3000 75
0 111480
1 4191
2 2748
3 1898
4 1331
5 989
6 827
7 622
8 559
9 432
10 385
11 310
12 298
13 242
14 218
15 213
16 208
17 194
18 159
19 159
20 127
21 102
22 126
23 112
24 119
25 104
26 88
27 95
28 80
29 81
30 85
31 51
32 76
33 68
34 61
35 64
36 40
37 50
38 43
39 37
40 40
41 44
42 27
43 32
44 35
45 31
46 22
47 17
48 28
49 23
50 19
51 16
52 15
53 13
54 20
55 6
56 8
57 10
58 8
59 11
60 17
61 7
62 7
63 9
64 9
65 9
66 5
67 3
68 10
69 7
70 5
71 5
72 1
73 5
75 7
77 2
79 6
80 1
81 3
82 4
83 1
84 3
86 1
87 1
92 2
94 1
98 1
106 1
111 1
126 1
137 1
