50 3000 75
0 123311
1 1131
2 535
3 344
4 228
5 191
6 185
7 151
8 140
9 117
10 106
11 92
12 110
13 89
14 74
15 80
16 75
17 76
18 67
19 62
20 70
21 50
22 61
23 58
24 60
25 65
26 55
27 60
28 56
29 50
30 54
31 61
32 44
33 45
34 52
35 54
36 40
37 42
38 40
39 39
40 46
41 32
42 35
43 31
44 47
45 36
46 43
47 24
48 38
49 38
50 25
51 31
52 36
53 23
54 27
55 28
56 30
57 25
58 20
59 23
60 25
61 30
62 28
63 18
64 29
65 20
66 19
67 22
68 14
69 20
70 11
71 16
72 18
73 21
74 14
75 13
76 11
77 13
78 16
79 12
80 16
81 11
82 18
83 15
84 9
85 15
86 14
87 14
88 11
89 15
90 16
91 9
92 9
93 8
94 7
95 4
96 10
97 6
98 4
99 3
100 7
101 10
102 4
103 6
104 9
105 3
106 8
107 7
108 3
109 5
110 7
111 2
112 8
113 2
114 4
115 7
116 5
117 5
118 1
119 3
120 1
121 3
122 4
123 3
124 2
125 1
126 1
127 3
128 2
129 3
130 1
131 1
132 2
133 4
134 1
135 3
136 2
137 3
138 4
139 2
140 2
141 3
142 2
143 2
144 2
145 2
146 2
147 2
149 4
150 1
151 1
153 1
154 1
155 1
156 1
158 1
167 1
170 3
172 1
182 1
188 1
189 1
193 1
230 1
242 1
