50 3000 75
0 125324
1 445
2 283
3 162
4 113
5 117
6 99
7 92
8 80
9 65
10 73
11 44
12 64
13 67
14 52
15 53
16 53
17 50
18 54
19 50
20 64
21 40
22 45
23 32
24 43
25 43
26 36
27 51
28 37
29 30
30 43
31 37
32 56
33 38
34 34
35 43
36 40
37 31
38 42
39 33
40 29
41 38
42 25
43 36
44 34
45 30
46 37
47 25
48 36
49 38
50 27
51 23
52 20
53 22
54 30
55 22
56 29
57 27
58 23
59 21
60 27
61 25
62 25
63 22
64 25
65 16
66 21
67 8
68 17
69 11
70 16
71 19
72 13
73 21
74 16
75 21
76 12
77 14
78 14
79 10
80 14
81 18
82 15
83 15
84 10
85 16
86 13
87 11
88 9
89 11
90 13
91 17
92 10
93 14
94 13
95 12
96 12
97 10
98 9
99 7
100 9
101 10
102 7
103 5
104 6
105 8
106 8
107 9
108 10
109 8
110 7
111 10
112 7
113 4
114 4
115 6
116 1
117 5
118 11
119 4
120 4
121 3
122 6
123 9
124 3
125 3
126 3
127 3
128 5
129 3
130 8
131 1
133 1
134 2
135 2
136 5
137 3
138 3
139 3
140 4
141 2
142 2
143 4
144 5
145 2
146 3
147 4
148 6
149 3
150 3
151 3
152 5
153 2
154 2
156 3
157 2
158 1
159 1
160 1
161 1
162 2
164 2
165 1
167 1
170 1
171 1
172 1
173 1
175 2
176 4
178 1
179 1
181 1
182 1
188 1
190 1
192 1
195 1
197 1
199 1
203 1
207 1
216 1
224 1
225 1
261 1
284 1
