50 3000 75
0 126239
1 225
2 146
3 95
4 95
5 63
6 58
7 54
8 51
9 56
10 49
11 47
12 49
13 44
14 35
15 32
16 44
17 40
18 38
19 44
20 33
21 45
22 25
23 41
24 36
25 40
26 25
27 42
28 41
29 27
30 28
31 36
32 29
33 22
34 44
35 32
36 35
37 26
38 32
39 34
40 32
41 27
42 24
43 27
44 26
45 13
46 19
47 29
48 29
49 17
50 20
51 30
52 22
53 23
54 23
55 29
56 22
57 27
58 18
59 17
60 30
61 18
62 18
63 18
64 13
65 23
66 21
67 20
68 21
69 18
70 15
71 14
72 15
73 15
74 10
75 19
76 15
77 22
78 10
79 18
80 19
81 16
82 19
83 12
84 9
85 10
86 14
87 16
88 13
89 10
90 13
91 9
92 11
93 10
94 13
95 10
96 13
97 12
98 19
99 12
100 7
101 5
102 6
103 13
104 7
105 9
106 7
107 5
108 11
109 8
110 7
111 6
112 1
113 5
114 13
115 9
116 4
117 6
118 6
119 4
120 5
121 5
122 5
123 7
124 4
125 3
126 3
127 6
128 9
129 5
130 5
131 7
132 7
133 6
134 8
137 1
138 5
139 4
140 3
141 1
142 2
143 5
144 5
145 3
146 2
147 5
148 2
149 1
150 6
151 1
152 5
153 3
154 2
155 1
156 5
157 3
158 3
159 1
160 1
161 3
162 2
163 5
164 2
165 1
166 2
167 3
168 1
169 2
170 2
171 4
172 4
173 1
174 1
176 2
177 1
178 1
180 3
181 1
182 4
183 1
184 1
186 1
187 1
188 1
190 1
193 1
196 1
197 1
199 2
204 2
207 3
208 2
210 1
215 1
217 1
218 1
220 2
222 1
231 1
244 2
288 1
317 1
