50 3000 75
0 126720
1 160
2 92
3 61
4 56
5 45
6 46
7 53
8 48
9 41
10 26
11 30
12 34
13 38
14 42
15 22
16 27
17 29
18 29
19 36
20 32
21 31
22 29
23 28
24 33
25 24
26 39
27 30
28 28
29 38
30 25
31 24
32 29
33 24
34 18
35 19
36 26
37 23
38 27
39 35
40 29
41 25
42 17
43 20
44 13
45 20
46 26
47 20
48 26
49 20
50 29
51 21
52 20
53 11
54 24
55 22
56 24
57 20
58 22
59 16
60 25
61 18
62 19
63 23
64 11
65 15
66 23
67 24
68 18
69 16
70 10
71 23
72 13
73 15
74 11
75 11
76 17
77 18
78 11
79 13
80 11
81 12
82 18
83 17
84 11
85 11
86 8
87 14
88 16
89 11
90 11
91 12
92 13
93 10
94 16
95 8
96 5
97 10
98 12
99 14
100 10
101 10
102 6
103 7
104 4
105 9
106 16
107 7
108 9
110 7
111 9
112 9
113 17
114 13
115 6
116 6
117 8
118 8
119 8
120 3
121 7
122 4
123 4
124 6
125 5
126 3
127 6
128 5
129 9
130 7
131 4
132 5
133 5
134 3
135 9
136 3
137 1
138 3
139 5
140 4
141 5
142 3
143 2
144 4
145 2
146 2
147 2
148 2
149 4
151 6
152 3
153 4
154 4
155 3
156 2
157 2
158 7
159 2
160 5
161 1
162 4
163 1
164 3
165 1
166 2
167 4
168 1
169 2
170 3
171 2
172 1
173 4
174 2
175 3
176 2
177 4
178 1
179 1
180 1
181 1
182 1
183 2
184 3
186 1
187 2
189 2
192 3
193 3
194 2
195 1
196 2
197 1
200 1
201 1
203 1
204 1
205 1
206 1
207 2
209 1
211 1
212 1
213 2
214 2
215 1
220 1
225 1
226 1
227 3
231 1
232 1
238 2
246 1
247 1
248 2
250 1
252 1
272 1
305 1
313 1
346 1
