50 3000 75
0 120032
1 2256
2 1146
3 647
4 444
5 368
6 290
7 254
8 215
9 206
10 147
11 159
12 163
13 128
14 140
15 96
16 106
17 107
18 98
19 83
20 86
21 75
22 94
23 75
24 63
25 72
26 78
27 72
28 63
29 90
30 53
31 56
32 62
33 50
34 59
35 51
36 50
37 47
38 64
39 45
40 48
41 53
42 38
43 47
44 43
45 47
46 39
47 31
48 37
49 34
50 35
51 30
52 26
53 31
54 21
55 25
56 25
57 23
58 20
59 22
60 27
61 24
62 20
63 22
64 24
65 15
66 15
67 12
68 18
69 19
70 10
71 23
72 11
73 13
74 12
75 20
76 9
77 11
78 17
79 12
80 10
81 12
82 15
83 8
84 9
85 6
86 5
87 6
88 11
89 2
90 6
91 7
92 4
93 9
94 13
95 2
96 6
97 3
98 3
99 5
100 5
101 4
102 7
104 2
105 4
106 1
107 7
108 6
109 3
110 1
111 5
112 2
113 3
114 2
115 1
116 1
117 1
118 2
119 5
120 1
122 2
123 3
124 1
125 2
128 1
130 6
131 1
133 1
134 1
139 1
141 1
142 2
145 1
147 1
150 1
156 1
162 1
184 1
193 1
