50 3000 75
0 118434
1 2666
2 1456
3 894
4 618
5 437
6 344
7 290
8 248
9 245
10 210
11 189
12 165
13 197
14 151
15 115
16 127
17 108
18 118
19 105
20 94
21 80
22 92
23 86
24 80
25 74
26 67
27 81
28 85
29 63
30 73
31 58
32 62
33 61
34 56
35 66
36 56
37 56
38 45
39 49
40 43
41 46
42 54
43 39
44 44
45 30
46 42
47 33
48 34
49 30
50 41
51 37
52 20
53 25
54 31
55 25
56 27
57 22
58 20
59 32
60 18
61 17
62 21
63 21
64 11
65 15
66 11
67 12
68 11
69 16
70 18
71 16
72 15
73 16
74 12
75 16
76 11
77 13
78 8
79 9
80 6
81 9
82 7
83 4
84 6
85 7
86 9
87 6
88 6
89 3
90 7
91 6
92 9
93 5
94 3
95 3
96 6
97 3
98 4
99 1
100 3
101 3
102 4
103 2
104 3
105 3
106 3
107 1
108 2
109 5
110 5
111 1
112 1
113 2
114 2
115 1
116 3
117 1
118 2
120 1
123 1
127 2
129 2
130 1
131 2
141 1
166 1
169 1
189 1
