50 3000 75
0 126492
1 190
2 122
3 78
4 59
5 66
6 47
7 58
8 53
9 41
10 43
11 41
12 36
13 42
14 34
15 29
16 42
17 27
18 30
19 32
20 36
21 35
22 36
23 33
24 32
25 30
26 33
27 34
28 26
29 34
30 40
31 19
32 28
33 24
34 40
35 27
36 34
37 26
38 23
39 31
40 32
41 24
42 16
43 20
44 21
45 27
46 26
47 28
48 23
49 26
50 34
51 15
52 14
53 21
54 25
55 19
56 32
57 15
58 18
59 22
60 20
61 19
62 22
63 19
64 15
65 17
66 17
67 18
68 18
69 12
70 18
71 17
72 16
73 17
74 19
75 16
76 13
77 13
78 13
79 18
80 12
81 20
82 11
83 8
84 12
85 19
86 14
87 15
88 13
89 6
90 9
91 13
92 8
93 10
94 11
95 13
96 11
97 9
98 10
99 13
100 11
101 13
102 15
103 12
104 15
105 6
106 13
107 6
108 6
109 6
110 4
111 6
112 6
113 8
114 6
115 8
116 5
117 5
118 4
119 6
120 8
121 8
122 7
123 3
124 4
125 2
126 9
127 4
128 4
129 2
130 4
131 12
132 8
133 6
134 4
135 1
136 2
137 4
138 5
139 6
140 6
141 6
142 4
143 4
144 2
145 2
146 1
147 3
148 3
149 5
150 3
151 1
152 1
153 3
154 4
155 3
156 5
157 2
158 4
159 2
160 4
161 2
162 5
163 2
165 2
166 2
167 2
168 4
169 1
170 1
171 1
172 1
173 4
174 1
175 1
176 2
177 1
178 3
179 4
181 3
182 1
183 2
185 2
186 2
187 1
188 1
189 1
190 1
191 1
193 2
196 1
197 2
198 1
199 1
202 1
204 1
205 1
208 1
209 1
212 1
213 2
214 1
215 2
216 1
224 1
225 1
227 1
231 1
238 1
240 2
243 1
244 1
246 1
271 1
301 1
330 1
