50 3000 75
0 125873
1 302
2 184
3 134
4 93
5 88
6 87
7 70
8 58
9 49
10 55
11 54
12 55
13 44
14 51
15 57
16 47
17 47
18 31
19 49
20 40
21 38
22 39
23 36
24 33
25 39
26 34
27 38
28 48
29 34
30 35
31 41
32 40
33 30
34 33
35 29
36 32
37 34
38 31
39 35
40 33
41 24
42 46
43 32
44 25
45 36
46 39
47 23
48 23
49 29
50 16
51 25
52 28
53 24
54 21
55 28
56 26
57 21
58 16
59 25
60 15
61 26
62 12
63 17
64 24
65 24
66 22
67 17
68 33
69 16
70 11
71 23
72 16
73 18
74 16
75 13
76 16
77 12
78 13
79 23
80 13
81 16
82 11
83 5
84 13
85 14
86 14
87 4
88 11
89 11
90 12
91 13
92 20
93 9
94 6
95 17
96 12
97 12
98 2
99 18
100 14
101 13
102 4
103 10
104 8
105 8
106 8
107 9
108 7
109 3
110 7
111 6
112 10
113 5
114 3
115 9
116 6
117 10
118 8
119 2
120 6
121 6
122 4
123 6
124 4
125 6
126 2
127 4
128 8
129 4
130 7
131 2
132 1
133 5
134 3
135 3
137 3
138 3
139 4
140 5
141 4
142 3
143 5
144 5
145 2
146 2
147 3
148 1
149 4
150 4
151 3
152 2
153 2
154 5
155 1
156 2
157 1
158 1
159 2
160 2
161 2
162 1
163 1
164 3
165 1
167 4
168 3
169 2
170 2
171 1
172 3
174 3
177 3
178 2
179 4
183 1
185 1
186 1
188 1
189 3
193 1
195 1
196 2
199 1
202 1
212 1
225 1
229 1
234 1
235 1
238 1
290 1
293 1
