50 3000 75
0 123988
1 880
2 430
3 268
4 227
5 176
6 149
7 123
8 130
9 107
10 107
11 88
12 70
13 84
14 57
15 63
16 63
17 65
18 62
19 64
20 52
21 74
22 52
23 68
24 53
25 57
26 44
27 43
28 45
29 51
30 49
31 53
32 43
33 49
34 38
35 55
36 50
37 33
38 42
39 35
40 36
41 34
42 53
43 44
44 31
45 32
46 36
47 41
48 32
49 38
50 33
51 20
52 25
53 28
54 29
55 24
56 31
57 30
58 24
59 21
60 22
61 17
62 23
63 20
64 23
65 21
66 18
67 19
68 17
69 11
70 14
71 17
72 23
73 19
74 22
75 14
76 10
77 11
78 17
79 16
80 16
81 12
82 12
83 16
84 21
85 13
86 9
87 17
88 7
89 11
90 9
91 8
92 12
93 8
94 11
95 7
96 12
97 10
98 9
99 4
100 8
101 11
102 10
103 9
104 2
105 9
106 7
107 3
108 7
109 4
110 3
111 7
112 7
113 3
114 2
115 8
116 2
117 10
118 4
119 1
120 4
121 6
122 3
123 1
124 3
125 6
126 6
127 5
128 5
129 1
130 4
132 2
133 2
134 2
135 1
136 2
137 3
138 3
139 4
140 3
141 4
142 1
144 2
145 1
146 1
147 1
148 1
149 1
150 2
152 2
153 4
154 2
155 1
156 1
157 1
158 1
159 2
162 1
163 1
165 1
168 1
170 1
172 1
174 1
176 1
178 1
179 1
182 1
196 1
209 1
240 1
252 1
