50 3000 75
0 125607
1 399
2 219
3 127
4 113
5 86
6 103
7 86
8 66
9 65
10 67
11 52
12 54
13 54
14 50
15 35
16 52
17 44
18 56
19 50
20 40
21 45
22 49
23 40
24 38
25 34
26 39
27 22
28 38
29 43
30 29
31 30
32 40
33 51
34 37
35 37
36 43
37 44
38 34
39 42
40 36
41 24
42 36
43 30
44 44
45 28
46 26
47 18
48 23
49 24
50 28
51 18
52 34
53 31
54 26
55 16
56 33
57 29
58 26
59 27
60 9
61 26
62 23
63 23
64 20
65 15
66 14
67 21
68 20
69 21
70 20
71 19
72 21
73 19
74 18
75 10
76 18
77 11
78 14
79 14
80 13
81 11
82 11
83 13
84 14
85 13
86 8
87 12
88 9
89 17
90 11
91 18
92 14
93 11
94 10
95 10
96 8
97 9
98 7
99 10
100 9
101 11
102 9
103 10
104 15
105 10
106 3
107 7
108 8
109 11
110 8
111 4
112 6
113 9
114 6
115 1
116 7
117 3
118 7
119 7
120 7
121 11
122 4
123 4
124 4
125 6
126 1
127 1
128 2
129 6
130 3
131 4
132 2
133 5
134 2
135 4
136 3
137 3
138 2
139 4
140 2
141 1
142 2
143 2
144 3
145 7
146 5
147 5
148 1
149 4
150 1
151 3
152 3
153 2
154 4
155 1
156 1
157 2
158 1
159 2
160 5
161 4
162 2
163 1
164 1
165 4
166 4
169 1
171 2
172 1
173 2
174 1
175 1
179 1
181 1
182 3
184 2
187 1
188 1
189 1
194 1
197 1
200 2
203 1
204 1
209 1
220 1
225 1
273 1
288 1
