50 3000 75
0 126904
1 120
2 72
3 70
4 48
5 47
6 43
7 34
8 31
9 32
10 32
11 32
12 31
13 31
14 36
15 30
16 32
17 26
18 19
19 26
20 29
21 36
22 29
23 29
24 24
25 27
26 36
27 18
28 25
29 20
30 27
31 16
32 32
33 26
34 22
35 17
36 30
37 22
38 21
39 28
40 24
41 16
42 17
43 20
44 25
45 23
46 14
47 25
48 21
49 18
50 26
51 17
52 22
53 18
54 18
55 24
56 21
57 22
58 20
59 11
60 16
61 18
62 20
63 14
64 20
65 22
66 15
67 15
68 18
69 23
70 19
71 17
72 15
73 13
74 15
75 11
76 14
77 10
78 15
79 14
80 13
81 8
82 13
83 14
84 14
85 15
86 23
87 11
88 18
89 9
90 13
91 15
92 11
93 10
94 8
95 9
96 8
97 12
98 3
99 6
100 10
101 7
102 12
103 7
104 8
105 6
106 8
107 16
108 5
109 8
110 6
111 7
112 12
113 12
114 9
115 5
116 6
117 4
118 6
119 8
120 8
121 3
122 9
123 7
124 6
125 6
126 6
127 2
128 5
129 6
130 7
131 4
132 3
133 1
134 2
135 6
136 9
137 3
138 8
139 2
140 9
141 9
142 3
143 4
144 2
145 2
146 2
147 4
148 2
149 4
150 5
151 1
152 6
153 3
154 3
155 4
156 3
157 4
158 6
159 3
160 4
161 1
162 2
163 2
164 2
165 7
167 5
168 3
171 1
172 1
173 4
174 2
175 3
176 2
177 6
178 2
179 2
180 5
181 1
182 2
187 2
188 1
189 3
190 1
192 2
193 3
194 5
196 1
199 3
201 3
202 1
203 1
204 1
205 1
206 2
207 2
209 1
210 1
211 1
212 1
213 1
214 3
215 1
216 1
218 1
222 1
228 2
230 1
237 1
238 1
243 1
244 1
246 2
247 2
249 1
255 1
269 1
270 1
280 1
320 1
327 1
367 1
