100 4000 50
0 297862
1 197
2 543
3 983
4 1315
5 1752
6 2153
7 2098
8 2222
9 2228
10 2075
11 1922
12 1824
13 1590
14 1413
15 1258
16 1032
17 953
18 857
19 721
20 629
21 531
22 478
23 400
24 343
25 261
26 280
27 219
28 211
29 160
30 150
31 133
32 103
33 83
34 85
35 72
36 66
37 40
38 46
39 45
40 21
41 28
42 32
43 19
44 22
45 19
46 15
47 13
48 12
49 4
50 13
51 14
52 9
53 7
54 7
55 7
56 10
57 4
58 5
59 8
60 10
61 5
62 4
63 4
64 4
65 1
66 7
67 2
68 5
69 1
70 1
71 4
72 2
73 1
74 4
75 2
78 3
79 1
80 3
82 1
83 1
84 3
85 2
87 1
88 1
89 1
91 1
98 1
99 1
101 1
102 1
104 1
105 1
106 1
114 1
120 1
121 1
127 1
128 1
134 1
135 1
137 1
141 1
162 1
164 1
180 1
185 1
186 1
213 1
282 1
305 1
317 1
334 1
