100 4000 50
0 301078
1 124
2 347
3 617
4 996
5 1277
6 1652
7 1878
8 1858
9 1801
10 1835
11 1781
12 1599
13 1542
14 1349
15 1259
16 1098
17 986
18 784
19 757
20 616
21 581
22 455
23 400
24 353
25 302
26 289
27 260
28 210
29 167
30 149
31 131
32 113
33 102
34 97
35 73
36 76
37 58
38 62
39 44
40 41
41 38
42 40
43 32
44 25
45 14
46 23
47 19
48 17
49 14
50 11
51 15
52 19
53 11
54 8
55 9
56 10
57 13
58 4
59 8
60 9
61 4
62 6
63 2
64 8
65 4
66 7
67 4
68 3
69 2
70 4
71 5
72 1
73 4
74 2
75 6
76 1
77 2
78 3
79 2
81 2
82 1
83 1
84 1
85 1
88 1
89 1
90 2
91 3
92 1
95 1
96 2
98 1
99 1
108 2
110 1
111 1
112 1
113 2
116 2
119 2
121 2
122 1
123 1
124 2
127 1
128 1
130 1
131 1
134 1
135 2
137 1
141 1
142 1
147 1
149 1
151 3
155 1
159 1
161 1
165 1
167 1
168 1
170 1
172 1
174 2
175 1
181 1
193 1
196 1
207 1
209 1
210 1
213 1
219 1
222 1
230 1
233 2
236 1
241 1
242 1
243 1
248 1
249 1
251 1
254 1
255 1
267 1
278 1
280 1
292 1
297 1
317 1
328 1
334 1
339 1
345 1
388 1
392 1
434 1
463 1
