100 4000 50
0 300581
1 129
2 364
3 658
4 1062
5 1377
6 1687
7 1887
8 1885
9 1869
10 1922
11 1807
12 1671
13 1509
14 1412
15 1201
16 1141
17 892
18 808
19 720
20 627
21 548
22 486
23 420
24 365
25 334
26 269
27 241
28 224
29 158
30 166
31 151
32 126
33 109
34 88
35 65
36 59
37 63
38 57
39 43
40 34
41 33
42 41
43 27
44 28
45 20
46 19
47 23
48 15
49 14
50 21
51 14
52 18
53 9
54 13
55 10
56 8
57 4
58 5
59 9
60 9
61 3
62 5
63 5
64 4
65 6
66 5
67 5
68 2
69 7
70 4
71 2
72 4
74 1
75 2
76 3
77 3
78 2
79 2
80 3
81 1
82 1
83 1
84 1
85 3
86 1
89 1
90 1
91 3
92 1
93 2
95 1
96 1
99 1
100 1
102 1
104 3
109 2
110 1
111 1
112 2
117 1
123 1
125 2
126 1
131 1
134 1
137 1
139 1
145 2
146 1
149 1
158 3
170 1
173 1
174 1
179 1
180 1
182 1
185 1
194 1
197 1
203 1
216 1
223 1
224 1
225 1
227 2
232 1
233 1
238 1
249 1
261 1
263 1
267 1
273 1
279 1
291 1
299 1
303 1
315 1
331 1
339 1
362 1
418 1
435 1
