100 4000 50
0 294973
1 284
2 763
3 1245
4 1749
5 2225
6 2371
7 2631
8 2569
9 2449
10 2192
11 2196
12 1915
13 1730
14 1465
15 1300
16 1069
17 962
18 833
19 700
20 605
21 527
22 421
23 374
24 311
25 261
26 240
27 200
28 165
29 135
30 118
31 89
32 80
33 68
34 54
35 56
36 50
37 37
38 37
39 32
40 17
41 21
42 21
43 19
44 10
45 12
46 14
47 7
48 10
49 5
50 13
51 3
52 5
53 9
54 2
55 5
56 2
57 1
58 3
59 1
60 3
61 2
62 2
63 2
64 2
66 1
67 1
69 1
71 3
72 1
73 2
74 1
75 1
77 1
78 1
80 3
81 1
82 1
84 1
86 1
95 1
97 1
99 1
103 1
118 1
119 1
129 2
148 1
197 1
206 1
