100 4000 50
0 301551
1 115
2 294
3 595
4 942
5 1276
6 1598
7 1748
8 1810
9 1760
10 1848
11 1746
12 1615
13 1502
14 1332
15 1201
16 1077
17 961
18 859
19 666
20 634
21 528
22 488
23 428
24 359
25 345
26 271
27 228
28 230
29 199
30 160
31 127
32 125
33 118
34 94
35 76
36 73
37 60
38 62
39 52
40 47
41 38
42 32
43 28
44 30
45 21
46 17
47 20
48 20
49 15
50 9
51 18
52 15
53 9
54 11
55 8
56 10
57 7
59 3
60 4
61 7
62 6
63 4
64 3
65 7
66 2
67 7
68 6
69 2
70 6
71 2
72 5
73 3
74 3
75 3
76 2
77 5
78 2
79 2
80 4
81 2
82 2
84 5
85 4
86 4
87 1
88 1
90 1
92 1
93 1
94 1
96 2
99 1
100 1
101 1
105 1
107 2
116 1
117 1
118 1
122 2
123 1
124 1
125 1
128 1
131 2
134 1
135 1
137 2
138 1
144 1
148 1
150 1
151 1
153 2
159 1
160 1
163 1
164 2
166 1
175 2
177 1
179 1
181 1
183 1
186 1
189 1
191 1
192 1
199 1
203 1
213 2
227 2
228 1
229 1
230 1
232 1
242 1
244 1
247 1
253 1
254 1
256 1
260 1
270 1
276 1
280 1
282 1
286 1
290 1
295 1
300 2
305 1
307 1
308 1
312 1
313 1
340 1
343 1
352 1
356 1
380 1
420 1
454 1
