100 4000 50
0 301996
1 113
2 316
3 597
4 903
5 1186
6 1501
7 1659
8 1837
9 1773
10 1774
11 1715
12 1603
13 1401
14 1335
15 1164
16 1062
17 935
18 845
19 698
20 631
21 540
22 498
23 386
24 384
25 321
26 292
27 271
28 192
29 211
30 162
31 133
32 135
33 120
34 105
35 74
36 81
37 81
38 46
39 59
40 39
41 41
42 38
43 38
44 29
45 21
46 14
47 18
48 15
49 12
50 18
51 14
52 11
53 10
54 7
55 6
56 12
57 8
58 6
59 9
60 6
61 8
62 9
63 4
64 4
65 4
66 3
67 4
68 5
69 4
70 2
71 1
72 4
73 2
74 2
75 6
76 3
77 6
78 2
80 1
81 1
82 1
84 4
85 1
86 2
87 3
88 2
89 2
90 1
91 3
92 4
93 2
94 2
97 1
98 1
99 1
100 1
101 2
105 1
111 1
112 1
114 2
115 2
116 1
120 2
122 1
124 1
126 1
128 1
130 1
131 2
132 1
135 1
137 1
144 1
145 1
146 2
148 1
156 1
158 1
159 1
162 1
165 1
167 1
168 1
176 1
177 1
178 1
181 1
182 1
183 1
185 1
191 1
192 1
196 1
197 1
199 1
202 1
205 1
207 1
209 1
211 1
212 1
213 1
217 1
218 1
221 1
225 2
229 1
253 1
254 1
255 2
261 1
265 1
275 1
276 1
277 2
289 1
291 1
294 1
296 1
297 3
298 1
299 2
303 1
306 1
316 1
318 2
319 1
327 1
361 1
384 1
456 1
499 1
