100 4000 50
0 302402
1 88
2 284
3 539
4 852
5 1199
6 1483
7 1604
8 1728
9 1786
10 1738
11 1698
12 1572
13 1439
14 1255
15 1213
16 1078
17 953
18 800
19 753
20 632
21 534
22 468
23 430
24 374
25 303
26 307
27 253
28 220
29 149
30 148
31 149
32 123
33 115
34 86
35 74
36 77
37 69
38 56
39 39
40 48
41 43
42 37
43 41
44 30
45 24
46 22
47 17
48 22
49 17
50 15
51 16
52 12
53 7
54 12
55 12
56 11
57 11
58 8
59 5
60 7
61 5
62 5
63 9
64 4
65 8
66 5
67 5
68 1
69 4
70 5
71 3
72 2
73 9
74 2
75 4
76 3
77 1
78 5
79 2
80 2
81 1
82 2
83 3
84 4
85 1
86 4
88 1
89 1
91 3
93 2
94 3
97 1
99 1
100 1
102 1
103 1
104 1
106 2
107 1
108 3
109 1
110 1
111 1
114 2
115 1
116 1
118 3
123 1
124 1
129 2
132 1
133 2
143 1
145 2
151 1
154 2
155 1
156 3
157 1
161 1
163 1
164 2
165 2
167 1
169 1
170 1
174 1
179 1
185 3
186 1
189 1
191 1
202 1
203 1
208 1
211 2
222 2
223 1
230 2
231 1
232 2
241 1
244 1
247 1
249 1
259 2
261 1
263 1
265 2
277 1
281 1
284 1
287 2
288 1
292 1
299 1
300 1
306 1
307 1
309 1
310 1
311 1
316 1
317 1
324 1
326 1
328 1
333 1
340 1
358 1
359 1
380 1
431 1
448 1
491 1
