100 4000 50
0 303405
1 74
2 232
3 463
4 773
5 1023
6 1295
7 1515
8 1687
9 1720
10 1736
11 1633
12 1530
13 1383
14 1324
15 1127
16 1080
17 947
18 818
19 696
20 602
21 511
22 483
23 444
24 340
25 328
26 277
27 237
28 194
29 175
30 188
31 131
32 140
33 114
34 98
35 68
36 54
37 65
38 54
39 53
40 40
41 50
42 30
43 31
44 36
45 26
46 33
47 20
48 14
49 12
50 20
51 27
52 14
53 17
54 10
55 11
56 14
57 11
58 7
59 9
60 5
61 11
62 8
63 4
64 3
65 9
66 5
67 5
68 5
69 2
70 3
71 5
72 3
73 5
74 2
75 5
76 5
77 3
78 3
79 2
80 7
81 6
82 2
83 1
84 7
85 1
86 2
87 2
88 2
89 2
90 2
92 1
93 1
94 1
95 2
96 1
97 2
98 2
99 1
100 1
101 1
102 1
103 1
104 1
105 1
106 2
107 1
109 1
112 1
113 1
114 1
115 1
117 2
118 1
120 1
123 1
124 1
126 1
127 1
128 2
129 1
133 1
134 1
135 1
136 1
138 1
140 1
143 1
146 1
150 2
151 1
152 1
165 1
172 1
173 1
177 2
180 1
185 1
187 2
190 1
201 1
206 1
213 1
214 1
217 1
221 1
225 1
234 2
235 1
237 2
239 1
240 1
245 2
248 2
250 1
252 1
255 1
257 1
261 1
263 1
265 1
266 1
267 1
270 1
274 1
275 2
284 1
285 1
287 1
288 2
289 1
303 2
308 1
310 1
312 1
319 1
320 1
325 1
332 1
339 1
342 1
344 1
345 1
349 1
354 1
355 1
358 1
367 1
373 1
375 1
383 1
395 1
396 1
401 1
413 1
420 1
432 1
436 1
442 1
449 1
452 1
463 1
