100 4000 50
0 296061
1 265
2 663
3 1165
4 1635
5 2004
6 2252
7 2391
8 2421
9 2376
10 2206
11 1990
12 1918
13 1632
14 1462
15 1297
16 1123
17 991
18 828
19 719
20 638
21 512
22 416
23 390
24 339
25 264
26 221
27 214
28 171
29 142
30 118
31 101
32 120
33 81
34 72
35 63
36 45
37 61
38 34
39 37
40 26
41 28
42 18
43 24
44 16
45 13
46 9
47 16
48 7
49 9
50 6
51 9
52 7
53 4
54 9
55 2
56 2
57 2
58 3
59 6
60 4
62 2
63 1
65 3
66 2
67 2
68 1
69 1
70 1
72 1
73 2
74 1
75 2
76 2
78 1
81 1
82 1
84 1
85 1
87 1
94 1
97 1
98 1
100 1
101 1
109 1
112 1
116 2
128 1
134 1
143 1
162 1
174 1
185 1
191 1
230 1
250 1
