100 4000 50
0 303085
1 73
2 239
3 519
4 810
5 1140
6 1364
7 1533
8 1605
9 1759
10 1602
11 1691
12 1563
13 1371
14 1315
15 1165
16 1040
17 913
18 827
19 723
20 672
21 536
22 495
23 407
24 397
25 318
26 274
27 266
28 218
29 189
30 170
31 131
32 115
33 114
34 100
35 78
36 68
37 63
38 52
39 51
40 43
41 45
42 39
43 29
44 33
45 25
46 30
47 19
48 21
49 20
50 17
51 9
52 14
53 9
54 12
55 14
56 8
57 8
58 10
59 13
60 7
61 7
62 7
63 6
64 4
65 4
66 8
67 4
68 1
69 2
70 4
71 3
72 7
73 1
74 4
75 4
76 2
77 5
78 5
79 4
80 4
81 2
82 3
84 1
85 1
87 4
88 1
89 5
91 1
92 1
93 4
95 2
96 1
101 5
102 1
103 1
104 1
105 1
106 1
107 1
108 1
109 1
111 1
112 1
114 1
117 2
119 1
120 1
121 1
124 1
125 1
127 1
134 1
135 3
136 1
137 1
140 1
141 1
147 1
148 1
160 1
163 1
166 2
167 1
168 1
171 1
172 2
174 1
178 1
179 1
182 1
188 2
190 1
196 1
197 2
198 1
200 1
204 1
211 1
212 1
216 1
217 1
221 1
222 1
224 1
225 1
227 1
231 1
232 1
233 1
236 1
239 2
240 1
245 1
247 1
254 2
256 1
261 1
262 1
263 2
264 1
268 1
269 1
272 1
273 1
278 1
280 2
284 1
292 1
297 1
300 1
315 1
316 1
319 1
328 2
337 1
343 1
348 1
354 1
359 1
361 1
368 1
377 1
379 1
380 1
384 1
391 1
397 1
428 1
458 1
459 1
492 1
