100 4000 50
0 299390
1 160
2 463
3 827
4 1149
5 1592
6 1824
7 1978
8 1982
9 2111
10 1951
11 1865
12 1700
13 1519
14 1350
15 1167
16 1093
17 968
18 863
19 766
20 625
21 587
22 448
23 468
24 354
25 315
26 247
27 248
28 192
29 166
30 146
31 128
32 130
33 93
34 64
35 86
36 67
37 50
38 54
39 37
40 45
41 34
42 37
43 29
44 25
45 17
46 22
47 16
48 17
49 14
50 13
51 14
52 12
53 13
54 10
55 11
56 12
57 4
58 5
59 6
60 7
61 3
62 5
63 3
64 7
65 2
66 4
67 1
68 5
69 3
70 5
71 2
72 3
73 1
75 1
76 3
77 4
78 1
79 1
80 1
81 1
82 2
83 3
85 1
87 1
89 1
91 2
93 2
94 1
97 1
99 1
102 1
103 3
107 2
109 2
110 1
111 1
114 1
115 1
116 1
124 1
125 1
130 1
131 1
136 1
137 1
138 1
139 1
141 1
142 1
147 2
155 1
156 1
162 1
164 1
167 1
168 1
177 1
188 1
204 1
210 1
216 1
232 1
242 1
259 1
267 1
277 1
279 1
299 1
309 1
351 1
357 1
