100 4000 50
0 298653
1 158
2 468
3 853
4 1320
5 1705
6 1969
7 2080
8 2079
9 2126
10 1996
11 1868
12 1814
13 1585
14 1417
15 1241
16 1080
17 951
18 829
19 711
20 668
21 522
22 491
23 362
24 333
25 257
26 280
27 256
28 190
29 146
30 143
31 143
32 96
33 101
34 73
35 80
36 60
37 58
38 43
39 46
40 36
41 36
42 28
43 27
44 22
45 19
46 15
47 26
48 10
49 17
50 7
51 19
52 7
53 10
54 15
55 12
56 6
57 10
59 10
60 10
61 4
62 7
63 7
64 4
65 3
66 4
67 2
68 4
69 2
70 1
71 3
72 2
74 2
75 3
76 3
77 2
78 2
79 3
80 1
81 1
83 2
85 1
87 1
90 2
91 1
93 2
94 1
96 1
98 3
101 2
102 1
105 1
107 1
110 1
112 1
116 2
119 1
120 1
124 1
125 2
126 1
130 1
135 1
139 1
140 1
144 1
149 1
160 1
169 1
183 1
186 1
192 2
198 1
221 1
226 1
230 2
239 1
278 1
311 1
399 1
