100 4000 50
0 300039
1 136
2 379
3 755
4 1129
5 1413
6 1711
7 1990
8 1953
9 2035
10 1896
11 1756
12 1709
13 1445
14 1406
15 1287
16 1077
17 906
18 863
19 739
20 657
21 548
22 508
23 400
24 370
25 336
26 247
27 266
28 198
29 169
30 138
31 117
32 110
33 113
34 98
35 87
36 75
37 56
38 51
39 55
40 37
41 35
42 31
43 29
44 28
45 22
46 22
47 17
48 15
49 15
50 13
51 13
52 6
53 11
54 12
55 7
56 10
57 6
58 7
59 7
60 3
61 2
62 2
63 7
64 5
65 5
66 5
67 3
68 10
69 3
70 6
71 4
72 1
74 2
76 3
79 4
81 1
82 2
83 1
84 2
85 2
87 1
88 1
91 3
92 2
93 2
94 1
95 2
103 1
104 1
108 1
109 2
112 1
114 1
116 1
118 1
119 1
120 1
125 1
132 1
134 1
135 1
136 1
137 1
140 1
141 1
144 2
150 2
153 1
158 1
164 2
166 1
167 1
168 1
176 1
180 1
181 1
193 1
196 1
207 1
213 1
216 1
229 1
235 1
243 2
266 1
271 1
285 2
303 1
307 1
313 1
314 1
315 1
466 1
