100 4000 50
0 296997
1 217
2 573
3 1031
4 1522
5 1954
6 2215
7 2269
8 2221
9 2301
10 2160
11 1962
12 1786
13 1628
14 1473
15 1319
16 1109
17 943
18 779
19 749
20 568
21 545
22 464
23 407
24 344
25 288
26 223
27 230
28 158
29 158
30 126
31 121
32 89
33 93
34 65
35 60
36 72
37 62
38 33
39 44
40 37
41 36
42 30
43 15
44 19
45 14
46 21
47 22
48 10
49 9
50 11
51 8
52 8
53 7
54 6
55 6
56 10
57 3
58 4
59 5
60 4
61 4
62 2
63 3
64 1
65 1
66 1
67 3
69 1
70 2
71 2
72 1
74 2
76 2
79 3
81 3
84 2
85 1
86 1
92 1
96 1
97 2
98 1
104 1
105 1
107 1
112 1
114 1
119 1
125 1
136 1
139 2
150 1
155 1
168 1
176 2
180 1
210 1
255 1
271 1
304 1
