100 3000 50
0 238536
1 64
2 173
3 314
4 533
5 732
6 970
7 1061
8 1250
9 1278
10 1323
11 1297
12 1224
13 1170
14 1048
15 991
16 883
17 790
18 714
19 612
20 569
21 515
22 408
23 380
24 342
25 297
26 243
27 209
28 184
29 154
30 126
31 114
32 90
33 85
34 78
35 62
36 52
37 57
38 50
39 36
40 32
41 28
42 25
43 21
44 16
45 17
46 11
47 9
48 11
49 7
50 9
51 15
52 6
53 9
54 6
55 5
56 5
57 5
58 4
59 3
60 4
61 4
63 3
64 3
65 5
66 2
67 1
68 1
69 1
70 1
71 1
72 2
73 1
74 1
75 2
78 1
81 1
83 1
87 1
88 2
89 1
90 1
91 2
93 1
94 1
97 1
99 1
105 1
111 1
112 1
124 1
126 1
138 2
146 1
147 3
151 1
159 1
163 1
195 1
215 1
