100 3000 50
0 236517
1 71
2 247
3 472
4 742
5 1011
6 1280
7 1488
8 1525
9 1526
10 1498
11 1497
12 1340
13 1258
14 1107
15 1037
16 896
17 765
18 689
19 613
20 559
21 439
22 406
23 346
24 251
25 243
26 202
27 182
28 145
29 137
30 106
31 74
32 81
33 82
34 66
35 62
36 37
37 38
38 38
39 32
40 15
41 18
42 19
43 17
44 11
45 18
46 12
47 13
48 7
49 1
50 8
51 10
52 4
53 5
54 4
55 4
57 1
58 3
59 3
60 3
61 3
62 2
63 3
65 1
66 1
67 1
68 3
70 2
71 2
72 2
75 1
77 2
86 1
89 1
91 2
92 1
93 2
94 1
95 1
106 1
107 1
113 1
122 1
127 1
163 1
208 1
