100 3000 50
0 238801
1 47
2 148
3 320
4 499
5 702
6 902
7 1058
8 1147
9 1268
10 1226
11 1292
12 1285
13 1117
14 1084
15 953
16 883
17 854
18 711
19 643
20 553
21 521
22 412
23 379
24 342
25 284
26 280
27 213
28 172
29 142
30 123
31 101
32 93
33 98
34 77
35 75
36 54
37 64
38 47
39 26
40 31
41 29
42 30
43 27
44 14
45 23
46 11
47 13
48 11
49 13
50 10
51 8
52 11
53 5
54 6
55 6
56 3
57 2
58 3
59 4
60 4
61 1
62 3
63 4
64 3
65 4
68 1
69 1
70 1
71 2
72 3
73 1
74 2
76 2
77 1
78 2
80 1
81 2
82 1
86 2
88 2
91 1
99 2
100 1
101 1
106 1
108 1
123 1
124 1
128 1
129 1
131 1
134 1
148 1
155 1
161 1
164 1
175 1
191 1
193 1
231 1
