100 3000 50
0 237317
1 58
2 192
3 402
4 676
5 932
6 1143
7 1329
8 1419
9 1475
10 1457
11 1392
12 1303
13 1259
14 1115
15 998
16 934
17 747
18 703
19 556
20 529
21 457
22 398
23 347
24 292
25 253
26 199
27 179
28 135
29 151
30 114
31 114
32 92
33 79
34 69
35 55
36 66
37 39
38 35
39 31
40 34
41 23
42 18
43 10
44 10
45 13
46 16
47 6
48 15
49 13
50 16
51 7
52 6
53 7
54 6
55 2
56 4
57 6
58 1
59 3
60 2
61 5
62 6
63 1
64 3
65 5
66 3
68 1
69 3
70 3
71 1
73 1
74 2
76 3
77 2
84 1
86 3
90 2
91 1
94 1
98 1
102 3
112 1
125 1
130 1
131 1
132 1
150 1
167 1
181 1
183 1
207 1
