100 3000 50
0 239240
1 34
2 118
3 247
4 426
5 679
6 834
7 1014
8 1145
9 1221
10 1187
11 1260
12 1250
13 1108
14 1061
15 985
16 890
17 803
18 706
19 645
20 543
21 475
22 425
23 396
24 340
25 304
26 261
27 208
28 192
29 182
30 139
31 124
32 106
33 82
34 78
35 77
36 55
37 34
38 56
39 45
40 36
41 24
42 29
43 28
44 23
45 19
46 14
47 17
48 8
49 8
50 9
51 5
52 11
53 7
54 7
55 9
56 7
57 5
58 2
59 5
60 5
61 4
62 3
63 4
64 2
65 4
66 3
67 1
68 1
69 3
70 1
72 1
74 1
76 2
79 1
81 1
83 1
84 1
85 1
87 1
91 1
94 1
95 2
96 2
97 1
99 1
100 1
102 2
104 1
113 1
114 1
117 1
121 2
123 1
125 1
131 1
133 1
136 1
138 1
145 1
154 1
166 1
169 1
179 1
181 1
187 1
291 1
