100 3000 50
0 237677
1 71
2 189
3 381
4 621
5 864
6 1114
7 1246
8 1399
9 1355
10 1397
11 1358
12 1297
13 1250
14 1112
15 987
16 856
17 809
18 689
19 611
20 543
21 444
22 397
23 344
24 358
25 270
26 225
27 197
28 157
29 157
30 119
31 113
32 62
33 78
34 58
35 60
36 57
37 46
38 34
39 28
40 29
41 27
42 25
43 20
44 13
45 17
46 11
47 16
48 8
49 7
50 7
51 6
52 4
53 8
54 2
55 5
56 6
57 4
58 3
59 4
60 2
61 3
62 1
63 4
64 1
65 3
66 5
67 4
68 1
69 3
70 1
71 1
72 2
73 3
76 1
77 1
79 2
82 1
84 1
85 3
86 1
87 1
88 2
90 1
92 2
93 1
95 1
97 1
102 1
104 1
105 1
110 1
115 1
116 2
122 1
124 1
134 1
137 1
167 1
179 1
191 1
266 1
