100 3000 50
0 236941
1 59
2 245
3 441
4 707
5 936
6 1196
7 1381
8 1499
9 1488
10 1485
11 1363
12 1353
13 1204
14 1132
15 1004
16 940
17 818
18 670
19 641
20 530
21 482
22 380
23 334
24 287
25 247
26 214
27 201
28 131
29 125
30 98
31 107
32 87
33 81
34 60
35 63
36 41
37 32
38 33
39 34
40 29
41 16
42 17
43 17
44 14
45 15
46 11
47 14
48 13
49 14
50 5
51 3
52 8
53 5
54 6
55 5
56 1
57 2
58 6
59 6
60 4
61 5
62 2
63 2
64 2
67 4
69 2
70 1
72 1
74 2
76 1
77 1
80 1
88 2
93 1
97 1
104 1
110 1
111 1
119 1
127 2
138 1
145 1
158 1
159 1
162 1
