100 3000 50
0 238273
1 56
2 177
3 351
4 576
5 807
6 1006
7 1117
8 1204
9 1370
10 1351
11 1271
12 1319
13 1204
14 1069
15 965
16 898
17 798
18 680
19 585
20 546
21 479
22 444
23 410
24 313
25 236
26 228
27 201
28 162
29 166
30 128
31 119
32 80
33 99
34 72
35 78
36 48
37 45
38 30
39 34
40 38
41 22
42 29
43 21
44 21
45 12
46 21
47 15
48 6
49 8
50 10
51 14
52 5
53 6
54 1
55 6
56 3
57 10
58 7
59 5
60 1
61 4
62 3
63 3
64 2
65 3
66 2
67 2
68 3
70 1
71 3
73 1
74 1
76 2
77 3
78 1
80 1
81 1
82 1
83 1
84 1
86 1
87 1
92 1
93 1
96 1
101 1
102 1
108 1
109 1
113 1
114 1
121 1
129 1
131 1
138 3
139 1
145 1
148 1
156 1
168 1
172 1
203 1
220 1
