100 3000 50
0 237985
1 53
2 178
3 336
4 606
5 789
6 1064
7 1154
8 1294
9 1427
10 1357
11 1364
12 1285
13 1224
14 1144
15 988
16 904
17 831
18 675
19 633
20 546
21 428
22 409
23 331
24 308
25 282
26 230
27 212
28 153
29 142
30 126
31 112
32 98
33 71
34 64
35 49
36 44
37 53
38 44
39 36
40 30
41 22
42 21
43 14
44 18
45 12
46 12
47 14
48 8
49 3
50 9
51 4
52 9
53 9
54 3
55 9
56 7
57 5
58 4
60 3
61 5
62 5
63 2
64 1
65 3
66 6
67 2
68 3
69 1
70 1
73 3
74 1
75 2
78 1
79 4
80 4
81 1
83 1
84 1
87 1
89 1
91 1
93 2
95 1
97 1
99 1
100 1
107 1
108 1
110 1
113 1
114 1
116 1
120 1
123 1
124 1
126 1
133 1
140 1
150 1
151 1
153 1
162 1
178 2
205 1
