100 3000 50
0 239413
1 28
2 119
3 268
4 419
5 607
6 833
7 966
8 1083
9 1145
10 1217
11 1215
12 1187
13 1144
14 1118
15 1001
16 851
17 804
18 764
19 638
20 554
21 548
22 425
23 370
24 320
25 294
26 249
27 210
28 195
29 158
30 143
31 102
32 123
33 101
34 80
35 68
36 72
37 56
38 34
39 38
40 42
41 36
42 19
43 26
44 27
45 24
46 13
47 15
48 11
49 16
50 10
51 10
52 7
53 7
54 5
55 7
56 6
57 3
58 3
59 4
60 3
61 3
63 5
64 1
65 1
66 1
67 1
68 2
69 2
70 3
71 4
73 1
74 2
78 1
79 1
80 1
82 3
83 1
87 2
88 1
92 1
98 1
100 1
101 2
104 2
109 1
111 2
112 1
119 1
126 1
127 1
129 1
130 1
138 1
139 1
148 1
151 1
157 1
159 1
160 1
163 1
165 1
166 1
171 1
172 1
197 1
202 1
