100 3000 50
0 235554
1 96
2 302
3 577
4 831
5 1188
6 1358
7 1557
8 1638
9 1712
10 1681
11 1511
12 1449
13 1281
14 1167
15 1039
16 891
17 766
18 683
19 524
20 526
21 441
22 346
23 356
24 275
25 225
26 203
27 186
28 140
29 127
30 104
31 91
32 67
33 58
34 48
35 45
36 41
37 17
38 24
39 18
40 23
41 19
42 13
43 10
44 9
45 8
46 15
47 10
48 7
49 5
50 4
52 2
53 3
54 4
55 2
57 2
58 2
59 5
60 1
61 5
62 1
63 1
65 2
66 2
67 3
70 2
72 1
73 1
75 2
76 1
77 1
78 1
84 2
85 1
87 1
88 1
94 1
110 1
128 1
160 1
164 1
