100 3000 50
0 239027
1 33
2 143
3 287
4 416
5 672
6 916
7 1048
8 1144
9 1246
10 1248
11 1176
12 1257
13 1155
14 1087
15 987
16 907
17 831
18 658
19 643
20 610
21 495
22 469
23 330
24 326
25 293
26 228
27 206
28 197
29 150
30 133
31 118
32 108
33 89
34 72
35 57
36 70
37 56
38 44
39 54
40 29
41 44
42 21
43 21
44 19
45 11
46 14
47 21
48 9
49 12
50 13
51 13
52 9
53 8
54 4
55 2
56 3
57 5
58 3
59 7
61 2
62 5
63 1
65 4
66 5
67 1
69 3
71 1
72 1
73 1
74 3
76 2
77 1
78 1
79 1
81 2
82 1
83 2
84 1
87 2
88 2
89 1
91 2
93 1
94 1
95 2
99 1
116 1
121 1
128 1
129 1
132 1
133 1
136 1
140 1
143 1
144 1
155 1
159 1
161 1
171 1
184 1
270 1
