100 3000 50
0 239488
1 65
2 176
3 369
4 573
5 810
6 995
7 1109
8 1264
9 1348
10 1383
11 1276
12 1119
13 1121
14 1012
15 879
16 789
17 633
18 580
19 513
20 486
21 391
22 343
23 297
24 226
25 225
26 158
27 147
28 164
29 119
30 116
31 92
32 76
33 70
34 50
35 45
36 41
37 37
38 38
39 36
40 33
41 31
42 26
43 26
44 13
45 12
46 11
47 16
48 15
49 12
50 5
51 8
52 9
53 5
54 4
55 8
56 6
57 6
58 5
59 8
60 8
61 6
62 7
63 9
64 4
65 5
66 2
67 3
68 4
69 5
70 7
71 6
72 7
73 4
74 3
75 5
76 2
77 2
78 1
79 5
80 1
81 6
82 4
84 3
85 4
86 2
87 2
88 3
89 1
90 1
91 3
92 1
93 2
94 2
95 4
97 1
98 3
99 2
100 3
103 2
104 1
105 2
106 1
107 2
108 1
109 1
110 1
111 2
113 1
114 2
115 3
116 1
117 1
118 1
119 1
123 1
128 1
129 1
130 1
133 1
136 1
138 1
140 1
141 2
143 1
144 1
145 1
146 2
148 2
149 1
150 1
151 1
156 1
157 1
158 1
160 1
161 1
162 1
168 3
177 1
180 1
184 3
185 1
186 2
189 1
191 1
192 1
193 1
194 1
196 2
199 1
201 1
202 1
203 2
205 1
209 1
213 1
216 1
217 1
218 1
224 1
226 1
227 1
230 1
232 2
234 2
239 2
242 1
243 2
245 1
248 1
251 1
255 2
256 1
257 2
260 1
261 1
262 1
267 1
270 1
271 1
273 1
275 1
276 1
279 3
281 1
283 1
288 1
290 1
291 1
292 2
296 1
297 2
298 1
301 1
307 1
311 1
318 1
319 1
326 1
327 1
339 1
377 1
382 1
383 1
