100 3000 50
0 240051
1 49
2 153
3 338
4 479
5 783
6 943
7 1056
8 1210
9 1348
10 1251
11 1209
12 1137
13 1105
14 971
15 832
16 829
17 662
18 611
19 507
20 408
21 394
22 335
23 299
24 249
25 213
26 202
27 151
28 141
29 122
30 102
31 88
32 63
33 78
34 51
35 52
36 46
37 43
38 39
39 44
40 19
41 31
42 22
43 21
44 24
45 20
46 22
47 11
48 15
49 19
50 14
51 8
52 6
53 9
54 9
55 5
56 7
57 4
58 6
59 7
60 3
61 7
62 5
63 5
64 4
65 7
66 3
67 9
68 4
69 2
70 1
71 6
72 2
73 1
74 2
75 2
76 2
77 1
79 3
80 1
81 3
82 4
83 4
84 3
85 2
86 5
87 4
88 3
89 2
90 2
91 3
92 2
93 1
94 2
95 1
96 1
97 1
98 4
100 4
103 1
104 1
105 2
108 1
109 2
110 2
111 2
112 2
118 1
120 1
121 1
122 1
123 1
124 1
125 2
126 2
128 3
129 1
130 1
131 1
132 2
133 2
134 1
135 1
136 1
138 1
144 1
145 2
147 1
148 2
149 1
150 2
151 3
152 2
155 1
156 1
157 1
160 1
162 1
164 2
166 2
169 1
170 1
174 1
176 1
182 1
183 1
185 1
186 1
187 1
189 1
191 1
192 1
193 3
195 1
196 1
197 1
199 1
209 1
210 1
212 1
213 2
214 1
217 1
220 1
221 1
225 1
228 1
229 1
230 1
233 1
234 1
238 1
244 2
245 1
246 1
249 2
250 1
251 2
255 1
256 1
260 2
262 1
269 3
272 1
274 2
278 1
279 1
280 1
282 1
283 2
285 1
289 1
293 1
295 1
296 1
297 2
298 2
300 1
301 1
303 1
304 1
315 1
318 1
325 1
328 2
333 1
335 1
345 1
346 1
348 1
361 1
375 1
386 2
394 1
408 1
