100 3000 50
0 237957
1 89
2 254
3 475
4 792
5 1068
6 1264
7 1400
8 1444
9 1518
10 1419
11 1302
12 1188
13 1083
14 1006
15 892
16 792
17 676
18 551
19 476
20 457
21 367
22 284
23 282
24 245
25 209
26 176
27 160
28 116
29 111
30 113
31 78
32 65
33 55
34 59
35 62
36 54
37 58
38 41
39 35
40 39
41 27
42 28
43 23
44 18
45 21
46 28
47 9
48 12
49 9
50 12
51 8
52 7
53 11
54 11
55 11
56 8
57 9
58 5
59 3
60 3
61 7
62 7
63 6
64 8
65 5
66 5
67 1
68 1
69 1
70 5
71 4
72 5
73 1
74 4
75 5
76 2
77 5
78 2
79 1
80 4
81 4
82 1
83 1
84 3
85 3
86 3
87 2
88 2
89 1
91 1
92 3
93 3
94 3
95 2
96 3
97 1
98 1
99 3
100 1
102 2
103 1
104 1
106 2
107 1
109 2
110 3
111 1
112 2
114 1
117 1
121 1
122 1
125 1
126 1
128 2
129 2
130 1
132 1
133 1
135 1
140 1
143 3
149 1
154 1
155 1
156 2
158 1
159 1
164 1
165 1
170 1
173 1
178 1
179 1
182 1
183 1
188 1
189 2
191 1
196 1
198 1
201 2
205 4
208 1
209 1
217 1
221 1
222 1
227 1
228 1
230 1
234 1
241 1
243 2
244 2
251 1
252 1
258 1
259 1
260 1
264 3
269 1
271 1
275 1
276 1
277 1
278 1
279 1
282 2
292 1
295 1
325 1
343 1
352 1
365 1
377 1
378 1
