100 3000 50
0 238806
1 71
2 211
3 440
4 668
5 944
6 1090
7 1225
8 1362
9 1374
10 1364
11 1278
12 1257
13 1058
14 952
15 887
16 786
17 657
18 579
19 510
20 457
21 390
22 350
23 269
24 240
25 218
26 165
27 161
28 155
29 107
30 119
31 68
32 79
33 72
34 67
35 64
36 56
37 53
38 31
39 33
40 30
41 30
42 24
43 24
44 19
45 11
46 16
47 14
48 15
49 14
50 11
51 16
52 10
53 8
54 10
55 9
56 6
57 10
58 5
59 4
60 3
61 8
62 4
63 5
64 4
65 5
66 6
67 7
68 5
69 8
70 2
71 3
72 1
75 4
76 1
77 2
79 4
80 2
81 1
82 1
83 1
84 2
85 4
86 1
87 5
88 2
89 3
90 4
91 3
92 2
93 3
95 3
97 4
98 1
100 1
101 1
102 1
103 1
104 3
106 1
108 3
109 1
111 1
112 1
114 1
115 1
116 1
117 2
121 2
122 1
124 1
125 2
127 2
128 1
129 1
130 1
131 2
135 1
136 1
138 1
139 1
140 1
141 2
142 1
144 1
146 3
148 1
151 2
152 2
153 2
155 1
156 1
159 1
162 1
164 2
166 1
168 3
169 2
170 1
172 1
174 1
177 1
178 1
184 1
189 1
197 1
202 2
206 1
208 1
216 1
219 1
220 1
221 2
222 1
223 1
226 1
232 3
240 1
241 1
245 1
246 1
248 2
250 1
252 1
255 1
260 1
263 2
264 1
268 1
270 1
281 1
282 1
287 1
297 1
300 1
304 1
305 1
307 1
308 1
316 2
324 1
325 1
337 1
341 1
345 1
346 1
356 1
368 1
377 1
