100 3000 50
0 240511
1 53
2 130
3 269
4 472
5 684
6 887
7 1008
8 1196
9 1206
10 1238
11 1205
12 1181
13 1076
14 890
15 874
16 719
17 701
18 599
19 537
20 480
21 383
22 329
23 297
24 272
25 223
26 165
27 165
28 149
29 108
30 101
31 85
32 86
33 88
34 60
35 50
36 47
37 58
38 27
39 27
40 31
41 30
42 29
43 22
44 25
45 16
46 16
47 10
48 17
49 11
50 9
51 8
52 5
53 9
54 5
55 12
56 4
57 2
58 4
59 6
60 5
61 1
62 8
63 4
64 3
65 6
66 10
67 7
68 2
69 2
70 4
71 2
72 2
73 1
74 5
75 2
76 1
77 5
78 2
79 5
80 3
81 2
82 5
83 2
84 2
85 2
86 1
87 2
88 1
89 3
90 1
92 2
93 7
94 3
95 4
98 2
99 2
100 2
101 1
103 1
105 1
107 2
108 1
111 1
115 3
116 2
117 1
118 1
119 2
120 1
121 1
123 1
124 1
126 2
127 3
128 1
130 2
132 1
133 1
134 1
136 2
138 1
140 1
145 1
146 2
148 1
149 1
150 1
151 1
152 2
153 3
155 1
156 1
158 1
162 1
164 3
165 3
166 1
168 2
171 1
174 1
175 1
176 2
178 1
179 1
181 1
182 1
184 2
187 1
190 1
194 3
195 1
196 1
203 1
204 1
205 1
206 3
207 1
209 2
210 1
211 2
212 2
213 1
214 1
215 1
216 1
218 4
219 1
220 2
222 1
225 2
226 1
227 1
232 1
237 1
238 1
239 1
240 1
242 1
246 1
247 1
248 2
259 1
260 1
262 1
263 1
265 2
266 1
267 2
269 3
272 1
276 2
277 1
280 2
286 2
293 1
296 1
297 1
299 1
300 1
303 1
304 1
305 1
309 1
310 1
311 1
319 1
322 1
327 1
328 1
329 2
339 1
352 1
353 1
355 1
359 1
373 2
374 1
375 1
