100 3000 50
0 239783
1 44
2 148
3 337
4 526
5 754
6 930
7 1182
8 1268
9 1247
10 1323
11 1297
12 1153
13 1080
14 1024
15 884
16 743
17 666
18 612
19 529
20 435
21 399
22 332
23 244
24 267
25 219
26 206
27 160
28 133
29 113
30 104
31 84
32 78
33 61
34 61
35 69
36 53
37 52
38 38
39 34
40 19
41 29
42 23
43 21
44 14
45 21
46 18
47 14
48 16
49 14
50 8
51 8
52 13
53 3
54 10
55 3
56 6
57 6
58 7
59 8
60 7
61 5
62 4
63 6
64 6
65 2
66 1
67 6
68 4
69 2
70 2
71 3
72 1
73 4
74 4
75 2
76 2
77 2
78 4
79 3
80 5
81 3
82 3
83 5
84 1
86 1
87 2
88 4
89 2
90 3
91 3
93 1
94 1
95 2
96 3
98 1
99 1
100 4
102 1
103 1
104 1
105 1
106 2
107 3
108 1
109 2
110 1
112 1
113 2
114 3
115 1
116 1
117 1
119 1
125 1
127 3
128 1
129 1
130 1
131 4
132 2
134 2
136 1
137 2
138 1
139 2
141 2
142 2
143 2
145 2
147 1
149 1
152 1
153 1
157 1
158 2
163 1
165 2
167 1
169 1
170 1
175 1
177 1
179 1
182 1
184 1
187 1
193 2
194 1
196 1
197 1
201 1
203 1
205 1
206 1
211 1
212 1
215 1
218 1
220 1
225 3
227 1
228 1
230 1
231 1
233 1
235 1
236 1
237 1
238 2
239 2
241 1
244 1
247 2
248 1
251 1
257 1
260 1
266 3
268 1
270 1
273 2
274 1
277 1
278 1
279 2
280 1
281 1
283 1
285 1
289 1
291 1
296 1
297 1
298 1
299 2
308 1
312 1
315 1
316 2
320 1
328 2
335 1
342 1
343 1
344 1
353 1
379 1
407 1
