100 3000 50
0 239168
1 59
2 206
3 390
4 598
5 837
6 1009
7 1260
8 1301
9 1397
10 1349
11 1239
12 1213
13 1076
14 983
15 859
16 784
17 678
18 601
19 535
20 434
21 372
22 327
23 267
24 268
25 206
26 183
27 163
28 155
29 134
30 108
31 112
32 80
33 69
34 71
35 40
36 42
37 45
38 37
39 36
40 21
41 22
42 24
43 22
44 20
45 14
46 10
47 14
48 9
49 12
50 9
51 13
52 11
53 4
54 13
55 10
56 9
57 8
58 5
59 5
60 7
61 7
62 11
64 5
65 10
66 5
67 5
68 4
69 2
70 3
71 2
72 6
73 6
74 3
75 1
76 1
77 5
78 2
79 3
80 3
81 2
83 1
84 1
85 1
86 3
87 5
88 3
89 1
90 1
91 1
92 1
93 4
94 2
95 2
96 2
97 2
98 1
99 2
101 2
102 2
103 1
108 2
110 3
111 1
112 1
113 1
117 1
119 1
120 1
124 1
125 2
126 1
129 2
130 1
135 1
136 1
137 1
138 1
141 1
142 1
143 1
144 1
148 1
152 1
153 1
155 1
156 1
157 1
159 1
160 1
164 3
168 1
171 1
174 1
175 2
179 1
180 4
183 2
185 3
188 1
189 1
190 2
192 1
193 1
196 1
198 1
199 1
201 1
206 1
208 1
210 1
211 1
216 1
218 1
219 1
221 1
222 1
223 1
225 1
226 1
228 1
230 1
234 1
236 1
238 2
239 1
243 1
248 1
251 1
254 3
261 2
262 1
264 1
265 1
267 1
268 1
272 1
275 1
279 1
281 1
287 2
295 1
296 1
297 1
301 2
317 1
319 1
322 1
326 1
336 1
339 1
342 1
350 1
353 1
371 1
389 1
393 1
