100 3000 50
0 240906
1 22
2 115
3 210
4 455
5 616
6 779
7 981
8 1113
9 1210
10 1241
11 1227
12 1186
13 1012
14 942
15 878
16 762
17 647
18 612
19 524
20 456
21 389
22 302
23 333
24 245
25 211
26 190
27 184
28 135
29 141
30 108
31 81
32 71
33 79
34 61
35 54
36 56
37 46
38 29
39 28
40 30
41 31
42 22
43 15
44 22
45 22
46 11
47 18
48 10
49 10
50 6
51 5
52 10
53 10
54 7
55 7
56 7
57 7
58 6
59 8
60 5
61 5
62 6
63 9
64 7
65 2
66 8
67 3
68 4
69 2
70 5
71 3
72 3
73 4
75 5
76 2
77 2
78 4
79 2
80 1
81 1
82 3
83 1
84 1
85 2
86 4
87 4
88 1
89 2
91 1
92 2
93 2
94 1
95 3
96 1
97 2
98 2
99 1
101 2
103 2
104 6
107 3
108 2
109 2
110 1
113 1
114 3
115 1
116 1
117 1
118 1
119 2
120 2
121 1
122 1
124 1
125 1
128 1
129 3
131 2
132 2
133 2
134 1
136 1
138 1
140 2
144 1
147 2
148 1
149 2
150 1
151 1
152 2
154 1
156 1
157 1
162 3
166 1
167 1
168 1
173 1
175 1
176 4
177 1
179 1
180 1
183 1
184 1
186 1
188 1
190 1
196 1
198 1
199 2
200 1
202 2
203 1
204 1
205 1
208 1
209 1
210 2
212 1
213 1
215 1
221 1
226 1
231 2
233 1
234 1
235 2
236 2
237 1
240 1
242 1
249 1
250 4
251 2
253 1
256 1
259 2
262 1
267 2
268 2
269 2
270 2
271 1
272 1
274 1
275 3
276 1
279 1
280 1
287 1
289 2
290 2
294 1
297 2
298 1
299 2
302 1
307 2
310 1
314 1
315 1
316 1
319 2
320 1
321 1
325 1
330 1
334 1
335 1
347 1
349 2
350 1
355 1
357 1
366 1
403 2
414 1
