100 3000 50
0 235341
1 153
2 458
3 725
4 1083
5 1394
6 1644
7 1676
8 1664
9 1666
10 1520
11 1452
12 1307
13 1202
14 1020
15 888
16 804
17 715
18 594
19 509
20 403
21 386
22 328
23 279
24 239
25 224
26 188
27 153
28 133
29 122
30 92
31 77
32 83
33 62
34 58
35 55
36 46
37 48
38 28
39 27
40 22
41 29
42 12
43 18
44 11
45 19
46 14
47 9
48 14
49 11
50 11
51 4
52 4
53 4
54 7
55 7
56 6
57 3
58 9
59 7
60 2
61 7
62 3
63 4
64 2
65 3
66 3
67 5
68 3
69 3
70 6
71 2
72 4
73 1
74 2
75 2
76 3
77 1
78 1
79 2
80 1
82 2
83 1
84 1
85 2
86 1
87 2
88 1
91 2
94 3
95 1
96 1
97 2
100 2
101 1
104 1
107 1
108 2
111 4
112 2
119 2
121 1
123 1
124 1
126 1
127 1
129 1
131 1
136 1
138 2
140 1
142 2
146 1
147 1
148 2
165 2
166 1
171 1
176 1
177 1
182 1
184 1
204 1
210 1
213 1
226 1
228 1
234 1
299 1
302 1
