100 3000 50
0 233272
1 216
2 622
3 960
4 1352
5 1652
6 1854
7 1961
8 1979
9 1823
10 1705
11 1534
12 1403
13 1234
14 1079
15 940
16 817
17 697
18 560
19 510
20 415
21 363
22 317
23 238
24 212
25 193
26 162
27 126
28 128
29 92
30 81
31 89
32 64
33 54
34 46
35 46
36 51
37 36
38 37
39 24
40 24
41 22
42 14
43 18
44 10
45 10
46 15
47 10
48 5
49 6
50 7
51 7
52 4
53 4
54 10
55 4
56 5
57 2
58 4
59 2
60 2
61 3
62 6
63 6
64 3
66 2
67 1
68 1
69 2
70 2
71 1
72 1
73 1
74 4
75 1
77 1
78 2
79 2
82 1
84 3
86 1
88 2
90 1
92 1
94 1
100 1
101 1
102 1
105 1
106 1
110 1
111 1
117 1
122 1
131 1
133 1
139 1
141 1
203 1
272 1
278 1
