100 3000 50
0 237439
1 72
2 298
3 539
4 860
5 1157
6 1259
7 1455
8 1545
9 1500
10 1463
11 1402
12 1198
13 1122
14 1010
15 860
16 735
17 661
18 592
19 473
20 429
21 366
22 323
23 287
24 230
25 203
26 169
27 171
28 150
29 120
30 100
31 84
32 82
33 79
34 60
35 53
36 47
37 57
38 29
39 30
40 22
41 38
42 20
43 21
44 24
45 17
46 13
47 12
48 13
49 10
50 14
51 14
52 8
53 13
54 9
55 11
56 7
57 7
58 5
59 4
60 12
61 5
62 7
63 4
64 6
65 5
66 5
67 6
68 5
69 1
70 2
71 2
72 3
73 5
74 3
75 6
76 2
77 2
78 1
81 1
82 3
83 4
84 1
85 1
86 5
87 1
90 3
91 1
92 2
93 3
94 2
95 1
97 1
98 1
100 1
105 1
107 1
108 1
110 1
111 1
112 1
115 2
116 3
118 1
120 3
121 1
122 1
123 1
124 1
126 1
128 1
129 3
130 1
134 1
136 2
138 2
139 3
146 1
147 2
151 1
154 2
155 1
158 1
161 1
162 1
165 1
166 1
168 1
170 1
177 1
181 1
189 1
191 1
193 2
197 1
200 1
201 1
205 1
209 1
213 1
217 1
224 1
228 1
229 1
230 1
232 1
233 1
234 2
239 1
245 1
246 2
252 1
253 1
255 1
256 1
258 1
262 2
264 1
266 1
269 1
275 1
276 1
286 1
288 1
307 1
323 1
339 1
353 1
