100 3000 50
0 234394
1 188
2 471
3 905
4 1203
5 1595
6 1660
7 1810
8 1791
9 1759
10 1658
11 1463
12 1339
13 1174
14 1017
15 912
16 826
17 680
18 579
19 523
20 397
21 391
22 313
23 264
24 211
25 195
26 184
27 156
28 127
29 113
30 78
31 94
32 74
33 68
34 54
35 49
36 32
37 44
38 38
39 45
40 36
41 17
42 18
43 21
44 13
45 15
46 14
47 19
48 19
49 8
50 3
51 9
52 9
53 5
54 6
55 4
56 4
57 5
58 6
59 4
60 3
61 3
62 5
64 1
65 1
66 2
67 1
69 1
70 3
71 2
73 3
74 2
75 1
76 2
77 1
78 2
79 3
80 2
81 1
82 3
83 1
85 3
86 1
88 2
89 1
90 2
92 1
93 1
95 1
96 1
100 2
101 2
105 1
106 1
108 1
110 1
112 1
116 1
117 1
122 1
123 1
124 2
127 1
130 1
136 1
142 1
143 1
146 1
154 1
156 1
187 1
190 1
191 1
197 1
248 1
353 1
