100 3000 50
0 240720
1 39
2 142
3 240
4 468
5 641
6 833
7 984
8 1190
9 1168
10 1255
11 1158
12 1131
13 1026
14 965
15 885
16 795
17 689
18 616
19 494
20 431
21 413
22 368
23 288
24 278
25 209
26 192
27 151
28 129
29 115
30 112
31 90
32 78
33 69
34 49
35 43
36 43
37 34
38 51
39 38
40 29
41 26
42 35
43 20
44 28
45 19
46 11
47 13
48 15
49 7
50 13
51 8
52 10
53 10
54 12
55 9
56 5
57 8
58 8
59 12
60 5
61 5
62 11
63 4
64 4
65 2
66 2
67 2
68 3
69 4
70 1
71 5
72 1
73 1
74 3
75 3
76 2
77 1
78 3
79 2
80 1
81 2
82 1
83 3
84 3
85 2
86 1
87 3
89 2
90 4
91 2
92 3
93 4
94 1
95 1
96 1
97 3
98 2
100 1
102 2
103 1
104 1
106 1
107 2
108 1
109 2
111 2
112 1
113 1
116 1
118 1
120 2
121 1
122 2
123 1
124 3
125 1
131 1
133 1
134 1
135 1
136 1
138 2
139 1
140 1
141 1
144 4
147 3
148 3
149 1
150 1
152 1
153 1
154 2
157 2
158 2
159 2
160 1
162 1
163 1
166 2
168 1
169 1
171 1
173 1
175 1
176 1
178 1
179 1
180 1
185 2
187 1
188 2
189 3
190 1
191 1
193 2
194 2
197 1
198 1
202 1
203 1
206 1
209 1
210 1
211 1
213 2
214 1
219 1
221 1
222 3
223 1
224 1
225 1
226 1
228 1
229 1
230 2
235 1
236 1
237 1
238 1
239 2
241 1
242 2
245 1
246 1
248 1
249 1
256 1
258 1
261 4
262 1
264 1
265 1
268 1
269 1
271 1
272 1
278 1
279 2
283 3
284 2
285 1
288 1
290 2
296 1
297 1
303 1
304 1
305 1
307 1
308 1
310 1
311 1
314 1
315 1
323 1
328 1
332 2
341 1
360 1
361 1
364 1
383 1
386 1
401 1
404 1
409 1
