100 3000 50
0 236816
1 100
2 307
3 625
4 939
5 1084
6 1379
7 1506
8 1608
9 1528
10 1470
11 1420
12 1276
13 1138
14 1064
15 921
16 824
17 658
18 566
19 507
20 428
21 367
22 355
23 259
24 251
25 204
26 183
27 136
28 122
29 111
30 127
31 86
32 61
33 68
34 59
35 52
36 45
37 33
38 39
39 26
40 27
41 32
42 25
43 26
44 11
45 26
46 14
47 12
48 16
49 7
50 11
51 12
52 8
53 13
54 4
55 3
56 6
57 5
58 8
59 3
60 11
61 5
62 6
63 8
64 2
65 3
66 2
67 4
68 5
69 3
70 2
71 5
72 3
73 4
74 1
76 3
77 2
78 2
79 2
80 1
81 2
82 1
84 3
85 3
87 2
88 1
89 1
91 1
93 2
94 2
95 4
96 2
100 2
101 1
102 1
106 1
107 2
108 3
110 1
111 1
112 2
113 1
114 1
117 2
118 1
121 1
124 1
128 1
130 1
131 2
133 1
141 1
143 1
144 2
145 1
153 1
154 1
155 2
158 2
159 1
163 1
166 1
168 1
169 1
171 1
174 1
182 1
185 1
187 2
190 1
194 1
195 1
200 1
202 1
203 1
204 2
212 2
215 1
217 1
221 1
222 1
225 1
228 1
231 1
232 2
241 1
242 1
246 1
247 1
257 1
270 1
272 1
276 1
278 1
304 1
317 1
352 1
