100 3000 50
0 240299
1 40
2 141
3 319
4 488
5 701
6 925
7 1101
8 1142
9 1206
10 1269
11 1232
12 1061
13 1069
14 954
15 903
16 835
17 688
18 595
19 503
20 441
21 392
22 330
23 278
24 270
25 219
26 187
27 142
28 140
29 122
30 111
31 95
32 84
33 76
34 68
35 51
36 47
37 52
38 38
39 39
40 29
41 25
42 26
43 18
44 14
45 16
46 16
47 19
48 11
49 12
50 12
51 7
52 8
53 11
54 7
55 9
56 4
57 6
58 5
59 5
60 6
61 6
62 3
63 7
64 3
65 3
66 10
67 3
68 4
69 1
70 1
71 5
72 1
73 3
74 3
75 5
77 3
78 6
79 2
80 5
81 1
82 5
83 2
85 4
86 2
87 7
88 1
89 1
90 3
91 3
92 2
93 1
94 3
97 2
98 4
99 1
100 1
101 3
102 1
103 1
104 2
105 2
106 1
107 1
108 1
109 1
110 2
112 1
114 1
115 2
118 1
119 1
121 1
122 1
124 2
128 2
129 1
130 2
132 1
133 1
134 1
135 1
136 5
138 3
140 1
142 1
143 1
145 1
146 1
149 2
152 1
155 1
161 2
162 1
163 2
164 1
165 1
167 1
169 1
171 1
172 1
174 1
175 1
177 1
178 1
183 3
185 3
186 1
187 1
189 1
190 1
191 1
192 1
198 2
200 2
201 1
203 1
204 1
207 1
209 2
211 1
213 1
215 3
217 2
220 1
221 1
223 1
224 1
226 1
230 1
233 1
235 2
236 1
238 1
240 2
244 1
246 2
248 1
249 1
250 2
253 1
254 2
261 1
262 1
264 1
265 1
268 1
272 1
276 1
279 1
281 2
282 1
283 1
284 2
287 1
289 1
290 2
292 1
297 1
298 1
303 2
311 2
316 1
317 1
321 1
322 1
324 2
332 1
336 1
344 1
363 1
365 1
370 1
380 1
408 1
415 1
