100 3000 50
0 238405
1 72
2 232
3 477
4 685
5 946
6 1274
7 1376
8 1336
9 1400
10 1368
11 1323
12 1247
13 1066
14 989
15 883
16 737
17 672
18 555
19 525
20 455
21 378
22 300
23 273
24 260
25 212
26 209
27 166
28 127
29 120
30 92
31 92
32 82
33 68
34 64
35 53
36 45
37 48
38 46
39 35
40 25
41 27
42 27
43 20
44 16
45 10
46 14
47 9
48 12
49 10
50 14
51 11
52 17
53 14
54 14
55 5
56 7
57 4
58 2
59 9
60 7
61 6
62 3
63 5
64 1
65 1
66 12
67 3
68 1
69 7
70 4
71 1
72 2
73 7
74 1
75 4
76 2
77 6
78 1
79 2
80 2
81 3
82 3
83 2
84 1
86 1
87 2
88 1
89 2
90 4
91 3
93 2
94 2
95 3
96 4
97 1
98 3
99 7
100 1
101 1
102 5
103 2
105 2
106 1
107 1
110 2
112 2
113 3
114 1
115 2
116 2
117 1
121 1
122 1
126 2
127 1
128 1
129 1
130 1
133 1
134 1
135 1
138 1
140 1
143 1
144 1
149 1
151 2
152 1
156 1
158 2
159 1
160 1
162 1
163 1
172 1
177 1
178 1
180 1
183 2
184 1
186 1
187 2
188 1
189 1
191 1
194 3
200 1
201 1
202 2
204 1
210 2
215 1
220 1
223 1
224 1
228 1
230 1
231 1
247 1
253 1
256 1
257 1
258 2
265 1
268 1
269 1
272 1
273 1
278 1
285 2
286 1
289 1
291 1
292 1
295 1
297 1
304 1
311 1
315 1
320 1
333 1
336 1
340 1
348 1
357 1
379 1
