100 3000 50
0 243038
1 38
2 117
3 203
4 434
5 671
6 859
7 1033
8 1217
9 1298
10 1245
11 1120
12 1111
13 930
14 878
15 774
16 655
17 589
18 425
19 377
20 345
21 255
22 191
23 202
24 149
25 122
26 105
27 93
28 78
29 67
30 53
31 47
32 55
33 36
34 29
35 23
36 24
37 23
38 19
39 25
40 17
41 16
42 9
43 11
44 18
45 11
46 11
47 7
48 5
49 5
50 5
51 8
52 9
53 3
54 4
55 9
56 4
57 1
58 3
59 2
60 2
62 3
64 3
65 2
66 3
67 3
68 1
69 2
70 1
71 4
72 1
73 1
74 4
75 1
77 3
78 1
81 5
84 1
85 2
86 1
88 1
89 2
90 1
93 1
94 3
95 1
98 2
100 1
101 1
103 1
106 1
107 1
113 2
115 2
116 2
117 2
118 1
119 3
120 1
121 1
125 2
126 1
129 1
130 1
134 1
136 1
142 1
144 2
145 2
148 2
151 3
155 1
156 1
158 1
159 1
164 1
167 1
168 1
174 1
178 1
179 1
181 1
182 1
186 2
193 1
195 1
200 1
203 1
207 1
211 1
217 1
221 1
222 1
227 1
228 1
232 1
234 1
236 1
241 2
245 1
249 1
250 2
253 2
255 1
256 1
258 1
262 1
264 1
266 1
274 2
276 1
277 1
278 1
281 2
284 2
285 2
287 1
289 1
292 1
293 1
294 1
295 1
298 1
299 1
300 2
301 1
302 1
303 1
304 1
305 1
306 1
308 3
309 1
310 1
311 1
312 1
313 1
314 3
316 2
317 1
318 1
320 1
321 1
322 1
323 3
324 2
326 1
329 1
332 1
333 2
334 1
336 2
338 2
339 4
341 1
343 1
345 1
346 2
347 1
348 2
349 1
353 2
354 1
355 1
357 1
359 1
361 2
362 1
364 3
366 2
367 1
370 1
371 3
374 1
375 1
376 1
377 2
378 2
381 2
382 2
383 1
384 1
385 1
386 1
387 1
388 1
390 1
393 2
394 1
395 2
397 1
398 2
399 3
402 1
403 1
406 1
408 1
410 1
412 2
413 1
414 2
416 2
419 1
420 2
421 2
425 1
426 1
427 1
429 1
430 2
433 2
436 2
437 2
441 2
444 1
445 1
448 2
449 1
453 2
455 1
460 1
461 3
464 3
466 1
467 1
469 1
471 3
473 1
474 1
475 1
478 2
479 1
481 1
482 1
483 2
486 1
496 1
504 1
507 2
509 1
512 1
516 1
519 1
530 1
531 1
532 1
552 1
554 1
560 1
562 1
569 1
