100 3000 50
0 230242
1 452
2 998
3 1555
4 2041
5 2264
6 2394
7 2391
8 2215
9 2051
10 1894
11 1543
12 1323
13 1229
14 1030
15 905
16 707
17 645
18 533
19 468
20 389
21 325
22 276
23 207
24 179
25 141
26 146
27 115
28 106
29 73
30 67
31 69
32 62
33 45
34 41
35 25
36 19
37 25
38 25
39 26
40 22
41 15
42 11
43 14
44 11
45 13
46 8
47 7
48 14
49 5
50 5
51 4
52 7
54 4
55 3
56 4
57 2
58 4
59 3
60 3
61 3
62 2
63 1
64 5
65 1
66 1
67 1
68 2
69 3
70 2
72 1
75 1
77 2
81 1
82 1
83 2
85 2
88 1
89 1
90 1
91 2
92 2
104 1
105 1
117 1
124 1
126 1
146 1
