100 3000 50
0 243348
1 26
2 111
3 226
4 387
5 598
6 810
7 990
8 1081
9 1193
10 1289
11 1160
12 1083
13 999
14 896
15 745
16 650
17 573
18 460
19 382
20 330
21 286
22 242
23 188
24 146
25 124
26 115
27 95
28 69
29 69
30 53
31 44
32 30
33 24
34 31
35 34
36 24
37 15
38 21
39 15
40 13
41 13
42 14
43 8
44 12
45 9
46 5
47 5
48 4
49 10
50 5
51 8
52 5
53 4
54 3
55 3
56 3
57 4
58 5
59 2
60 2
61 2
62 8
63 3
65 2
66 4
67 3
68 1
69 4
70 2
71 2
72 2
73 2
74 2
75 3
76 4
77 3
78 1
79 1
80 1
81 1
82 1
83 1
84 1
86 1
88 3
91 1
92 2
93 1
95 2
100 1
105 1
109 1
110 1
111 1
119 1
122 1
123 2
126 1
128 1
130 1
131 1
132 2
136 1
138 1
140 1
141 2
145 1
146 2
151 1
152 2
155 1
161 1
162 2
163 1
165 1
170 1
176 1
178 1
179 1
182 1
187 1
190 1
191 1
193 1
200 3
208 3
210 1
211 1
214 1
217 1
218 4
220 3
222 1
225 2
226 1
230 1
235 1
237 1
245 1
247 1
248 2
251 1
253 2
254 2
255 3
258 1
261 1
262 1
265 1
268 2
269 1
270 1
272 1
279 1
280 2
281 1
282 1
283 1
284 1
285 1
286 2
287 1
289 1
293 2
294 1
297 1
299 2
300 1
306 1
308 1
309 2
313 1
316 1
317 1
321 1
323 1
324 3
325 2
326 4
327 3
329 3
331 2
332 2
333 2
334 1
337 1
338 1
339 1
341 3
342 2
343 1
345 1
346 2
347 1
348 2
350 2
351 1
353 1
354 2
355 1
358 2
359 1
360 1
363 1
364 2
365 2
366 3
367 1
369 2
371 3
375 3
376 1
380 1
384 1
386 1
389 1
390 3
392 3
393 1
394 1
395 2
397 1
399 1
401 1
402 1
403 1
404 1
408 4
409 1
411 2
413 1
414 1
416 1
420 2
421 1
422 1
423 1
424 1
425 2
428 1
430 1
433 2
437 2
439 1
440 1
443 2
445 1
446 1
447 1
451 3
452 2
455 2
456 1
457 1
458 1
460 2
461 1
465 1
467 1
468 2
472 1
475 1
476 1
477 1
478 2
480 1
481 1
482 2
485 1
486 1
489 3
490 1
492 1
493 1
497 2
500 1
501 1
502 1
505 1
506 1
509 1
511 1
521 1
523 1
525 1
528 1
535 1
564 1
