100 3000 50
0 243209
1 28
2 96
3 225
4 448
5 622
6 811
7 982
8 1165
9 1228
10 1218
11 1147
12 1079
13 998
14 871
15 716
16 694
17 589
18 496
19 377
20 333
21 269
22 237
23 191
24 160
25 150
26 113
27 88
28 74
29 49
30 50
31 52
32 41
33 37
34 27
35 27
36 10
37 22
38 23
39 18
40 9
41 12
42 8
43 11
44 4
45 12
46 5
47 7
48 7
49 5
50 11
51 4
52 8
53 3
54 7
55 9
56 6
57 5
58 3
59 2
60 2
61 1
62 4
64 2
65 5
66 4
67 1
68 4
70 2
71 4
72 4
73 2
74 1
75 1
78 2
79 1
80 2
81 2
82 1
85 2
86 2
88 3
100 3
102 1
103 2
104 1
105 1
106 1
107 2
109 1
111 1
113 1
115 1
116 1
118 1
119 1
120 1
124 1
126 1
127 2
130 1
131 1
137 2
139 1
143 1
144 1
148 1
149 1
150 2
151 1
152 1
153 1
157 1
158 1
163 1
165 1
167 1
168 1
169 1
171 1
173 1
176 1
178 1
180 1
182 1
184 2
188 1
190 3
192 1
193 1
197 1
201 1
212 1
214 1
216 1
220 2
225 1
229 2
232 1
234 1
239 1
241 2
245 1
249 2
250 1
251 2
252 2
259 1
260 1
261 1
264 1
265 1
268 1
271 1
279 1
282 1
283 1
289 1
291 1
292 2
293 1
294 1
295 1
297 1
298 1
299 1
300 1
302 2
303 1
304 1
306 1
307 1
308 1
309 3
310 1
312 1
314 1
315 1
317 2
318 2
319 1
320 1
322 2
325 1
326 1
327 2
328 1
330 1
333 1
334 3
335 3
336 3
337 2
339 2
340 2
341 1
342 1
343 1
344 1
345 1
346 1
347 3
350 3
352 3
354 3
355 1
357 1
362 1
363 2
364 2
366 2
367 2
368 2
370 3
373 1
377 1
378 2
379 1
380 1
381 1
383 3
384 2
385 2
387 1
388 1
389 1
393 1
399 3
401 2
402 1
403 1
405 2
406 2
407 1
412 3
416 1
417 1
422 1
423 1
425 2
426 2
427 1
428 1
431 1
434 2
436 3
438 1
440 2
448 1
449 2
450 2
451 3
452 4
453 2
455 2
456 1
457 1
465 1
467 1
468 1
469 2
473 1
474 4
477 2
481 1
484 1
488 1
491 1
501 1
502 1
504 1
505 1
512 1
513 1
516 1
517 1
518 1
530 1
535 2
539 1
540 1
552 1
561 1
566 1
593 1
