100 3000 50
0 232434
1 335
2 788
3 1276
4 1735
5 1946
6 2114
7 2134
8 1950
9 1893
10 1649
11 1548
12 1377
13 1128
14 1016
15 864
16 723
17 634
18 548
19 474
20 361
21 364
22 259
23 238
24 179
25 156
26 155
27 135
28 101
29 110
30 83
31 82
32 55
33 64
34 41
35 51
36 33
37 35
38 31
39 26
40 27
41 17
42 23
43 14
44 11
45 15
46 14
47 8
48 14
49 12
50 8
51 9
52 7
53 9
54 8
55 10
56 2
57 7
58 8
59 3
60 1
61 4
62 3
63 2
64 4
65 4
66 1
67 3
68 1
69 1
70 1
71 4
72 1
74 2
75 1
76 1
77 1
78 2
79 2
82 1
83 1
84 1
85 1
86 5
87 1
88 2
89 2
90 1
91 2
92 3
93 1
94 1
95 1
100 2
101 2
102 1
103 1
104 1
107 1
110 2
114 1
120 1
122 2
133 3
136 1
138 1
140 1
144 1
145 2
154 1
155 1
171 1
173 1
180 1
185 1
204 1
253 1
