100 3000 50
0 241265
1 51
2 182
3 387
4 678
5 927
6 1158
7 1306
8 1413
9 1334
10 1290
11 1245
12 1105
13 1028
14 826
15 699
16 615
17 540
18 476
19 384
20 292
21 268
22 209
23 199
24 122
25 137
26 126
27 97
28 88
29 68
30 73
31 48
32 53
33 39
34 46
35 37
36 30
37 28
38 23
39 19
40 22
41 16
42 11
43 11
44 21
45 10
46 8
47 10
48 10
49 9
50 8
51 4
52 4
53 5
54 9
55 8
56 7
57 6
58 4
59 4
60 4
61 3
62 4
63 5
64 5
65 5
66 5
67 8
68 4
69 4
70 3
71 2
72 4
73 1
74 1
75 3
76 1
78 1
79 1
81 1
82 2
83 2
84 3
85 3
86 2
87 2
88 3
89 1
91 2
95 3
97 1
99 2
100 2
101 1
102 1
103 1
105 2
106 1
107 1
108 1
111 1
114 1
115 1
116 1
117 1
118 2
119 2
121 2
125 2
128 1
133 3
137 1
139 3
141 1
144 2
145 1
146 1
148 1
150 2
152 2
157 1
158 2
161 1
165 2
166 2
169 2
170 1
171 1
178 1
179 1
182 1
183 1
185 2
189 1
190 1
192 2
195 1
197 1
199 1
200 1
210 2
213 1
214 1
216 1
219 2
221 1
222 2
223 3
224 3
226 1
228 1
230 2
231 1
232 1
236 2
237 1
240 1
243 1
244 2
248 2
251 1
254 2
257 1
262 1
265 1
267 2
271 1
272 1
277 1
279 1
280 1
284 1
286 1
287 1
292 1
294 2
297 2
298 1
300 2
301 1
302 1
304 2
306 1
309 1
310 1
315 1
316 2
317 1
318 2
319 1
321 1
322 1
323 1
324 1
325 2
326 1
327 1
333 1
334 1
337 1
339 1
340 2
341 1
342 1
343 1
345 1
346 2
348 2
349 2
350 1
351 3
352 8
354 1
356 1
359 1
362 3
363 1
364 1
367 1
369 2
372 2
373 1
375 1
376 1
378 3
380 2
383 1
387 1
388 1
389 1
390 1
391 1
393 1
395 1
396 1
398 2
399 1
404 3
407 1
408 1
409 2
411 1
412 1
414 2
415 1
416 1
417 2
418 1
419 1
422 2
435 1
440 2
442 1
447 1
449 1
450 1
452 2
456 1
463 1
464 1
476 1
481 1
484 1
485 1
486 1
487 1
489 1
493 1
503 1
504 1
507 2
508 1
514 1
522 1
531 1
535 1
547 1
580 1
