100 3000 50
0 242150
1 60
2 149
3 332
4 581
5 766
6 982
7 1184
8 1270
9 1300
10 1297
11 1244
12 1066
13 997
14 882
15 690
16 640
17 545
18 458
19 390
20 334
21 253
22 252
23 163
24 150
25 110
26 115
27 80
28 84
29 66
30 64
31 64
32 45
33 31
34 30
35 33
36 17
37 16
38 18
39 23
40 20
41 17
42 8
43 15
44 15
45 11
46 6
47 11
48 12
49 3
50 5
51 8
52 5
53 9
54 5
55 6
56 7
57 6
58 3
59 6
60 2
61 5
62 2
63 2
64 4
65 3
66 4
67 1
68 3
69 6
70 1
71 1
72 2
73 2
74 2
75 3
77 2
78 1
79 2
80 2
83 4
84 2
85 2
86 2
87 2
88 1
90 1
91 1
92 1
93 1
97 2
98 2
100 1
101 1
102 1
105 1
106 1
107 3
108 2
110 1
112 1
113 2
114 2
116 1
120 1
121 1
125 1
129 1
131 1
132 1
133 1
146 1
151 1
152 3
160 2
161 1
164 1
167 1
168 1
171 1
172 1
173 1
176 1
180 1
182 2
184 1
187 1
191 1
196 3
200 1
201 2
202 1
207 3
209 2
210 1
213 1
217 1
219 1
222 1
228 2
229 1
232 1
233 1
237 1
238 1
241 1
242 1
247 1
249 1
250 1
253 1
257 1
259 1
261 1
263 2
264 2
266 1
268 2
269 1
271 3
272 1
275 2
276 1
279 1
281 1
282 1
287 2
288 3
289 1
291 1
295 1
298 1
301 2
303 2
304 1
309 1
310 2
311 1
312 1
313 1
314 2
315 1
316 1
317 2
318 1
320 1
321 2
322 1
323 1
324 1
326 1
327 1
328 1
329 1
330 1
331 1
333 1
334 2
335 1
338 1
339 1
341 1
342 1
345 2
346 2
347 1
348 1
349 1
350 2
351 1
352 2
354 2
355 2
356 1
358 1
359 2
360 2
362 1
363 3
364 1
365 1
367 1
368 1
369 2
370 4
371 1
373 2
374 2
375 2
377 3
378 2
379 1
382 1
386 1
394 1
397 1
404 1
406 1
408 2
410 2
411 2
414 1
416 1
417 2
419 1
420 1
423 1
426 1
430 2
431 1
432 1
433 2
434 1
439 2
441 2
442 1
444 2
448 2
449 1
451 2
457 1
459 2
462 1
464 1
467 1
468 1
474 1
476 1
479 2
481 1
484 1
485 1
486 1
488 1
493 1
495 2
499 1
500 1
501 1
507 1
512 1
514 1
515 1
519 1
523 1
526 1
528 1
560 1
595 1
624 1
