100 3000 50
0 235593
1 234
2 570
3 950
4 1326
5 1654
6 1715
7 1721
8 1774
9 1680
10 1497
11 1394
12 1159
13 1058
14 972
15 824
16 694
17 580
18 488
19 422
20 365
21 305
22 267
23 209
24 212
25 183
26 134
27 129
28 143
29 106
30 100
31 68
32 69
33 65
34 63
35 46
36 35
37 45
38 37
39 30
40 28
41 29
42 27
43 35
44 17
45 18
46 19
47 14
48 16
49 17
50 12
51 13
52 17
53 11
54 7
55 9
56 5
57 10
58 10
59 7
60 5
61 6
62 8
63 1
64 4
65 5
66 7
67 3
68 1
69 7
70 4
71 3
72 3
73 2
74 1
75 2
76 6
77 3
78 3
80 3
81 1
82 3
83 1
84 2
85 5
86 1
87 3
88 1
89 1
90 3
91 3
92 4
95 3
97 2
98 1
99 5
100 2
101 1
102 1
103 1
106 1
107 1
109 2
110 1
111 4
113 1
114 1
116 2
118 2
120 2
123 1
124 3
126 1
129 3
132 1
137 1
142 2
144 1
154 1
155 1
161 1
162 1
164 1
165 1
168 1
169 1
177 1
183 1
184 1
191 1
192 1
193 1
194 1
195 1
211 1
214 1
215 1
219 1
222 3
223 1
224 1
228 1
233 1
237 1
238 1
240 1
246 1
249 1
256 1
257 1
260 1
261 1
272 1
278 1
280 1
284 1
299 1
301 1
303 1
309 1
318 1
320 1
328 1
336 1
338 1
356 2
364 1
367 1
377 1
388 1
401 1
