100 3000 50
0 237799
1 171
2 430
3 709
4 1078
5 1360
6 1586
7 1595
8 1609
9 1520
10 1374
11 1373
12 1176
13 986
14 865
15 753
16 628
17 548
18 475
19 396
20 335
21 284
22 244
23 225
24 179
25 166
26 129
27 127
28 128
29 95
30 67
31 55
32 74
33 54
34 50
35 54
36 41
37 49
38 35
39 29
40 25
41 18
42 21
43 12
44 26
45 14
46 17
47 11
48 9
49 24
50 14
51 12
52 12
53 10
54 17
55 12
56 9
57 9
58 4
59 7
60 8
61 8
62 10
63 6
64 7
65 6
66 6
67 7
68 10
69 2
70 1
71 1
72 1
73 4
74 5
75 3
76 3
77 2
78 1
79 6
80 2
81 3
82 3
83 4
84 3
85 2
86 2
87 2
88 5
89 3
90 2
92 1
93 1
95 1
96 3
97 3
98 3
99 3
101 3
102 2
103 3
104 2
106 1
107 1
108 2
110 3
111 1
112 5
113 1
117 1
118 4
121 1
122 3
123 1
125 1
126 2
129 1
131 1
133 2
136 1
138 2
141 1
143 1
147 1
150 2
152 2
153 4
154 1
156 1
159 2
164 1
170 1
171 2
172 1
176 1
177 2
178 1
180 2
181 1
182 1
183 1
187 1
188 1
189 1
194 2
198 1
201 1
202 1
203 2
204 1
208 2
212 1
213 1
214 1
215 2
216 1
218 1
221 1
224 1
225 1
226 3
227 1
230 1
232 1
236 1
242 1
243 1
245 1
246 1
252 1
254 1
262 1
266 1
267 1
268 1
271 1
273 1
275 1
278 2
280 1
282 1
286 1
287 1
292 2
294 1
296 1
298 1
304 1
305 2
309 2
310 2
319 1
321 2
323 1
324 1
329 1
331 1
332 1
345 1
348 3
358 1
360 2
368 1
372 1
376 1
377 1
380 1
386 1
393 1
423 1
429 1
439 1
446 2
468 1
476 1
483 1
520 1
529 1
541 1
