100 3000 50
0 236804
1 208
2 475
3 878
4 1224
5 1413
6 1639
7 1631
8 1670
9 1538
10 1434
11 1365
12 1176
13 1017
14 911
15 796
16 660
17 573
18 516
19 397
20 346
21 310
22 270
23 221
24 215
25 176
26 150
27 111
28 91
29 99
30 102
31 84
32 72
33 65
34 56
35 42
36 30
37 40
38 39
39 31
40 25
41 26
42 21
43 15
44 23
45 24
46 21
47 19
48 18
49 15
50 15
51 8
52 9
53 9
54 8
55 12
56 8
57 6
58 7
59 9
60 9
61 6
62 9
63 5
64 7
65 5
66 2
67 7
68 4
69 1
70 7
71 5
72 5
73 6
74 2
75 2
77 7
78 3
79 2
81 3
82 3
83 1
84 3
85 1
86 4
87 1
88 4
89 2
90 2
91 3
92 2
93 1
94 1
95 3
96 2
97 3
98 1
101 1
104 1
106 1
107 2
109 2
110 2
113 2
114 1
115 1
116 2
117 4
119 3
121 1
123 3
125 1
126 1
127 4
128 1
129 1
130 1
132 3
133 1
134 2
135 1
136 3
137 2
138 1
142 3
145 1
146 1
147 1
149 1
152 4
153 1
154 1
156 1
157 1
158 1
159 1
161 1
163 3
165 1
166 1
176 1
181 1
184 2
187 1
189 2
191 1
194 2
198 1
202 1
203 1
206 1
207 2
208 1
209 1
213 1
215 1
217 1
220 1
223 1
233 1
236 1
243 2
250 1
260 1
262 1
266 1
272 1
276 1
277 1
279 1
282 1
285 1
294 1
300 1
302 1
303 1
304 1
305 1
309 1
313 1
326 1
331 1
337 1
345 1
346 1
353 1
354 1
355 1
357 2
363 1
382 1
384 1
390 1
400 1
413 1
415 1
445 1
450 1
452 1
574 1
