100 3000 50
0 240424
1 81
2 234
3 495
4 818
5 1010
6 1266
7 1343
8 1435
9 1442
10 1402
11 1149
12 1087
13 994
14 832
15 774
16 630
17 507
18 446
19 368
20 325
21 242
22 230
23 197
24 162
25 129
26 110
27 102
28 98
29 90
30 74
31 75
32 56
33 50
34 47
35 33
36 26
37 31
38 20
39 19
40 30
41 22
42 13
43 15
44 11
45 17
46 9
47 14
48 11
49 13
50 14
51 13
52 10
53 11
54 10
55 9
56 8
57 4
58 7
59 5
60 6
61 6
62 5
63 6
64 2
65 7
66 7
67 5
68 3
69 3
70 6
71 3
72 3
73 3
74 4
75 2
76 3
77 1
79 3
80 3
81 4
82 2
83 3
86 2
87 2
89 3
90 3
91 2
92 1
93 2
94 1
95 2
97 2
98 2
100 1
102 1
103 3
106 2
107 1
108 1
109 2
110 1
111 2
112 1
113 1
114 3
118 1
119 2
120 2
121 1
122 1
123 1
125 2
126 1
128 2
129 1
131 1
132 1
134 1
136 1
142 1
143 1
144 1
146 2
148 2
149 1
153 3
155 1
156 3
157 1
161 1
162 2
165 1
166 1
171 1
172 1
173 1
175 4
176 1
177 1
179 2
180 1
183 1
185 1
186 2
191 1
193 1
194 1
203 1
207 2
208 2
212 1
213 1
214 1
215 1
217 1
219 3
221 1
222 1
226 1
229 2
230 1
231 2
237 1
247 1
249 1
254 1
257 1
261 2
266 1
268 1
269 1
270 1
276 1
277 1
279 1
282 1
283 1
284 1
285 1
293 1
294 1
297 2
300 1
303 3
304 2
305 1
308 1
309 2
310 1
313 2
314 1
315 3
318 1
319 1
320 3
321 1
323 2
324 2
329 2
330 3
331 1
332 2
333 1
334 1
335 1
339 1
342 1
345 1
348 1
349 1
350 1
354 1
355 2
356 2
357 1
359 1
361 1
362 1
365 2
366 1
368 2
373 1
374 2
375 1
377 1
380 3
381 1
383 1
384 3
385 1
394 1
395 1
398 1
405 1
407 1
409 1
414 1
422 1
424 1
425 1
431 2
436 3
437 1
438 1
440 1
441 2
445 1
450 1
451 1
458 1
460 1
464 1
471 1
477 1
479 1
484 1
496 1
517 1
520 2
521 1
522 1
532 1
560 1
580 1
581 1
592 1
