100 3000 50
0 238595
1 141
2 369
3 707
4 1075
5 1287
6 1464
7 1492
8 1553
9 1453
10 1316
11 1317
12 1141
13 930
14 845
15 741
16 631
17 547
18 464
19 425
20 343
21 270
22 225
23 199
24 192
25 165
26 126
27 123
28 112
29 85
30 73
31 77
32 55
33 52
34 43
35 48
36 41
37 39
38 25
39 25
40 31
41 32
42 32
43 21
44 19
45 28
46 14
47 9
48 19
49 12
50 8
51 14
52 8
53 12
54 7
55 11
56 9
57 6
58 11
59 12
60 6
61 7
62 5
63 8
64 12
65 3
66 5
67 3
68 7
69 3
70 5
71 4
72 6
74 4
75 2
76 6
77 7
78 2
79 1
80 4
81 2
82 4
83 1
84 5
86 3
87 1
88 1
89 5
90 3
91 2
93 3
94 1
95 1
96 3
98 1
101 2
102 1
104 3
106 1
107 1
108 1
109 4
113 2
114 1
117 1
119 1
120 1
124 2
126 2
127 1
129 1
130 1
132 1
133 1
135 2
136 1
137 2
140 1
143 1
144 1
145 1
149 1
150 2
151 2
153 1
154 2
156 1
157 2
158 2
159 2
162 1
166 1
168 1
171 2
173 1
174 1
175 1
178 1
179 1
180 2
183 1
184 1
193 1
196 1
198 1
201 1
202 3
203 1
205 1
207 1
211 1
214 1
218 1
220 2
221 1
223 1
224 2
232 2
233 1
237 1
250 1
252 1
253 1
256 1
257 1
259 2
262 2
263 1
264 1
265 2
267 2
269 1
271 3
274 1
277 1
278 1
286 1
287 1
290 1
292 1
293 1
295 2
299 1
300 2
302 2
303 1
304 1
305 1
308 2
309 1
311 1
312 1
314 1
315 1
316 1
318 1
319 1
321 2
326 1
331 1
334 1
336 1
337 2
339 1
347 2
348 1
350 1
351 1
354 1
359 1
364 1
366 1
368 1
370 1
372 1
373 2
374 1
378 1
385 1
386 1
391 1
396 1
397 1
398 2
400 1
402 1
411 1
413 1
422 1
430 1
454 1
460 1
467 1
476 1
484 1
524 1
537 1
541 1
