100 3000 50
0 239310
1 118
2 332
3 606
4 935
5 1142
6 1387
7 1526
8 1495
9 1420
10 1388
11 1265
12 1190
13 996
14 815
15 726
16 580
17 503
18 465
19 395
20 340
21 261
22 240
23 198
24 166
25 151
26 121
27 99
28 98
29 91
30 72
31 61
32 66
33 58
34 58
35 45
36 36
37 24
38 33
39 28
40 24
41 21
42 14
43 23
44 21
45 18
46 22
47 19
48 11
49 12
50 10
51 11
52 13
53 6
54 13
55 4
56 5
57 10
58 5
59 10
60 7
61 7
62 6
63 3
64 7
65 8
66 7
67 5
68 6
69 3
70 3
71 3
72 3
73 3
74 3
75 3
76 3
77 1
78 3
79 1
80 2
81 8
82 2
83 2
84 2
85 1
86 4
88 6
90 3
91 3
92 1
93 3
94 1
95 3
97 1
98 2
99 3
101 1
103 3
104 2
105 3
107 3
108 2
110 3
112 1
114 1
116 1
117 2
120 1
121 2
122 1
123 1
124 1
130 2
132 1
133 1
134 1
137 1
138 2
139 1
140 1
142 1
143 1
144 1
146 1
148 1
152 1
160 1
163 2
164 1
171 1
172 2
173 1
174 1
175 1
176 1
178 2
182 1
185 1
186 1
187 2
192 1
193 1
198 1
199 2
202 1
207 1
209 1
210 3
214 1
218 1
219 1
224 1
228 1
229 2
231 2
232 1
233 1
234 2
242 2
243 1
245 1
246 1
248 1
250 1
251 2
253 2
254 1
262 1
266 1
269 2
271 1
274 2
277 1
278 1
281 2
282 2
283 1
291 2
293 1
296 1
298 1
302 2
303 1
306 1
310 1
312 1
313 1
315 1
317 1
318 2
320 1
322 2
324 2
325 3
328 2
329 1
332 2
334 1
336 1
337 1
338 1
339 2
342 2
344 1
346 1
347 1
348 1
349 2
351 1
353 2
357 2
359 1
361 3
362 1
363 1
366 2
369 1
371 1
373 1
376 1
377 3
392 1
394 1
395 1
401 1
408 1
410 1
417 1
425 1
429 1
437 1
439 2
440 1
446 1
476 2
489 1
490 1
492 1
504 1
513 1
517 1
541 1
560 1
608 1
