100 3000 50
0 240884
1 73
2 237
3 457
4 707
5 921
6 1218
7 1354
8 1353
9 1406
10 1349
11 1194
12 1125
13 1007
14 877
15 749
16 624
17 514
18 431
19 341
20 293
21 243
22 263
23 203
24 163
25 130
26 112
27 86
28 72
29 77
30 64
31 65
32 59
33 53
34 41
35 36
36 36
37 27
38 23
39 19
40 24
41 19
42 15
43 19
44 10
45 13
46 12
47 7
48 9
49 9
50 12
51 10
52 7
53 6
54 5
55 6
56 8
57 7
58 3
59 4
60 6
61 10
62 4
63 6
64 3
65 6
66 3
67 9
68 3
70 2
71 5
72 2
73 3
74 6
75 2
76 1
77 4
78 2
79 4
80 5
81 1
82 1
84 1
85 1
86 2
87 1
88 2
89 1
91 1
93 1
95 2
96 1
97 4
98 1
99 2
100 3
102 1
104 1
105 1
108 1
109 1
110 2
111 1
112 1
114 1
115 1
120 1
121 1
122 1
123 1
125 2
126 1
127 1
130 1
131 1
132 2
134 2
135 1
136 1
138 2
139 3
142 2
144 1
148 2
150 1
151 1
153 1
154 2
157 2
159 1
161 1
162 1
163 1
165 1
167 1
168 1
171 1
172 1
173 1
177 1
179 1
181 1
183 1
186 1
188 1
194 1
197 2
200 1
201 1
208 1
210 1
212 1
213 1
215 1
216 1
217 1
221 1
222 2
223 1
227 1
228 1
229 1
230 2
231 2
232 1
236 1
237 1
238 1
242 1
246 1
247 2
249 2
250 1
251 1
253 1
254 1
260 1
261 1
262 1
263 1
264 1
267 1
268 1
273 1
274 2
275 1
276 1
284 1
285 2
286 1
288 1
291 2
292 1
293 1
294 1
296 1
297 1
298 2
299 1
301 1
302 3
304 1
305 1
307 1
309 1
310 1
315 1
317 1
322 1
323 2
325 1
326 1
327 1
328 1
329 1
331 2
335 1
336 1
339 1
340 1
341 2
342 1
343 3
345 1
346 1
347 2
348 3
349 1
351 1
353 1
354 1
356 1
358 1
361 1
362 2
365 2
367 1
369 1
370 2
371 1
372 1
375 1
376 2
377 2
378 1
380 1
382 1
386 1
389 1
390 1
392 3
393 1
394 1
396 2
397 1
399 1
400 1
401 1
403 1
404 1
405 1
407 1
411 1
415 1
418 2
421 2
424 1
425 1
426 1
427 2
428 1
434 1
446 2
448 1
455 1
457 1
468 1
475 1
480 1
481 1
482 2
505 1
506 1
510 1
512 2
514 1
522 1
524 1
527 1
528 1
529 1
537 1
560 1
