100 3000 50
0 234186
1 295
2 715
3 1172
4 1462
5 1719
6 1752
7 1916
8 1821
9 1791
10 1605
11 1389
12 1310
13 1108
14 927
15 850
16 781
17 610
18 495
19 437
20 356
21 321
22 279
23 252
24 220
25 165
26 149
27 142
28 133
29 106
30 105
31 62
32 63
33 57
34 55
35 52
36 46
37 34
38 35
39 36
40 26
41 28
42 23
43 17
44 27
45 14
46 11
47 11
48 16
49 14
50 12
51 10
52 9
53 13
54 10
55 9
56 9
57 6
58 8
59 7
60 4
61 4
62 6
63 8
64 7
65 7
66 1
67 4
68 5
69 4
70 2
71 1
74 4
75 2
76 2
78 4
79 4
80 3
82 2
83 2
84 2
85 2
86 1
87 4
88 1
91 3
92 1
94 2
95 1
96 2
97 1
98 1
100 1
103 1
104 2
107 1
109 1
110 1
116 1
119 1
120 1
124 1
127 1
129 1
132 1
133 1
135 1
136 1
137 1
138 1
139 1
141 1
144 1
146 1
148 1
149 1
151 1
155 1
157 1
163 1
164 3
166 1
171 1
183 1
184 1
189 1
192 2
193 1
194 1
200 1
204 2
206 1
214 1
216 1
224 1
226 1
243 1
246 1
248 1
260 1
279 1
293 1
299 1
300 1
318 1
