100 3000 50
0 242431
1 45
2 141
3 322
4 531
5 724
6 991
7 1126
8 1192
9 1305
10 1313
11 1189
12 1069
13 968
14 884
15 740
16 654
17 527
18 463
19 356
20 345
21 269
22 222
23 171
24 151
25 109
26 108
27 80
28 84
29 72
30 59
31 66
32 38
33 43
34 37
35 34
36 26
37 16
38 15
39 19
40 14
41 14
42 12
43 11
44 9
45 15
46 15
47 11
48 13
49 6
50 7
51 7
52 7
53 6
54 6
55 8
56 8
57 5
58 4
59 4
60 3
61 2
62 4
63 3
64 1
65 3
66 3
67 3
68 4
69 3
70 3
71 2
72 2
73 4
74 1
75 2
78 2
79 1
80 3
81 1
82 3
83 1
85 1
91 1
94 1
95 2
97 2
98 2
99 2
101 1
102 1
106 1
107 2
111 1
113 1
114 1
120 1
122 1
124 1
126 1
128 1
129 1
131 1
133 1
134 1
135 2
136 1
138 1
144 1
145 1
146 1
152 1
153 2
159 1
160 1
161 1
166 2
168 1
171 1
172 1
173 2
175 1
177 1
181 1
183 1
188 1
189 2
190 1
196 1
197 1
200 1
202 1
204 1
206 1
207 1
217 2
218 1
219 3
225 1
229 1
233 2
236 1
238 1
242 3
243 1
249 1
252 1
253 1
254 1
256 1
261 1
262 1
264 1
267 1
268 1
274 1
275 1
281 1
282 2
284 1
286 1
288 1
290 1
292 1
296 3
297 1
299 1
303 1
306 1
308 1
309 4
310 2
312 1
313 1
315 1
316 3
317 1
318 2
319 2
320 1
326 1
328 2
329 2
330 1
331 3
332 2
333 2
336 2
340 1
341 3
342 1
344 1
345 1
346 1
347 3
348 1
349 1
353 1
354 1
355 2
356 1
357 1
358 1
359 2
360 1
361 1
363 1
365 2
367 1
369 3
370 1
371 1
372 2
373 2
375 1
377 2
378 1
380 1
381 1
383 1
385 2
386 1
389 3
391 1
393 2
395 1
398 1
399 2
400 1
401 1
403 1
404 2
405 2
406 1
407 1
409 3
410 2
412 1
414 3
415 1
416 2
417 1
420 3
422 1
424 1
429 1
430 1
431 1
434 2
435 2
436 1
441 1
443 2
444 2
451 2
456 2
459 2
463 1
464 2
469 1
474 1
483 1
486 1
488 2
489 2
496 1
497 1
498 1
500 1
505 1
509 1
511 1
512 1
522 1
523 1
537 1
541 1
543 1
545 1
552 1
558 1
560 1
564 1
590 1
