100 3000 50
0 241588
1 63
2 173
3 359
4 640
5 905
6 1162
7 1207
8 1297
9 1322
10 1360
11 1255
12 1113
13 997
14 821
15 718
16 624
17 515
18 456
19 362
20 298
21 252
22 201
23 182
24 170
25 152
26 101
27 93
28 80
29 88
30 56
31 67
32 28
33 32
34 46
35 35
36 29
37 20
38 28
39 9
40 14
41 20
42 25
43 12
44 10
45 7
46 13
47 12
48 13
49 11
50 8
51 7
52 3
53 6
54 8
55 1
56 4
57 5
58 11
59 3
60 3
61 3
62 5
63 6
64 3
65 5
66 1
67 3
68 5
69 2
70 1
71 5
72 3
73 2
74 1
75 2
76 2
77 3
78 5
79 4
80 2
81 4
82 3
85 1
86 2
87 2
88 2
90 3
91 2
93 2
94 2
96 2
97 2
98 2
102 1
105 1
106 2
108 1
110 1
111 1
113 2
115 2
117 1
120 1
124 1
125 1
126 1
127 1
128 2
131 2
134 1
135 1
136 1
138 1
139 1
140 1
142 1
143 1
145 1
149 1
151 1
158 1
160 1
162 1
165 1
169 1
176 1
177 2
178 1
179 1
180 1
182 2
184 1
190 1
193 2
194 2
195 1
196 1
199 2
200 2
203 1
209 1
211 1
215 1
217 1
218 1
221 1
223 1
225 1
226 1
227 1
232 1
235 1
236 1
237 1
239 3
243 1
249 1
250 1
251 1
254 1
259 1
262 1
263 1
264 2
267 1
270 1
272 1
274 1
276 1
278 1
280 1
281 3
282 1
284 2
286 1
289 2
291 1
293 1
294 1
296 3
298 1
299 1
300 2
302 2
305 1
306 1
308 1
310 3
311 1
319 1
322 1
325 1
327 1
329 3
330 3
333 1
334 1
335 1
336 1
338 1
339 4
341 3
342 2
343 1
344 1
345 2
346 2
347 1
348 1
350 1
355 1
356 1
357 2
358 1
361 2
364 2
365 2
366 2
367 1
368 1
369 1
370 1
371 2
372 2
374 3
375 2
376 1
377 1
378 1
380 1
381 1
382 1
385 2
386 2
392 3
393 1
394 1
395 1
396 1
397 1
400 2
402 1
403 1
404 1
410 2
413 1
416 2
418 1
421 1
428 1
430 1
431 1
434 3
438 3
442 1
449 1
450 1
456 1
459 1
460 1
463 1
465 1
466 1
469 2
470 1
474 3
475 1
476 1
478 1
487 1
491 1
492 1
494 1
496 1
499 2
503 1
505 1
506 1
507 1
509 1
515 1
521 1
540 1
556 1
