100 3000 50
0 241873
1 63
2 159
3 338
4 602
5 850
6 1030
7 1161
8 1285
9 1357
10 1267
11 1296
12 1159
13 963
14 858
15 741
16 650
17 563
18 397
19 387
20 319
21 254
22 215
23 168
24 152
25 136
26 98
27 78
28 62
29 71
30 66
31 65
32 40
33 39
34 32
35 31
36 32
37 28
38 18
39 21
40 17
41 15
42 21
43 13
44 8
45 10
46 15
47 4
48 9
49 11
50 5
51 14
52 7
53 6
54 8
55 5
56 4
57 5
58 1
59 4
60 3
61 2
62 4
63 2
64 1
65 2
66 1
67 1
68 5
69 4
70 1
71 1
72 3
73 7
75 3
76 1
77 1
78 2
79 3
80 1
81 1
82 1
83 1
84 3
85 2
87 3
89 2
90 1
92 1
93 1
94 1
96 6
97 3
99 2
100 1
101 1
102 3
103 2
106 1
107 1
108 1
110 2
111 2
113 2
119 2
126 1
130 1
131 2
134 1
135 1
140 1
147 1
151 1
155 1
156 1
157 3
158 1
159 1
160 2
161 1
162 1
167 1
168 3
169 3
175 1
178 1
180 2
181 1
183 1
186 2
190 2
191 1
194 1
197 1
202 1
204 1
206 1
210 1
214 1
215 1
216 1
217 1
218 1
220 1
222 1
226 1
231 1
232 1
235 1
236 2
237 2
238 1
246 1
249 1
251 2
253 1
255 2
256 1
260 1
263 1
264 1
268 1
269 2
270 2
273 2
281 1
282 1
283 2
286 2
287 1
290 2
291 3
292 4
295 1
298 2
300 2
301 1
302 2
304 2
306 3
309 1
310 1
311 1
312 1
316 1
317 1
318 1
320 2
321 1
323 1
325 1
327 2
328 1
329 1
330 1
331 1
332 1
333 1
334 1
335 2
336 1
338 1
344 1
348 2
350 3
353 1
355 2
356 1
357 2
360 1
361 1
362 1
363 2
364 1
365 2
367 1
368 2
369 4
370 1
372 1
374 4
375 1
376 2
377 1
378 1
381 3
382 1
388 1
392 1
395 2
396 2
397 1
400 2
402 2
404 1
406 2
409 2
411 1
415 1
418 2
422 1
428 1
429 1
430 1
432 2
436 1
439 2
440 1
446 1
449 2
454 1
455 2
457 1
458 2
460 1
461 3
466 1
469 1
470 1
472 2
473 1
478 1
481 1
482 1
485 1
487 3
491 1
496 1
500 1
506 1
508 1
513 2
515 1
536 1
543 1
554 1
557 1
575 1
577 1
