100 3000 50
0 239876
1 99
2 290
3 548
4 853
5 1102
6 1304
7 1466
8 1445
9 1426
10 1387
11 1298
12 1116
13 955
14 824
15 684
16 599
17 563
18 469
19 382
20 329
21 250
22 223
23 197
24 148
25 145
26 115
27 122
28 83
29 80
30 65
31 69
32 55
33 56
34 36
35 47
36 44
37 31
38 31
39 27
40 19
41 26
42 17
43 23
44 21
45 14
46 23
47 12
48 23
49 8
50 11
51 15
52 11
53 8
54 7
55 9
56 9
57 5
58 3
59 7
60 4
61 2
62 8
63 6
64 8
65 6
66 1
67 5
68 4
69 5
70 4
71 3
72 2
73 3
74 4
75 1
76 5
77 1
78 4
80 1
81 5
82 3
83 3
84 3
85 3
86 2
87 3
88 4
89 2
90 1
91 1
92 2
93 4
95 1
96 2
98 3
99 2
100 1
101 1
103 2
106 2
107 2
111 2
117 1
118 2
119 1
120 3
121 1
122 1
123 1
124 1
127 1
128 1
129 2
130 1
132 2
133 1
135 2
138 1
140 4
141 1
142 1
144 1
145 1
147 1
148 1
153 1
154 1
156 2
157 1
158 1
165 1
166 1
168 1
171 1
172 1
174 1
175 1
177 1
178 1
179 1
180 1
185 1
189 1
192 2
193 1
194 1
195 1
198 1
201 1
202 3
204 1
205 1
206 1
211 1
213 1
215 1
216 2
217 1
222 1
225 2
226 1
227 2
228 1
233 1
234 1
236 1
241 1
243 1
246 1
252 1
253 2
258 1
263 1
268 1
269 1
272 1
275 1
279 1
282 1
286 2
287 1
290 1
292 1
293 1
297 1
298 1
299 2
300 1
301 1
303 2
305 3
306 1
307 1
309 1
310 1
315 2
317 1
320 1
324 1
329 1
331 4
332 2
333 1
334 1
335 1
336 1
337 1
339 1
340 1
341 2
342 1
343 2
346 1
348 2
349 1
352 1
354 1
355 2
360 1
362 1
363 2
364 2
365 2
366 2
367 1
369 1
370 2
377 1
379 1
381 1
385 1
387 1
388 1
389 1
390 1
399 1
400 1
401 1
402 1
404 1
409 1
413 2
414 1
417 1
418 1
419 1
420 1
424 1
427 1
429 1
433 1
440 1
448 2
453 1
455 1
460 1
468 1
470 1
481 1
486 1
487 1
503 1
520 1
522 1
554 1
562 1
565 1
