100 3000 50
0 242834
1 36
2 113
3 264
4 458
5 693
6 899
7 1044
8 1203
9 1289
10 1301
11 1249
12 980
13 963
14 871
15 765
16 681
17 556
18 485
19 361
20 302
21 250
22 222
23 179
24 153
25 125
26 101
27 98
28 77
29 63
30 55
31 49
32 43
33 40
34 41
35 30
36 25
37 17
38 23
39 17
40 15
41 15
42 14
43 6
44 13
45 11
46 11
47 4
48 5
49 9
50 8
51 5
52 2
53 8
54 7
55 3
56 3
57 6
58 6
59 3
60 7
61 4
62 2
63 2
64 2
65 1
66 1
67 2
68 4
69 1
70 2
71 2
72 2
73 1
74 1
75 3
76 1
77 1
78 1
79 1
81 1
82 2
84 1
85 2
86 5
87 1
88 1
89 1
90 1
91 1
92 2
93 1
95 2
97 1
99 2
101 1
105 1
107 2
108 1
110 1
111 1
115 1
120 1
121 2
124 1
127 1
128 1
130 1
131 2
133 2
136 1
137 1
138 1
139 2
140 1
144 1
146 1
147 2
149 1
151 1
152 1
155 1
158 1
163 1
164 1
170 2
183 1
186 1
189 2
190 1
195 1
198 1
200 1
209 1
211 1
212 1
214 1
223 1
224 1
226 1
227 1
228 1
238 1
242 2
244 2
245 2
249 2
250 2
254 1
255 1
259 1
262 1
265 2
266 1
269 1
271 1
272 1
273 1
277 1
282 1
283 1
284 1
285 1
288 1
292 1
293 2
294 1
296 1
297 1
298 2
300 2
302 2
303 3
304 1
305 2
306 1
308 1
309 1
310 3
311 1
313 3
314 2
315 1
317 1
318 1
319 1
321 1
322 1
325 1
328 2
329 2
331 1
333 3
334 1
335 1
336 1
339 1
340 1
341 1
345 1
346 2
347 1
348 1
349 1
350 2
351 1
352 2
353 1
357 1
358 4
359 1
361 1
362 2
366 1
368 1
371 1
374 2
377 1
378 1
379 2
380 2
381 2
382 2
384 1
385 2
386 2
388 1
389 2
391 3
392 1
393 2
394 1
395 1
397 3
398 1
399 3
400 1
404 1
409 1
410 1
411 3
414 4
415 2
416 2
418 1
422 4
424 1
425 1
426 2
431 1
435 2
437 3
439 1
440 1
442 1
445 1
447 1
448 1
450 1
455 1
456 1
457 1
460 1
463 1
464 1
466 1
467 2
468 2
470 2
475 2
476 1
477 1
479 2
482 1
483 1
487 1
489 1
490 4
495 1
497 2
503 1
504 1
508 1
509 2
513 1
519 1
521 1
548 1
557 1
