100 3000 50
0 242643
1 35
2 150
3 264
4 466
5 690
6 939
7 1090
8 1174
9 1293
10 1238
11 1284
12 1148
13 941
14 930
15 776
16 624
17 562
18 459
19 388
20 303
21 277
22 208
23 172
24 156
25 116
26 96
27 89
28 83
29 63
30 44
31 42
32 44
33 36
34 28
35 18
36 26
37 19
38 20
39 19
40 11
41 10
42 18
43 16
44 6
45 10
46 7
47 13
48 10
49 6
50 10
51 4
52 4
53 5
54 6
55 4
56 5
57 4
58 7
59 6
60 3
61 2
62 2
63 3
64 2
65 2
66 1
67 1
68 1
71 2
72 3
74 1
76 2
77 1
78 4
79 2
80 4
81 3
82 2
83 2
84 1
85 1
86 1
87 1
88 1
90 2
91 3
92 1
96 1
97 2
98 1
100 1
101 2
102 1
103 2
106 3
109 1
110 2
111 1
112 1
117 1
119 1
122 1
127 1
129 1
135 1
136 2
137 1
139 1
140 1
145 1
147 1
149 1
156 2
160 1
162 1
163 2
175 1
177 1
179 1
182 1
185 2
187 2
188 1
194 1
195 4
197 1
201 2
204 1
209 1
211 1
214 1
218 2
225 1
226 1
228 2
233 1
235 1
236 1
238 2
244 1
249 1
253 1
255 1
260 1
261 2
262 2
264 1
266 1
268 1
270 1
272 2
274 1
276 1
281 1
283 2
284 1
285 1
287 3
289 2
291 1
293 2
295 1
297 1
298 1
299 2
303 1
304 1
307 1
308 3
309 1
311 1
312 1
313 2
315 3
317 2
319 1
320 1
323 1
324 1
325 1
326 2
327 2
328 1
329 2
331 1
333 1
335 1
336 2
337 3
339 3
340 1
341 5
342 2
343 1
345 1
348 2
349 3
350 1
352 1
359 2
361 1
364 1
365 1
366 2
369 2
371 1
372 1
373 1
376 3
378 1
379 1
380 1
381 2
382 1
383 2
384 1
387 1
391 1
392 2
394 1
395 1
397 1
398 1
399 2
405 1
407 3
408 1
409 1
410 1
411 1
412 2
414 1
415 1
417 2
419 1
421 1
423 1
424 2
425 1
427 3
431 1
433 3
434 1
435 1
438 2
440 1
443 2
445 1
448 1
449 2
452 1
456 1
457 1
458 2
459 1
463 2
467 1
469 4
470 2
473 1
474 1
477 1
482 1
484 1
485 1
488 2
489 1
493 2
494 1
498 1
502 1
505 1
509 1
511 1
513 1
514 1
523 1
528 2
533 1
535 1
540 1
549 1
574 1
