1 800000 20
0 700001
1 23792
2 8897
3 4826
4 3144
5 2317
6 1784
7 1387
8 1112
9 990
10 843
11 671
12 673
13 557
14 520
15 424
16 417
17 366
18 304
19 286
20 285
21 272
22 229
23 230
24 173
25 189
26 204
27 171
28 161
29 158
30 129
31 159
32 136
33 107
34 122
35 137
36 106
37 92
38 116
39 100
40 99
41 77
42 86
43 76
44 79
45 82
46 85
47 85
48 67
49 55
50 71
51 69
52 56
53 60
54 57
55 65
56 55
57 60
58 45
59 46
60 58
61 45
62 59
63 52
64 47
65 40
66 42
67 51
68 48
69 36
70 35
71 36
72 39
73 43
74 28
75 40
76 26
77 38
78 38
79 35
80 36
81 43
82 30
83 32
84 25
85 37
86 18
87 26
88 25
89 16
90 18
91 25
92 17
93 17
94 27
95 20
96 25
97 18
98 26
99 18
100 26
101 16
102 18
103 14
104 18
105 20
106 26
107 13
108 17
109 19
110 19
111 16
112 18
113 23
114 21
115 16
116 15
117 13
118 13
119 25
120 15
121 11
122 19
123 16
124 14
125 18
126 25
127 14
128 11
129 12
130 11
131 10
132 13
133 11
134 9
135 7
136 8
137 20
138 12
139 7
140 9
141 9
142 7
143 17
144 20
145 8
146 12
147 9
148 9
149 17
150 11
151 3
152 11
153 10
154 9
155 11
156 9
157 12
158 11
159 11
160 10
161 9
162 5
163 14
164 7
165 11
166 8
167 11
168 11
169 13
170 9
171 5
172 5
173 9
174 5
175 6
176 8
177 13
178 6
179 5
180 9
181 5
182 5
183 9
184 6
185 7
186 10
187 5
188 11
189 6
190 10
191 8
192 10
193 5
194 6
195 10
196 12
197 10
198 7
199 2
200 5
201 5
202 6
203 3
204 10
205 3
206 4
207 4
208 5
209 3
210 6
211 4
212 5
213 6
214 5
215 3
216 6
217 3
218 6
220 2
221 5
222 3
223 3
224 4
225 8
226 4
227 3
228 1
229 5
230 2
231 3
232 4
233 3
234 4
235 3
236 3
237 3
238 5
239 5
240 3
241 3
242 4
243 2
244 3
245 5
246 4
248 5
249 3
250 8
251 2
252 4
253 4
254 3
255 5
256 7
257 3
258 10
259 1
260 5
261 3
262 4
263 2
264 1
266 6
267 5
268 1
269 3
271 2
272 2
273 8
274 1
275 3
276 1
277 2
278 1
279 2
280 1
281 3
282 1
284 3
285 2
286 3
287 2
288 5
289 3
290 2
291 2
292 1
294 1
295 1
296 5
297 2
300 1
302 2
303 2
304 2
306 1
307 4
309 2
310 2
311 5
312 2
313 3
314 1
315 2
316 2
318 2
319 2
320 3
321 2
322 3
323 1
324 2
325 2
326 3
328 1
329 2
331 1
332 1
335 1
337 2
338 1
339 3
340 1
341 1
342 1
343 3
344 2
345 1
346 2
350 3
351 1
352 1
354 1
355 2
356 1
357 1
358 4
359 2
360 2
361 1
362 2
363 2
364 2
366 1
370 1
372 1
374 2
376 1
379 2
381 1
382 1
386 3
387 1
390 2
391 2
393 2
395 1
397 2
400 1
401 2
407 2
409 1
410 1
412 2
413 1
414 1
416 3
422 2
423 1
425 2
431 3
432 1
435 1
437 1
439 1
440 1
445 1
446 3
447 1
451 1
453 1
454 2
460 1
464 1
467 1
468 1
471 1
472 2
474 1
476 2
477 2
478 1
479 1
481 1
482 1
486 1
487 2
489 3
490 1
495 1
497 2
499 1
504 1
506 1
509 1
513 2
519 3
520 1
521 2
523 1
526 1
532 2
533 1
535 1
537 1
540 1
541 1
545 1
546 1
548 1
550 1
556 1
561 1
572 1
578 2
580 2
581 1
584 1
587 2
593 1
594 1
596 1
597 1
605 1
611 1
626 1
633 1
634 1
638 1
639 1
654 1
660 1
663 1
674 1
687 1
690 1
702 1
715 1
717 1
723 1
731 1
740 1
754 1
768 1
797 1
869 1
902 1
935 1
993 1
