1 800000 20
0 500001
1 132523
2 45316
3 23767
4 14591
5 9672
6 6983
7 5192
8 3966
9 3168
10 2554
11 2030
12 1632
13 1400
14 1135
15 947
16 812
17 697
18 583
19 550
20 393
21 371
22 335
23 308
24 264
25 194
26 183
27 157
28 155
29 109
30 112
31 95
32 98
33 76
34 71
35 85
36 60
37 55
38 34
39 42
40 28
41 21
42 34
43 20
44 19
45 19
46 22
47 19
48 12
49 16
50 7
51 9
52 8
53 11
54 5
55 5
56 6
57 3
58 11
59 5
60 3
61 2
62 4
63 3
64 8
65 4
66 1
67 3
68 1
69 3
70 1
71 2
72 3
73 1
74 3
76 1
77 1
80 1
83 1
84 1
86 2
88 1
98 1
