1 800000 20
0 650001
1 46437
2 16972
3 9297
4 6017
5 4383
6 3289
7 2551
8 2039
9 1798
10 1532
11 1269
12 1081
13 979
14 902
15 776
16 732
17 596
18 569
19 489
20 458
21 473
22 394
23 358
24 352
25 304
26 322
27 263
28 239
29 237
30 230
31 234
32 198
33 185
34 202
35 183
36 166
37 189
38 167
39 133
40 144
41 123
42 114
43 126
44 104
45 111
46 103
47 113
48 102
49 73
50 89
51 88
52 85
53 84
54 56
55 56
56 62
57 65
58 76
59 63
60 61
61 54
62 63
63 51
64 55
65 51
66 56
67 53
68 44
69 49
70 44
71 56
72 33
73 28
74 30
75 40
76 45
77 35
78 30
79 40
80 32
81 51
82 32
83 33
84 24
85 25
86 26
87 29
88 31
89 23
90 30
91 27
92 17
93 14
94 22
95 28
96 28
97 20
98 19
99 13
100 15
101 14
102 23
103 18
104 14
105 14
106 18
107 20
108 18
109 18
110 13
111 7
112 15
113 10
114 8
115 12
116 17
117 9
118 7
119 14
120 9
121 15
122 14
123 18
124 6
125 6
126 8
127 12
128 9
129 7
130 8
131 8
132 4
133 10
134 4
135 7
136 8
137 8
138 10
139 7
140 4
141 8
142 7
143 6
144 3
145 5
146 6
147 5
148 7
149 8
150 4
151 10
152 6
153 10
154 5
155 5
156 6
157 3
158 7
159 5
160 5
161 6
162 2
163 1
164 4
165 4
166 1
167 1
168 3
169 1
170 3
171 2
172 5
173 4
174 2
175 5
176 6
177 5
178 4
179 1
180 1
181 2
182 3
183 2
184 5
185 1
186 3
187 1
188 2
189 4
190 4
193 1
194 4
196 1
197 2
199 1
200 4
201 3
202 1
203 2
204 1
205 3
208 3
209 2
210 3
211 3
212 4
213 2
215 1
217 1
219 1
220 2
222 1
226 1
230 1
231 1
233 3
235 1
241 2
242 2
243 1
244 4
247 1
249 1
250 1
254 1
256 1
264 1
266 2
267 1
270 1
271 1
276 1
280 1
285 1
295 1
298 1
300 1
306 1
310 1
314 1
315 1
318 1
319 1
322 2
325 1
335 1
340 1
341 1
349 1
394 1
397 1
407 1
416 1
609 1
