1 800000 20
0 600001
1 71967
2 25708
3 14063
4 8978
5 6410
6 4760
7 3660
8 2974
9 2508
10 2064
11 1727
12 1533
13 1299
14 1101
15 1031
16 872
17 826
18 718
19 598
20 602
21 522
22 481
23 418
24 371
25 362
26 332
27 305
28 268
29 260
30 247
31 213
32 224
33 196
34 198
35 182
36 179
37 168
38 138
39 125
40 108
41 125
42 109
43 83
44 105
45 74
46 89
47 78
48 89
49 74
50 73
51 69
52 59
53 57
54 64
55 66
56 52
57 53
58 38
59 51
60 47
61 33
62 45
63 32
64 37
65 34
66 33
67 31
68 20
69 36
70 26
71 31
72 28
73 18
74 14
75 16
76 11
77 12
78 18
79 17
80 18
81 9
82 14
83 14
84 20
85 16
86 15
87 12
88 17
89 9
90 10
91 8
92 11
93 6
94 8
95 6
96 9
97 7
98 6
99 3
100 10
101 5
102 5
103 8
104 8
105 8
106 8
107 6
108 4
109 8
110 6
111 8
112 3
113 4
114 3
115 6
116 3
117 5
118 2
119 1
120 1
121 3
122 1
123 1
124 3
125 4
126 2
127 3
128 1
129 1
130 2
131 3
132 3
133 4
134 1
135 1
136 2
137 3
138 1
139 1
140 2
141 1
142 1
144 1
146 2
147 2
150 1
152 2
153 1
156 1
162 1
164 2
171 1
175 2
177 2
178 1
180 1
203 1
209 1
211 1
217 1
219 1
232 3
257 1
