1 800000 20
0 725001
1 13727
2 5133
3 2790
4 1852
5 1292
6 945
7 822
8 654
9 566
10 472
11 414
12 381
13 288
14 279
15 250
16 224
17 227
18 219
19 206
20 172
21 140
22 149
23 135
24 135
25 118
26 118
27 102
28 99
29 92
30 87
31 90
32 87
33 78
34 81
35 73
36 71
37 61
38 62
39 64
40 58
41 52
42 58
43 82
44 71
45 60
46 57
47 58
48 44
49 47
50 36
51 44
52 40
53 46
54 35
55 48
56 45
57 26
58 37
59 46
60 37
61 25
62 19
63 35
64 22
65 31
66 32
67 31
68 35
69 18
70 25
71 23
72 24
73 17
74 32
75 27
76 22
77 18
78 13
79 20
80 20
81 32
82 13
83 20
84 17
85 17
86 23
87 18
88 18
89 19
90 19
91 20
92 22
93 22
94 11
95 15
96 18
97 13
98 18
99 15
100 12
101 12
102 13
103 14
104 9
105 19
106 15
107 20
108 15
109 16
110 16
111 8
112 10
113 10
114 11
115 7
116 16
117 15
118 15
119 15
120 13
121 10
122 14
123 10
124 15
125 12
126 13
127 10
128 9
129 12
130 12
131 7
132 6
133 13
134 8
135 14
136 9
137 12
138 18
139 6
140 9
141 11
142 10
143 7
144 8
145 9
146 12
147 13
148 6
149 15
150 8
151 5
152 9
153 11
154 5
155 8
156 10
157 5
158 11
159 10
160 8
161 3
162 6
163 8
164 11
165 8
166 6
167 7
168 7
169 8
170 6
171 10
172 5
173 9
174 4
175 6
176 8
177 4
178 7
179 5
180 6
181 8
182 8
183 4
184 6
185 7
186 6
187 7
188 6
189 4
190 4
191 9
192 8
193 7
194 6
195 6
196 4
197 3
198 6
199 1
200 7
201 4
202 6
203 6
204 3
205 3
206 4
207 8
208 1
209 4
210 4
211 4
212 6
213 7
214 1
215 6
216 5
217 4
218 8
219 2
220 5
221 1
222 5
223 3
224 6
225 2
226 3
227 7
228 2
229 9
230 1
231 3
232 4
233 4
234 2
235 6
236 2
237 5
238 5
239 5
240 5
242 6
243 3
244 2
245 4
246 3
247 3
248 2
249 6
250 5
251 2
252 4
253 1
254 4
255 9
256 5
257 1
258 5
259 3
260 3
261 2
262 8
263 2
264 2
265 6
266 2
267 4
268 1
269 3
270 1
271 5
272 2
273 6
274 2
275 2
276 2
277 7
278 5
279 3
280 4
281 1
282 4
283 5
284 1
285 3
286 3
287 6
288 6
289 4
290 6
291 1
292 3
293 4
294 3
295 2
296 3
297 3
300 4
301 5
302 4
303 5
304 4
305 1
306 5
307 4
308 3
309 3
310 2
311 4
312 3
313 5
314 4
315 1
316 3
317 1
318 2
320 2
322 3
323 2
324 1
325 3
326 2
329 3
330 1
331 2
333 2
334 2
335 6
336 2
337 1
338 5
339 3
340 3
341 4
342 1
343 3
344 3
345 6
346 3
347 3
348 1
349 2
350 3
351 4
352 1
353 4
354 3
355 3
356 2
358 1
359 1
360 4
361 1
362 5
363 2
364 4
365 1
366 2
367 1
368 2
370 2
371 4
372 1
373 2
374 2
375 3
377 1
379 1
380 2
381 2
382 2
384 2
385 4
386 1
387 2
389 1
391 2
392 1
393 2
394 1
395 3
396 3
397 2
398 3
399 1
400 2
401 2
403 1
404 1
406 1
408 1
409 2
410 2
411 1
412 1
414 1
415 6
416 2
417 1
418 2
420 1
421 1
422 2
423 1
425 2
426 2
427 3
428 3
429 1
430 1
431 3
432 1
433 1
434 2
436 2
437 1
438 1
439 1
440 2
441 1
442 3
444 2
448 1
449 4
451 2
452 2
456 3
457 4
458 2
459 2
460 2
461 3
465 1
466 1
467 1
468 1
472 2
474 2
476 2
477 1
478 1
480 2
481 1
482 2
483 1
484 1
487 2
488 1
489 1
490 1
491 1
493 2
494 1
495 1
496 1
497 1
498 2
502 1
503 2
505 1
508 1
509 1
512 1
514 2
515 1
516 1
523 1
526 2
527 1
528 1
529 1
530 1
531 2
533 3
535 1
536 1
537 1
538 2
542 2
544 2
545 1
546 1
552 1
556 2
557 2
559 2
561 1
564 1
565 1
568 1
569 1
570 1
576 1
577 1
578 1
580 1
583 1
585 2
588 1
595 1
602 3
607 2
609 1
615 1
617 1
618 1
619 1
621 1
622 1
623 1
628 1
632 1
634 1
635 2
636 1
640 1
644 2
646 1
650 1
655 1
656 1
657 1
658 2
660 2
661 1
662 1
663 1
665 1
666 1
668 1
671 1
673 2
677 3
678 2
679 1
682 1
687 1
688 1
694 1
696 1
697 1
699 1
702 1
703 1
704 1
705 1
708 1
709 1
711 1
712 1
714 1
717 1
721 1
724 1
725 1
727 1
731 1
732 1
735 1
737 1
740 2
743 3
745 1
747 1
749 1
752 1
753 2
758 1
759 1
761 1
762 1
763 1
765 1
770 1
771 1
778 2
786 1
788 1
789 1
795 1
797 1
798 1
806 2
808 1
809 1
821 2
822 1
829 1
833 1
834 1
844 1
850 2
855 1
858 1
866 1
868 1
871 1
890 1
891 1
899 1
902 1
906 1
907 1
917 1
920 1
940 1
943 1
944 1
955 1
961 1
967 1
976 1
985 1
1011 1
1026 1
1035 1
1046 1
1055 1
1059 1
1067 1
1072 1
1098 1
1099 1
1116 1
1131 1
1133 1
1144 1
1161 1
1169 1
1206 1
1248 1
1250 1
1254 1
1272 1
1383 1
1410 1
1479 1
1685 1
1725 1
1776 1
1922 1
2336 1
