1 800000 20
0 550001
1 100668
2 35331
3 18785
4 11918
5 8156
6 6107
7 4586
8 3648
9 2981
10 2426
11 1977
12 1695
13 1455
14 1260
15 1034
16 889
17 799
18 668
19 668
20 560
21 512
22 443
23 391
24 388
25 307
26 288
27 277
28 234
29 204
30 186
31 171
32 173
33 149
34 138
35 108
36 96
37 86
38 71
39 67
40 92
41 75
42 80
43 67
44 54
45 57
46 51
47 47
48 46
49 36
50 41
51 38
52 26
53 25
54 20
55 24
56 21
57 18
58 22
59 23
60 19
61 19
62 15
63 7
64 13
65 12
66 14
67 11
68 9
69 12
70 10
71 7
72 9
73 10
74 13
75 11
76 7
77 9
78 4
79 7
80 8
81 2
82 4
83 6
84 5
85 2
86 3
87 1
88 2
89 2
90 2
92 1
93 2
94 1
95 3
96 1
97 2
98 1
99 1
102 1
103 1
105 4
107 2
112 1
118 1
119 1
122 1
126 1
129 1
137 1
161 1
