1 800000 20
0 750001
1 3965
2 1430
3 876
4 527
5 377
6 288
7 241
8 202
9 180
10 139
11 111
12 100
13 78
14 83
15 72
16 70
17 63
18 61
19 52
20 42
21 31
22 40
23 39
24 34
25 27
26 45
27 34
28 33
29 30
30 21
31 39
32 23
33 25
34 27
35 25
36 14
37 28
38 16
39 15
40 18
41 16
42 20
43 17
44 14
45 18
46 10
47 14
48 11
49 14
50 14
51 19
52 10
53 7
54 8
55 13
56 11
57 2
58 4
59 11
60 10
61 11
62 4
63 8
64 8
65 9
66 7
67 17
68 13
69 4
70 8
71 8
72 2
73 5
74 8
75 12
76 6
77 7
78 8
79 3
80 5
81 8
82 3
83 7
84 6
85 5
86 9
87 8
88 11
89 9
90 7
91 6
92 5
93 2
94 4
95 6
96 3
97 8
98 5
99 3
100 3
101 3
102 5
103 3
104 2
105 3
106 2
107 8
108 5
109 7
110 6
111 3
112 6
113 1
114 3
115 3
116 1
117 3
118 3
119 5
120 1
121 7
122 4
123 4
124 3
125 4
126 4
127 8
128 7
129 1
130 3
131 4
132 2
133 5
134 2
135 4
136 4
137 3
138 1
139 3
140 1
141 3
142 3
143 2
144 4
145 6
146 1
147 1
148 1
149 2
150 6
151 2
152 1
153 3
154 4
155 2
156 7
157 5
158 4
159 2
160 3
161 2
162 3
163 2
164 1
165 4
166 1
167 1
169 4
170 5
171 2
172 3
173 1
174 1
175 3
176 2
177 4
178 3
179 2
180 3
181 2
182 4
183 1
185 4
186 2
187 1
188 1
189 6
190 1
191 3
192 1
195 2
197 1
198 1
199 1
200 2
201 3
202 2
203 1
204 1
205 2
206 5
208 1
209 4
210 5
211 2
213 3
214 2
215 2
216 5
217 3
218 2
219 2
220 2
221 2
222 3
223 1
225 1
226 2
229 3
230 1
231 2
232 4
233 1
234 2
235 2
236 2
237 1
238 1
239 2
240 1
242 2
243 5
245 2
246 1
247 2
248 1
250 1
251 1
252 1
253 2
254 2
255 3
256 1
257 1
258 1
259 1
262 3
263 2
264 3
265 1
267 1
270 1
271 3
274 2
275 2
276 2
277 1
278 1
279 1
280 2
281 1
283 3
284 2
285 1
286 1
289 2
291 1
294 2
295 2
296 1
299 2
302 2
304 4
305 1
306 2
307 1
308 2
309 1
311 1
312 2
313 1
314 3
315 1
316 2
317 1
318 1
319 1
321 5
322 1
323 1
324 1
326 2
328 1
329 1
330 1
331 1
332 2
334 1
335 1
337 2
339 2
340 1
343 1
344 2
345 1
347 2
348 1
350 1
356 1
357 1
360 2
361 2
362 1
365 1
366 1
369 1
372 2
373 1
375 1
376 1
380 1
381 1
391 2
392 2
394 2
396 1
397 1
398 1
400 1
401 2
402 3
404 2
406 1
408 1
412 2
414 1
415 2
417 1
419 2
421 2
422 1
426 3
427 1
428 1
429 1
431 1
437 1
440 2
442 1
443 1
444 1
445 1
449 1
451 1
456 2
458 2
460 2
469 1
472 1
473 2
474 1
475 1
478 2
481 1
483 1
484 2
485 1
486 1
488 1
490 2
498 1
500 1
502 1
504 1
505 2
508 2
510 2
512 1
519 1
520 1
521 1
526 2
530 1
535 1
538 1
540 1
541 2
542 1
545 2
546 1
547 1
548 1
550 1
551 1
554 1
557 1
559 1
562 1
566 1
568 1
571 1
573 2
574 1
576 1
577 1
579 1
583 1
585 1
589 2
596 1
597 2
604 1
606 1
622 1
623 1
624 1
627 1
628 1
629 1
632 1
633 3
634 1
639 1
644 1
646 2
647 2
648 1
652 1
662 2
666 2
670 2
672 3
673 1
677 1
680 2
683 2
684 1
685 1
686 1
690 2
695 1
697 1
700 1
702 2
710 1
711 1
715 2
718 1
720 1
721 1
722 2
723 1
727 1
730 1
739 1
740 1
757 1
762 1
770 2
777 1
781 1
795 1
796 2
797 1
803 3
804 1
807 1
813 2
821 1
824 1
830 2
831 1
834 2
836 1
837 1
839 1
840 1
841 1
842 1
844 1
847 1
849 1
850 1
853 2
856 1
859 1
860 2
861 1
863 1
866 1
874 2
880 1
881 1
883 1
888 1
902 1
905 1
906 1
911 1
918 1
920 1
926 1
933 1
936 1
941 1
942 1
948 1
949 1
958 1
959 1
960 1
961 1
968 1
973 1
974 3
975 1
982 1
987 1
992 1
1002 1
1004 1
1006 1
1009 1
1010 1
1013 1
1015 1
1020 2
1028 1
1034 1
1036 1
1039 1
1040 1
1047 1
1048 2
1053 1
1062 1
1065 1
1069 2
1073 1
1077 1
1083 1
1085 2
1094 1
1098 1
1103 2
1104 1
1106 2
1119 1
1133 1
1135 1
1142 2
1144 1
1148 1
1151 1
1153 1
1159 1
1166 1
1168 1
1178 1
1181 1
1186 1
1190 1
1194 1
1199 1
1200 1
1201 1
1205 1
1206 1
1231 1
1236 1
1242 1
1243 1
1245 1
1298 1
1299 1
1307 1
1308 1
1310 1
1313 1
1321 1
1325 1
1326 1
1341 2
1364 1
1369 2
1371 2
1374 1
1378 1
1390 1
1394 1
1401 1
1403 1
1406 1
1418 1
1419 1
1420 1
1449 1
1465 1
1467 1
1468 1
1474 1
1475 1
1477 1
1480 1
1481 1
1482 1
1488 1
1489 1
1490 1
1491 1
1497 1
1520 1
1536 1
1538 1
1539 2
1544 1
1550 1
1557 1
1558 1
1563 1
1568 1
1583 1
1584 1
1590 1
1603 1
1604 1
1611 1
1613 1
1617 1
1628 1
1646 1
1648 1
1661 1
1664 1
1680 1
1686 1
1688 1
1699 1
1700 1
1719 1
1721 1
1725 1
1755 1
1785 1
1787 1
1802 1
1806 1
1810 2
1817 1
1818 1
1821 1
1830 1
1848 1
1854 1
1866 1
1868 1
1883 1
1894 1
1906 1
1915 1
1919 1
1924 1
1927 1
1929 1
1943 1
1944 1
1957 1
1963 1
1970 1
1998 1
2005 1
2021 1
2022 1
2026 1
2029 2
2038 1
2041 1
2051 1
2063 1
2070 1
2072 1
2074 1
2088 1
2105 1
2118 1
2138 1
2140 1
2189 1
2207 1
2222 1
2231 1
2233 1
2239 1
2248 1
2257 1
2286 1
2289 1
2297 1
2326 1
2343 1
2367 1
2376 1
2377 1
2379 2
2384 1
2401 1
2405 1
2440 1
2496 1
2522 1
2551 1
2629 1
2634 1
2638 1
2649 1
2657 1
2670 1
2676 1
2698 1
2701 1
2703 1
2704 1
2755 1
2796 1
2799 1
2804 1
2845 1
2884 1
2901 1
2923 1
2952 1
2968 1
2972 1
2990 1
3018 1
3059 1
3113 1
3151 1
3287 1
3297 1
3489 1
3574 1
3583 1
3607 1
3657 1
3839 1
3857 1
4070 1
4084 1
4091 1
5789 1
