1 800000 20
0 760813
1 19
2 13
3 6
4 4
6 4
7 2
9 2
10 1
11 2
12 4
14 2
15 2
16 2
17 2
18 3
19 1
20 2
21 1
22 1
23 2
24 3
27 1
28 1
29 1
30 2
31 1
34 1
44 1
46 1
47 1
49 1
53 1
62 1
70 1
75 1
77 1
90 1
98 1
111 1
119 1
134 1
139 1
151 1
168 1
180 1
181 1
193 1
204 1
207 1
216 1
305 1
307 1
314 1
456 1
509 1
699 1
730 1
863 1
904 1
924 1
1060 1
1183 1
1209 1
1281 1
1368 1
1508 1
1605 1
1609 1
1635 1
1678 1
1828 1
1860 1
1927 1
1959 1
2051 1
2155 1
2174 1
2467 1
2590 1
2687 1
2696 1
2808 1
2940 1
2981 1
2983 1
3010 1
3013 1
3102 1
3262 1
3378 1
3476 1
3568 1
3585 1
3612 1
3639 1
3846 1
3986 1
4068 2
4086 1
4147 1
4295 1
4338 1
4450 1
4520 1
4555 1
4604 1
4895 1
4957 1
5016 1
5052 1
5189 1
5232 1
5336 1
5423 1
5433 1
5547 1
5621 1
5821 1
5898 1
5920 1
6057 1
6086 1
6263 1
6293 1
6323 1
6345 1
6346 1
6382 1
6573 1
7422 1
7725 1
8005 1
8115 1
8199 1
8378 1
8477 1
8488 1
8566 1
8635 1
8725 1
8800 1
8903 1
8967 1
9183 1
9251 1
9652 1
9739 1
9800 1
9882 1
9998 1
10189 1
10205 1
10342 1
10570 1
10601 1
11111 1
11217 1
11491 1
11674 1
11814 1
11852 1
12470 1
12591 1
13381 1
13513 1
13988 1
14667 1
15258 1
15602 1
15766 1
15814 1
16634 1
17252 1
18136 1
22547 1
