500 1000 50
0 450372
1 3229
2 1480
3 985
4 875
5 725
6 733
7 711
8 667
9 637
10 598
11 575
12 515
13 554
14 544
15 495
16 507
17 531
18 464
19 464
20 447
21 443
22 429
23 427
24 378
25 408
26 373
27 345
28 361
29 348
30 339
31 309
32 288
33 269
34 279
35 258
36 257
37 253
38 218
39 229
40 224
41 221
42 184
43 189
44 180
45 168
46 124
47 146
48 129
49 143
50 137
51 101
52 134
53 106
54 88
55 86
56 85
57 81
58 65
59 73
60 64
61 65
62 59
63 47
64 46
65 51
66 39
67 40
68 31
69 43
70 51
71 37
72 26
73 35
74 23
75 24
76 20
77 21
78 27
79 14
80 22
81 19
82 13
83 14
84 9
85 10
86 14
87 11
88 10
89 3
90 8
91 14
92 7
93 3
94 7
95 1
96 8
97 6
98 8
99 3
100 10
101 3
102 2
103 1
104 3
105 1
106 5
107 4
109 4
110 3
111 1
112 1
114 3
116 2
118 1
119 2
123 1
125 1
126 1
128 1
