500 1000 50
0 461165
1 454
2 328
3 297
4 253
5 286
6 268
7 290
8 263
9 258
10 278
11 251
12 276
13 261
14 267
15 255
16 244
17 268
18 249
19 275
20 256
21 271
22 269
23 244
24 252
25 226
26 229
27 216
28 191
29 194
30 200
31 225
32 204
33 205
34 194
35 209
36 191
37 198
38 209
39 153
40 170
41 189
42 164
43 149
44 160
45 185
46 158
47 133
48 154
49 153
50 138
51 147
52 141
53 123
54 140
55 115
56 129
57 107
58 123
59 94
60 81
61 100
62 98
63 87
64 74
65 71
66 76
67 86
68 61
69 56
70 66
71 65
72 75
73 59
74 59
75 68
76 53
77 51
78 52
79 32
80 46
81 48
82 28
83 34
84 42
85 35
86 27
87 25
88 26
89 20
90 30
91 36
92 27
93 33
94 24
95 29
96 12
97 19
98 24
99 26
100 21
101 17
102 14
103 13
104 12
105 17
106 13
107 15
108 9
109 6
110 12
111 6
112 10
113 11
114 6
115 7
116 5
117 5
118 5
119 5
120 8
121 6
122 5
123 8
124 4
125 4
126 4
127 5
128 5
129 3
130 3
131 3
132 6
133 3
134 1
135 6
136 2
137 3
138 4
139 5
140 4
142 4
143 2
144 1
145 2
146 2
147 2
148 2
149 1
151 2
154 1
155 1
157 2
158 2
159 1
160 1
163 1
166 1
170 1
213 1
