500 1000 50
0 440363
1 7313
2 3325
3 1928
4 1424
5 1228
6 1015
7 949
8 925
9 863
10 813
11 788
12 715
13 691
14 674
15 640
16 607
17 604
18 572
19 512
20 604
21 505
22 471
23 447
24 456
25 452
26 458
27 398
28 363
29 376
30 326
31 340
32 313
33 302
34 285
35 282
36 214
37 253
38 235
39 191
40 202
41 192
42 185
43 160
44 130
45 128
46 129
47 102
48 116
49 100
50 99
51 91
52 91
53 76
54 86
55 61
56 56
57 51
58 64
59 49
60 35
61 44
62 41
63 35
64 42
65 29
66 29
67 29
68 32
69 25
70 36
71 22
72 18
73 20
74 12
75 10
76 13
77 12
78 10
79 6
80 3
81 5
82 5
83 7
84 5
85 8
86 9
87 8
88 7
89 7
90 5
91 2
92 3
93 2
94 4
95 2
96 3
97 1
98 1
99 3
100 2
101 2
102 1
112 1
118 1
119 1
