500 1000 50
0 463708
1 277
2 168
3 187
4 187
5 182
6 195
7 187
8 180
9 181
10 172
11 166
12 175
13 192
14 187
15 190
16 174
17 199
18 190
19 190
20 189
21 162
22 168
23 183
24 171
25 192
26 180
27 162
28 164
29 163
30 155
31 150
32 166
33 155
34 154
35 153
36 152
37 146
38 130
39 165
40 158
41 138
42 136
43 155
44 148
45 139
46 136
47 144
48 130
49 111
50 130
51 110
52 129
53 132
54 117
55 122
56 102
57 114
58 111
59 87
60 98
61 101
62 82
63 91
64 91
65 71
66 91
67 74
68 91
69 75
70 66
71 73
72 85
73 59
74 58
75 55
76 59
77 76
78 57
79 57
80 46
81 59
82 51
83 50
84 44
85 44
86 43
87 49
88 42
89 39
90 35
91 28
92 38
93 27
94 26
95 31
96 28
97 25
98 26
99 16
100 32
101 34
102 21
103 25
104 27
105 27
106 19
107 20
108 17
109 18
110 16
111 12
112 13
113 18
114 10
115 13
116 21
117 12
118 12
119 15
120 13
121 10
122 9
123 12
124 8
125 4
126 3
127 7
128 11
129 6
130 9
131 8
132 6
133 13
134 5
135 6
136 5
137 6
138 3
139 5
140 3
141 9
142 7
143 5
144 5
145 5
146 5
147 3
148 3
149 7
150 2
151 2
152 1
154 1
155 3
156 5
157 2
158 2
159 3
160 4
161 3
162 1
165 1
166 1
168 1
170 3
172 1
175 1
176 2
177 2
181 1
186 1
187 1
191 1
192 1
198 1
203 1
209 1
210 1
