500 1000 50
0 461959
1 374
2 264
3 255
4 233
5 232
6 269
7 265
8 237
9 278
10 228
11 218
12 243
13 209
14 237
15 228
16 223
17 242
18 234
19 234
20 239
21 254
22 221
23 262
24 204
25 231
26 209
27 186
28 227
29 195
30 211
31 173
32 171
33 189
34 190
35 203
36 158
37 205
38 150
39 177
40 161
41 179
42 170
43 175
44 152
45 155
46 149
47 148
48 130
49 136
50 142
51 138
52 147
53 123
54 120
55 112
56 108
57 111
58 110
59 106
60 110
61 99
62 97
63 97
64 91
65 89
66 72
67 72
68 67
69 72
70 63
71 58
72 71
73 60
74 59
75 52
76 45
77 55
78 56
79 45
80 59
81 54
82 41
83 37
84 47
85 39
86 42
87 43
88 33
89 29
90 24
91 21
92 23
93 26
94 26
95 23
96 32
97 29
98 23
99 19
100 25
101 15
102 20
103 20
104 13
105 11
106 11
107 10
108 13
109 19
110 9
111 11
112 16
113 9
114 13
115 9
116 5
117 8
118 11
119 12
120 7
121 4
122 7
123 3
124 4
125 4
126 5
127 2
128 2
129 8
130 5
131 4
132 6
133 1
134 7
135 3
136 3
137 3
138 2
139 6
140 2
141 1
142 2
143 2
144 7
145 3
146 4
147 2
148 3
150 4
151 1
152 2
153 3
156 1
158 2
162 1
165 2
166 1
167 1
168 1
170 2
173 1
175 1
182 1
209 1
