500 1000 50
0 462640
1 289
2 249
3 233
4 225
5 204
6 218
7 224
8 249
9 193
10 205
11 204
12 232
13 254
14 204
15 231
16 227
17 235
18 213
19 201
20 177
21 214
22 211
23 242
24 213
25 168
26 188
27 187
28 207
29 163
30 185
31 171
32 185
33 166
34 181
35 159
36 165
37 203
38 169
39 176
40 183
41 155
42 126
43 162
44 151
45 135
46 164
47 137
48 149
49 137
50 140
51 131
52 120
53 133
54 127
55 100
56 122
57 120
58 98
59 97
60 111
61 87
62 86
63 91
64 83
65 76
66 68
67 76
68 81
69 66
70 69
71 73
72 53
73 73
74 67
75 78
76 55
77 69
78 54
79 59
80 56
81 47
82 42
83 47
84 52
85 37
86 39
87 41
88 31
89 29
90 26
91 34
92 20
93 29
94 27
95 32
96 28
97 25
98 21
99 24
100 24
101 17
102 16
103 25
104 13
105 21
106 24
107 13
108 12
109 15
110 18
111 19
112 17
113 8
114 14
115 12
116 10
117 10
118 7
119 7
120 7
121 8
122 6
123 8
124 7
125 10
126 6
127 7
128 5
129 6
130 5
131 4
132 7
133 5
134 6
135 7
136 5
137 1
138 2
139 3
140 4
141 6
142 2
143 1
144 2
145 3
146 4
147 2
148 1
149 3
150 2
151 2
152 3
153 1
154 3
156 1
157 1
158 1
160 1
162 3
163 1
166 1
170 1
171 2
172 1
174 1
177 1
178 1
179 1
180 1
195 1
197 1
209 1
