500 1000 50
0 453030
1 2204
2 1099
3 853
4 702
5 624
6 593
7 614
8 604
9 559
10 565
11 507
12 478
13 474
14 502
15 498
16 429
17 451
18 419
19 405
20 420
21 381
22 417
23 424
24 391
25 345
26 376
27 343
28 333
29 355
30 327
31 299
32 271
33 271
34 261
35 279
36 252
37 227
38 239
39 206
40 243
41 205
42 183
43 189
44 178
45 159
46 160
47 174
48 163
49 130
50 115
51 118
52 124
53 112
54 122
55 80
56 82
57 73
58 60
59 70
60 73
61 79
62 66
63 49
64 66
65 57
66 57
67 52
68 52
69 49
70 53
71 34
72 28
73 33
74 35
75 30
76 37
77 21
78 21
79 23
80 19
81 23
82 20
83 29
84 11
85 13
86 18
87 15
88 7
89 11
90 7
91 10
92 3
93 9
94 3
95 7
96 1
97 3
98 7
99 9
100 5
101 5
102 5
103 5
104 1
105 1
106 11
107 1
108 4
109 2
110 9
111 3
112 3
113 1
114 5
115 3
116 1
118 1
119 1
120 3
121 1
123 2
124 1
125 1
130 1
133 1
136 1
138 1
