500 1000 50
0 463211
1 272
2 216
3 202
4 197
5 223
6 193
7 216
8 175
9 201
10 202
11 198
12 197
13 184
14 205
15 223
16 191
17 199
18 195
19 190
20 207
21 190
22 192
23 199
24 189
25 177
26 190
27 181
28 170
29 183
30 174
31 168
32 168
33 154
34 178
35 141
36 152
37 156
38 140
39 166
40 148
41 143
42 166
43 161
44 165
45 144
46 139
47 150
48 132
49 156
50 118
51 129
52 132
53 106
54 111
55 115
56 104
57 108
58 104
59 105
60 111
61 86
62 79
63 90
64 101
65 83
66 93
67 75
68 75
69 76
70 94
71 63
72 70
73 61
74 56
75 50
76 62
77 57
78 59
79 55
80 52
81 46
82 65
83 58
84 47
85 52
86 41
87 38
88 30
89 40
90 18
91 36
92 25
93 29
94 18
95 32
96 31
97 24
98 20
99 28
100 30
101 30
102 24
103 20
104 20
105 21
106 18
107 19
108 16
109 24
110 11
111 11
112 10
113 17
114 19
115 11
116 18
117 13
118 9
119 8
120 7
121 6
122 7
123 9
124 8
125 8
126 9
127 8
128 10
129 7
130 6
131 8
132 2
133 5
134 4
135 7
136 5
137 8
138 5
139 2
140 2
141 4
142 5
143 6
144 5
145 6
146 3
147 2
148 3
149 2
150 1
151 2
152 2
153 3
154 1
155 4
156 3
157 1
158 1
159 2
161 1
162 2
163 2
164 2
167 1
168 1
169 2
170 1
176 1
179 1
186 2
188 1
191 1
199 1
204 1
210 1
