500 1000 50
0 459634
1 628
2 423
3 380
4 348
5 371
6 365
7 315
8 315
9 287
10 286
11 317
12 309
13 343
14 323
15 334
16 290
17 298
18 292
19 298
20 315
21 303
22 235
23 274
24 294
25 277
26 249
27 288
28 248
29 245
30 222
31 205
32 220
33 237
34 236
35 247
36 186
37 202
38 187
39 210
40 207
41 188
42 202
43 174
44 177
45 161
46 182
47 146
48 153
49 159
50 136
51 124
52 140
53 124
54 120
55 106
56 110
57 98
58 99
59 112
60 91
61 80
62 85
63 102
64 85
65 73
66 76
67 84
68 71
69 62
70 78
71 60
72 54
73 54
74 52
75 45
76 35
77 50
78 42
79 46
80 40
81 27
82 37
83 35
84 33
85 23
86 33
87 22
88 28
89 25
90 21
91 20
92 15
93 18
94 14
95 12
96 23
97 19
98 12
99 15
100 12
101 13
102 9
103 14
104 9
105 9
106 8
107 7
108 10
109 4
110 9
111 6
112 9
113 3
114 10
115 6
116 5
117 4
118 4
119 9
120 6
121 4
122 3
123 2
124 5
125 4
126 4
127 2
128 2
129 5
130 4
131 6
132 5
133 1
134 3
136 2
138 2
139 1
140 1
141 1
143 1
144 1
146 1
149 1
152 1
155 2
156 1
158 1
162 1
169 1
173 1
