500 1000 50
0 458287
1 793
2 556
3 462
4 438
5 389
6 386
7 392
8 386
9 393
10 342
11 369
12 385
13 347
14 332
15 332
16 358
17 319
18 303
19 368
20 344
21 334
22 300
23 289
24 315
25 294
26 256
27 293
28 250
29 270
30 264
31 274
32 262
33 252
34 216
35 241
36 241
37 211
38 226
39 197
40 195
41 209
42 194
43 197
44 192
45 156
46 165
47 181
48 156
49 133
50 119
51 140
52 134
53 126
54 119
55 121
56 106
57 112
58 103
59 101
60 107
61 93
62 68
63 80
64 68
65 72
66 63
67 62
68 57
69 53
70 59
71 59
72 54
73 46
74 41
75 46
76 46
77 34
78 32
79 32
80 32
81 31
82 25
83 32
84 28
85 25
86 23
87 20
88 26
89 25
90 20
91 19
92 18
93 18
94 8
95 18
96 10
97 9
98 11
99 9
100 12
101 12
102 11
103 9
104 4
105 12
106 6
107 2
108 5
109 8
110 9
111 4
112 5
113 4
114 4
115 4
116 8
117 6
118 4
119 4
120 3
121 3
122 5
123 4
124 3
125 2
126 2
127 1
128 2
129 4
131 2
132 2
133 3
134 1
136 1
137 2
138 1
139 1
142 1
144 2
145 1
158 1
165 1
167 1
