500 1000 50
0 418659
1 14591
2 8117
3 4794
4 3319
5 2512
6 2015
7 1724
8 1437
9 1441
10 1209
11 1086
12 1063
13 961
14 909
15 884
16 849
17 788
18 714
19 668
20 631
21 580
22 557
23 525
24 501
25 429
26 421
27 375
28 359
29 312
30 322
31 274
32 266
33 259
34 263
35 182
36 175
37 153
38 172
39 147
40 135
41 123
42 109
43 91
44 78
45 68
46 73
47 60
48 49
49 58
50 44
51 51
52 46
53 33
54 31
55 37
56 31
57 31
58 23
59 10
60 15
61 21
62 14
63 14
64 11
65 8
66 11
67 8
68 10
69 5
70 5
71 8
72 6
73 4
74 1
75 2
76 2
77 3
78 1
79 2
80 2
81 1
82 1
83 1
84 1
86 1
87 1
88 2
93 1
