500 1000 50
0 461599
1 392
2 280
3 276
4 270
5 255
6 250
7 280
8 266
9 216
10 249
11 268
12 247
13 260
14 226
15 256
16 237
17 276
18 238
19 245
20 250
21 246
22 225
23 215
24 266
25 225
26 249
27 207
28 221
29 205
30 169
31 197
32 205
33 198
34 213
35 167
36 198
37 161
38 187
39 171
40 175
41 160
42 163
43 162
44 167
45 154
46 158
47 156
48 148
49 139
50 134
51 135
52 142
53 135
54 151
55 99
56 117
57 115
58 116
59 107
60 103
61 92
62 77
63 87
64 98
65 84
66 92
67 76
68 64
69 54
70 88
71 63
72 44
73 81
74 76
75 52
76 38
77 56
78 47
79 42
80 43
81 30
82 43
83 36
84 40
85 31
86 40
87 33
88 35
89 26
90 34
91 32
92 38
93 23
94 26
95 29
96 17
97 22
98 16
99 26
100 20
101 17
102 11
103 17
104 15
105 12
106 13
107 11
108 14
109 13
110 10
111 9
112 10
113 5
114 10
115 12
116 6
117 7
118 8
119 6
120 4
121 6
122 5
123 4
124 8
125 4
126 2
127 7
128 8
129 3
130 4
131 6
132 5
133 4
134 3
135 2
136 2
137 6
138 3
139 3
140 5
141 3
142 3
143 2
145 2
146 1
147 3
148 1
150 1
151 2
152 2
153 1
154 2
155 2
156 2
157 2
159 1
160 1
161 1
162 1
163 1
169 1
175 1
189 1
194 1
