500 1000 50
0 462938
1 292
2 213
3 199
4 217
5 225
6 225
7 226
8 201
9 194
10 184
11 211
12 206
13 187
14 234
15 213
16 219
17 234
18 212
19 207
20 211
21 181
22 180
23 198
24 194
25 187
26 202
27 177
28 191
29 167
30 165
31 177
32 196
33 151
34 176
35 174
36 168
37 165
38 152
39 152
40 152
41 151
42 158
43 155
44 140
45 154
46 146
47 133
48 162
49 170
50 129
51 124
52 121
53 132
54 95
55 111
56 128
57 110
58 108
59 107
60 90
61 101
62 84
63 79
64 87
65 81
66 68
67 75
68 78
69 99
70 80
71 90
72 51
73 77
74 64
75 47
76 65
77 63
78 47
79 60
80 49
81 46
82 44
83 34
84 27
85 47
86 53
87 35
88 30
89 45
90 40
91 42
92 32
93 32
94 31
95 27
96 31
97 21
98 22
99 32
100 20
101 18
102 15
103 20
104 12
105 21
106 21
107 15
108 18
109 16
110 12
111 14
112 18
113 11
114 10
115 15
116 14
117 17
118 5
119 5
120 7
121 11
122 7
123 5
124 10
125 6
126 4
127 9
128 5
129 6
130 8
131 4
132 14
133 5
134 6
135 8
136 4
137 5
138 3
139 6
140 2
141 5
143 5
144 1
145 4
146 2
147 2
148 3
149 4
150 1
152 3
153 2
154 3
155 2
156 3
157 1
158 1
163 2
165 2
166 1
167 2
169 1
171 1
174 1
175 1
178 2
182 2
186 1
189 1
202 1
205 1
