500 1000 50
0 454898
1 1614
2 873
3 689
4 602
5 598
6 573
7 518
8 475
9 476
10 467
11 505
12 454
13 444
14 466
15 431
16 398
17 418
18 413
19 383
20 381
21 373
22 383
23 349
24 364
25 351
26 309
27 318
28 328
29 328
30 312
31 292
32 290
33 296
34 259
35 233
36 228
37 235
38 222
39 235
40 215
41 211
42 198
43 186
44 199
45 175
46 168
47 154
48 160
49 138
50 124
51 139
52 124
53 105
54 105
55 100
56 92
57 92
58 93
59 78
60 71
61 74
62 60
63 52
64 60
65 67
66 62
67 68
68 52
69 49
70 42
71 46
72 40
73 41
74 30
75 38
76 29
77 37
78 31
79 17
80 33
81 18
82 16
83 21
84 20
85 21
86 19
87 26
88 16
89 11
90 8
91 8
92 5
93 13
94 8
95 6
96 4
97 9
98 9
99 9
100 10
101 6
102 6
103 5
104 5
105 6
106 9
107 4
108 2
109 5
110 3
111 2
112 4
113 3
114 1
115 3
116 3
117 4
118 3
119 1
120 2
121 2
122 1
123 4
126 2
127 1
128 1
129 2
132 1
154 1
159 1
