500 1000 50
0 464192
1 220
2 176
3 184
4 158
5 159
6 155
7 138
8 184
9 161
10 136
11 197
12 148
13 195
14 174
15 194
16 180
17 177
18 170
19 162
20 171
21 147
22 156
23 165
24 172
25 173
26 155
27 171
28 162
29 137
30 151
31 151
32 161
33 130
34 145
35 141
36 145
37 153
38 126
39 146
40 154
41 137
42 145
43 121
44 128
45 147
46 149
47 121
48 130
49 100
50 137
51 129
52 126
53 112
54 118
55 117
56 112
57 97
58 92
59 96
60 104
61 96
62 103
63 82
64 78
65 84
66 76
67 85
68 73
69 83
70 80
71 75
72 65
73 81
74 64
75 51
76 51
77 51
78 64
79 54
80 62
81 48
82 64
83 56
84 49
85 40
86 49
87 46
88 38
89 45
90 34
91 41
92 30
93 43
94 27
95 24
96 36
97 29
98 30
99 29
100 29
101 27
102 25
103 31
104 24
105 22
106 21
107 15
108 17
109 18
110 15
111 23
112 16
113 21
114 22
115 14
116 11
117 18
118 15
119 13
120 8
121 10
122 11
123 8
124 7
125 12
126 13
127 7
128 9
129 8
130 8
131 11
132 7
133 5
134 8
135 9
136 8
137 5
138 7
139 7
140 7
141 7
142 6
143 3
144 4
145 4
146 6
147 3
148 5
149 4
150 1
151 5
152 3
153 3
154 3
155 2
156 4
157 2
159 2
160 4
161 2
162 3
163 1
164 1
165 1
166 1
168 1
169 2
170 3
171 1
172 1
173 2
174 1
175 3
177 2
178 1
179 1
180 1
187 1
188 1
194 1
196 1
198 2
204 1
219 1
235 1
