500 1000 50
0 431394
1 10706
2 5157
3 3057
4 2082
5 1583
6 1416
7 1273
8 1138
9 1061
10 1018
11 878
12 801
13 850
14 765
15 706
16 746
17 679
18 655
19 609
20 572
21 536
22 537
23 544
24 470
25 448
26 437
27 390
28 383
29 370
30 337
31 322
32 301
33 270
34 292
35 265
36 227
37 190
38 194
39 224
40 161
41 142
42 153
43 116
44 135
45 135
46 111
47 106
48 85
49 69
50 76
51 59
52 66
53 57
54 48
55 50
56 40
57 47
58 39
59 30
60 30
61 42
62 27
63 26
64 23
65 22
66 23
67 16
68 14
69 19
70 8
71 12
72 10
73 14
74 9
75 9
76 9
77 6
78 8
79 4
80 6
81 5
82 3
83 5
84 5
85 5
86 2
87 2
88 1
89 3
91 2
92 3
96 1
99 1
101 1
109 1
111 1
