500 1000 50
0 458992
1 717
2 481
3 392
4 378
5 379
6 375
7 386
8 368
9 352
10 321
11 330
12 342
13 311
14 314
15 304
16 339
17 316
18 332
19 314
20 296
21 299
22 309
23 334
24 276
25 253
26 287
27 261
28 285
29 251
30 241
31 245
32 240
33 252
34 239
35 214
36 215
37 195
38 201
39 210
40 228
41 195
42 180
43 179
44 161
45 169
46 149
47 178
48 164
49 128
50 157
51 131
52 141
53 134
54 111
55 100
56 109
57 108
58 112
59 105
60 87
61 78
62 95
63 90
64 91
65 58
66 69
67 82
68 61
69 58
70 65
71 52
72 59
73 58
74 45
75 47
76 42
77 42
78 44
79 38
80 40
81 24
82 31
83 33
84 22
85 38
86 30
87 16
88 15
89 23
90 21
91 15
92 19
93 25
94 14
95 14
96 14
97 20
98 5
99 12
100 12
101 9
102 10
103 13
104 9
105 5
106 7
107 6
108 11
109 9
110 5
111 7
112 9
113 8
114 5
115 3
116 7
117 4
118 1
119 4
120 8
121 1
122 5
123 4
124 2
125 4
126 2
127 7
128 2
129 1
130 3
131 6
132 4
133 1
134 1
135 1
136 2
137 1
139 1
142 1
143 1
147 1
148 2
151 1
161 1
167 2
