500 1000 50
0 462321
1 326
2 249
3 233
4 214
5 247
6 228
7 240
8 247
9 226
10 213
11 263
12 202
13 229
14 243
15 229
16 209
17 220
18 232
19 223
20 211
21 232
22 231
23 238
24 196
25 220
26 195
27 221
28 185
29 192
30 188
31 174
32 179
33 181
34 171
35 192
36 176
37 174
38 177
39 149
40 159
41 177
42 165
43 166
44 140
45 130
46 156
47 148
48 161
49 148
50 145
51 111
52 121
53 128
54 122
55 113
56 111
57 105
58 101
59 106
60 125
61 94
62 100
63 85
64 101
65 82
66 92
67 79
68 75
69 84
70 58
71 57
72 60
73 52
74 60
75 63
76 56
77 58
78 52
79 57
80 48
81 41
82 50
83 44
84 40
85 44
86 33
87 26
88 33
89 36
90 44
91 28
92 28
93 27
94 34
95 21
96 23
97 26
98 17
99 29
100 21
101 7
102 25
103 23
104 19
105 17
106 15
107 16
108 18
109 9
110 12
111 12
112 7
113 12
114 16
115 13
116 11
117 6
118 9
119 8
120 5
121 7
122 8
123 9
124 5
125 4
126 2
127 6
128 9
129 7
130 1
131 6
132 2
133 5
134 5
135 7
136 4
137 5
138 2
139 4
140 5
141 2
142 6
143 2
144 5
146 3
147 4
148 5
149 1
151 1
153 3
157 1
158 3
159 2
162 1
163 1
164 1
165 1
166 1
168 1
175 1
176 1
179 1
183 1
184 1
194 1
206 1
