500 1000 50
0 456281
1 1234
2 741
3 616
4 551
5 474
6 504
7 471
8 446
9 416
10 393
11 454
12 421
13 443
14 394
15 392
16 391
17 389
18 411
19 356
20 371
21 320
22 345
23 338
24 325
25 316
26 344
27 337
28 320
29 281
30 272
31 288
32 260
33 284
34 239
35 245
36 242
37 253
38 220
39 203
40 204
41 200
42 210
43 178
44 175
45 199
46 181
47 143
48 143
49 150
50 138
51 139
52 139
53 112
54 105
55 110
56 106
57 83
58 87
59 90
60 85
61 98
62 74
63 73
64 63
65 76
66 69
67 41
68 46
69 44
70 44
71 53
72 43
73 41
74 36
75 44
76 34
77 36
78 36
79 33
80 25
81 25
82 33
83 24
84 24
85 20
86 16
87 12
88 17
89 17
90 14
91 11
92 14
93 16
94 12
95 11
96 10
97 5
98 6
99 8
100 4
101 9
102 6
103 7
104 3
105 2
106 10
107 8
108 6
109 7
110 4
111 1
112 3
113 5
114 5
115 5
116 2
117 2
118 6
119 1
121 4
122 3
123 2
124 6
125 1
126 1
127 1
128 1
129 1
130 2
132 1
133 2
135 1
149 1
164 1
