500 1000 50
0 460723
1 487
2 361
3 307
4 301
5 297
6 293
7 286
8 274
9 263
10 317
11 273
12 280
13 271
14 276
15 257
16 282
17 276
18 280
19 295
20 253
21 263
22 280
23 245
24 216
25 264
26 241
27 237
28 223
29 225
30 237
31 223
32 177
33 220
34 195
35 211
36 212
37 192
38 183
39 185
40 197
41 175
42 207
43 173
44 161
45 171
46 165
47 146
48 152
49 135
50 133
51 134
52 127
53 112
54 113
55 121
56 142
57 120
58 100
59 103
60 111
61 79
62 99
63 70
64 89
65 80
66 60
67 67
68 66
69 95
70 58
71 58
72 60
73 52
74 68
75 48
76 55
77 51
78 56
79 47
80 40
81 42
82 37
83 31
84 35
85 33
86 24
87 19
88 24
89 28
90 27
91 26
92 21
93 36
94 16
95 26
96 25
97 22
98 20
99 22
100 19
101 18
102 14
103 17
104 7
105 16
106 8
107 13
108 7
109 7
110 9
111 8
112 7
113 4
114 8
115 5
116 2
117 6
118 4
119 5
120 4
121 9
122 6
123 7
124 4
125 6
126 5
127 3
128 1
129 5
130 5
131 2
132 4
133 4
134 3
135 5
136 4
137 2
138 4
139 2
140 3
141 4
142 1
143 2
144 2
146 1
147 3
148 2
153 1
158 1
160 1
162 1
164 2
170 1
201 1
