500 1000 50
0 463474
1 269
2 203
3 181
4 203
5 206
6 175
7 204
8 196
9 194
10 146
11 199
12 177
13 184
14 212
15 210
16 186
17 190
18 203
19 204
20 179
21 186
22 167
23 183
24 171
25 197
26 168
27 160
28 185
29 162
30 176
31 172
32 152
33 174
34 160
35 150
36 163
37 157
38 148
39 160
40 151
41 130
42 142
43 142
44 135
45 136
46 129
47 140
48 151
49 141
50 134
51 109
52 118
53 104
54 125
55 121
56 118
57 98
58 115
59 98
60 105
61 99
62 88
63 118
64 83
65 71
66 79
67 92
68 77
69 70
70 80
71 76
72 69
73 69
74 54
75 65
76 67
77 74
78 66
79 51
80 54
81 51
82 49
83 50
84 66
85 39
86 34
87 36
88 32
89 28
90 40
91 36
92 33
93 23
94 30
95 39
96 28
97 27
98 17
99 28
100 25
101 20
102 22
103 30
104 20
105 11
106 12
107 21
108 17
109 14
110 21
111 14
112 12
113 19
114 9
115 9
116 9
117 12
118 12
119 16
120 10
121 9
122 13
123 9
124 9
125 13
126 7
127 7
128 10
129 7
130 6
131 9
132 12
133 7
134 8
135 4
136 7
137 4
138 8
139 6
140 5
141 7
142 2
143 4
144 4
146 2
147 4
148 1
149 2
150 1
151 2
152 1
153 2
154 4
155 4
157 3
158 2
159 1
160 3
162 1
163 3
165 2
166 1
170 1
171 1
172 1
173 1
175 2
177 2
179 2
180 2
184 1
188 1
189 1
190 2
195 1
222 1
