500 1000 50
0 463947
1 242
2 205
3 195
4 166
5 168
6 151
7 163
8 164
9 187
10 153
11 162
12 163
13 184
14 201
15 177
16 191
17 191
18 201
19 176
20 186
21 175
22 157
23 154
24 192
25 153
26 149
27 143
28 189
29 170
30 154
31 151
32 150
33 164
34 152
35 150
36 148
37 129
38 151
39 129
40 139
41 138
42 150
43 136
44 155
45 143
46 134
47 125
48 133
49 126
50 118
51 132
52 126
53 117
54 113
55 109
56 101
57 103
58 95
59 96
60 103
61 102
62 99
63 80
64 91
65 85
66 76
67 76
68 60
69 76
70 78
71 82
72 75
73 79
74 71
75 72
76 57
77 61
78 63
79 63
80 66
81 50
82 47
83 51
84 37
85 51
86 42
87 32
88 40
89 32
90 34
91 45
92 42
93 28
94 24
95 21
96 32
97 31
98 26
99 23
100 32
101 24
102 26
103 19
104 26
105 15
106 21
107 27
108 22
109 22
110 20
111 18
112 14
113 21
114 15
115 17
116 14
117 13
118 11
119 10
120 12
121 1
122 13
123 11
124 14
125 3
126 11
127 7
128 6
129 17
130 8
131 7
132 9
133 10
134 8
135 8
136 7
137 8
138 4
139 8
140 5
141 5
142 5
143 6
144 8
145 6
146 4
147 2
148 1
149 1
150 3
151 1
152 2
153 1
154 5
155 3
156 5
157 2
158 4
159 4
160 1
161 1
162 3
164 2
166 1
167 1
169 1
172 1
173 2
174 2
180 1
182 1
184 2
186 1
187 2
191 1
197 1
198 1
199 1
200 1
205 1
222 1
