500 1000 50
0 460191
1 554
2 396
3 360
4 331
5 315
6 300
7 306
8 296
9 307
10 303
11 299
12 290
13 296
14 259
15 294
16 276
17 303
18 308
19 279
20 266
21 289
22 283
23 259
24 258
25 269
26 232
27 273
28 230
29 232
30 215
31 234
32 229
33 242
34 207
35 220
36 191
37 182
38 205
39 179
40 180
41 169
42 184
43 174
44 166
45 168
46 171
47 176
48 166
49 169
50 127
51 136
52 121
53 143
54 105
55 129
56 125
57 114
58 92
59 99
60 80
61 105
62 83
63 89
64 83
65 78
66 86
67 70
68 66
69 65
70 68
71 65
72 60
73 50
74 54
75 45
76 42
77 40
78 49
79 50
80 49
81 40
82 32
83 35
84 25
85 30
86 26
87 26
88 24
89 33
90 22
91 23
92 21
93 19
94 17
95 22
96 21
97 19
98 22
99 14
100 15
101 16
102 8
103 13
104 9
105 12
106 13
107 11
108 9
109 10
110 7
111 5
112 7
113 5
114 4
115 7
116 6
117 7
118 4
119 6
120 8
121 6
122 5
123 5
124 3
125 6
126 2
127 4
128 3
129 4
130 2
131 5
132 2
133 4
134 5
135 1
136 2
137 1
138 2
140 1
141 1
142 4
143 2
147 2
151 2
152 1
154 1
155 2
156 1
157 1
159 1
163 1
164 1
177 1
