500 1000 50
0 446396
1 4939
2 2069
3 1356
4 1067
5 925
6 865
7 761
8 751
9 691
10 711
11 711
12 629
13 578
14 610
15 579
16 541
17 530
18 498
19 538
20 502
21 472
22 465
23 409
24 411
25 390
26 425
27 394
28 364
29 393
30 350
31 321
32 274
33 316
34 291
35 260
36 245
37 238
38 214
39 209
40 206
41 204
42 209
43 204
44 169
45 156
46 164
47 128
48 113
49 106
50 112
51 85
52 111
53 93
54 73
55 82
56 71
57 66
58 69
59 55
60 53
61 62
62 47
63 45
64 50
65 38
66 33
67 32
68 38
69 32
70 31
71 33
72 27
73 21
74 19
75 19
76 20
77 17
78 10
79 22
80 17
81 10
82 14
83 10
84 4
85 8
86 7
87 11
88 6
89 9
90 10
91 6
92 7
93 2
94 5
95 3
96 6
97 4
98 6
99 3
100 5
101 2
102 1
103 4
104 1
105 1
106 1
107 1
108 1
109 2
112 1
114 1
116 1
117 1
119 1
120 1
