100 2000 50
0 165268
1 117
2 336
3 546
4 798
5 1031
6 1123
7 1197
8 1240
9 1123
10 1086
11 976
12 874
13 772
14 709
15 547
16 506
17 436
18 404
19 311
20 279
21 252
22 195
23 162
24 145
25 109
26 101
27 99
28 77
29 60
30 47
31 38
32 42
33 42
34 34
35 35
36 22
37 24
38 23
39 23
40 16
41 16
42 15
43 11
44 11
45 10
46 9
47 9
48 10
49 7
50 6
51 6
52 8
53 3
54 9
55 8
56 6
57 5
58 7
59 3
60 3
61 4
63 6
64 2
65 2
66 3
67 4
68 3
69 6
70 4
71 2
72 4
73 1
74 3
75 1
76 3
77 4
78 1
79 2
80 2
81 2
82 1
83 2
84 2
85 3
88 1
89 4
91 1
92 2
94 2
95 1
96 2
97 1
98 1
101 1
102 1
103 2
105 1
106 1
109 2
111 1
115 1
116 1
118 1
123 2
126 2
128 1
132 3
134 1
139 1
143 1
145 1
152 1
156 1
166 1
170 1
173 2
179 1
182 1
186 1
200 1
201 1
203 1
