100 2000 50
0 170033
1 12
2 45
3 125
4 215
5 294
6 467
7 531
8 660
9 730
10 698
11 710
12 696
13 658
14 639
15 566
16 539
17 489
18 408
19 372
20 327
21 250
22 237
23 192
24 193
25 138
26 152
27 114
28 98
29 85
30 51
31 63
32 49
33 48
34 37
35 33
36 26
37 33
38 20
39 30
40 21
41 23
42 14
43 10
44 11
45 15
46 4
47 9
48 11
49 9
50 10
51 14
52 7
53 4
54 3
55 4
56 5
57 5
58 5
59 6
60 5
61 1
62 8
63 8
64 2
65 2
66 4
67 1
68 6
69 3
70 1
71 1
72 3
73 6
74 1
75 3
76 3
77 3
78 5
79 1
80 2
81 2
82 1
83 1
84 1
85 1
87 2
88 2
89 2
90 4
91 1
93 1
95 2
96 4
97 3
98 3
99 1
100 2
101 1
103 1
104 3
105 2
106 3
107 1
108 1
110 1
113 1
114 5
115 1
117 1
119 1
123 3
124 1
126 3
128 2
129 1
131 2
133 1
134 1
135 1
136 1
138 4
139 1
141 1
143 2
148 1
152 2
155 1
156 1
159 1
160 1
162 1
163 5
165 1
166 2
167 2
168 1
169 1
171 1
172 1
173 4
174 2
175 2
176 2
177 1
179 1
180 1
181 1
183 1
184 1
186 2
189 2
191 3
193 2
194 3
195 2
197 1
198 1
199 1
200 1
202 1
203 2
204 1
205 1
210 1
211 3
212 4
214 1
215 2
218 2
219 1
220 1
221 3
225 1
231 1
233 1
235 1
236 1
240 1
241 1
242 3
246 1
249 1
250 1
265 2
266 3
273 1
274 1
282 1
287 1
288 1
296 1
299 1
