100 2000 50
0 168552
1 35
2 115
3 234
4 386
5 506
6 691
7 775
8 851
9 976
10 914
11 800
12 762
13 741
14 623
15 577
16 530
17 420
18 358
19 289
20 306
21 277
22 220
23 175
24 139
25 124
26 118
27 107
28 81
29 65
30 66
31 41
32 50
33 40
34 28
35 29
36 35
37 27
38 22
39 13
40 12
41 16
42 16
43 14
44 10
45 15
46 8
47 4
48 9
49 10
50 2
51 6
52 7
53 3
54 10
55 4
56 7
57 4
58 7
59 7
60 5
61 3
62 4
63 1
64 4
65 2
66 2
67 9
68 3
69 5
70 4
71 6
72 1
73 4
76 2
77 2
78 1
79 3
80 1
81 2
82 2
83 4
84 1
85 2
86 1
87 1
88 2
89 2
90 1
91 1
92 2
93 4
97 5
98 2
99 3
103 1
105 1
106 2
107 2
109 2
110 2
113 2
114 1
115 2
116 2
117 1
118 3
120 1
121 2
123 2
125 1
126 1
127 1
128 1
129 3
130 2
131 2
136 1
137 2
138 2
139 2
140 2
141 2
142 1
143 2
144 3
145 1
150 2
151 1
152 2
153 2
154 1
155 2
159 1
160 1
164 2
165 1
170 2
173 3
174 1
175 2
176 1
177 2
181 1
183 1
184 2
185 2
186 1
187 1
189 1
190 3
191 2
192 1
193 1
195 1
197 4
198 3
199 1
201 1
202 2
204 1
207 1
208 1
209 1
213 1
214 1
217 3
218 1
219 1
225 2
227 1
228 1
230 2
231 1
232 1
233 1
234 1
236 1
239 1
247 1
252 1
260 1
262 1
273 1
276 1
325 1
