100 2000 50
0 170410
1 6
2 44
3 96
4 184
5 267
6 405
7 500
8 566
9 626
10 683
11 715
12 681
13 686
14 609
15 577
16 510
17 451
18 373
19 372
20 315
21 288
22 225
23 201
24 191
25 157
26 130
27 112
28 113
29 75
30 73
31 69
32 59
33 69
34 35
35 41
36 45
37 26
38 27
39 14
40 18
41 20
42 20
43 21
44 14
45 13
46 8
47 19
48 13
49 8
50 5
51 11
52 7
53 11
54 12
55 7
56 4
57 7
58 10
59 6
60 3
61 4
62 3
63 6
64 4
66 4
67 3
68 1
69 4
70 5
71 3
72 3
73 1
74 1
75 2
76 2
77 1
78 3
79 2
80 1
81 1
82 3
83 2
85 4
86 1
87 1
89 1
90 1
91 3
92 3
93 5
94 1
95 2
97 1
100 3
101 4
102 2
104 2
105 3
107 1
108 1
109 2
111 1
112 2
113 1
114 2
115 1
116 2
119 2
123 3
124 1
126 1
127 2
128 1
130 1
132 2
133 1
134 1
135 1
137 1
139 1
142 4
144 2
146 2
147 3
148 2
149 3
151 1
152 2
158 2
159 1
162 2
163 2
164 1
167 1
169 1
171 1
172 1
173 2
175 1
176 2
177 1
178 1
179 2
182 1
183 1
184 2
186 1
190 1
191 2
192 3
193 1
196 3
197 3
198 1
200 3
202 2
203 1
204 3
205 1
206 3
207 2
208 1
210 1
211 1
212 1
213 1
214 1
218 1
219 1
220 1
221 2
223 1
225 1
226 1
228 2
230 2
231 3
232 1
237 1
240 1
242 2
243 1
244 2
245 1
246 1
247 1
250 1
255 1
256 1
259 1
260 1
263 1
274 1
276 1
278 1
