100 2000 50
0 169908
1 14
2 48
3 125
4 251
5 313
6 440
7 548
8 703
9 725
10 771
11 728
12 699
13 687
14 648
15 585
16 526
17 452
18 384
19 341
20 302
21 296
22 219
23 224
24 157
25 156
26 124
27 118
28 90
29 83
30 93
31 67
32 37
33 44
34 37
35 25
36 34
37 23
38 18
39 22
40 31
41 15
42 13
43 19
44 19
45 8
46 7
47 10
48 7
49 8
50 6
51 6
52 4
53 9
54 2
55 7
56 5
57 7
58 6
59 7
60 3
61 3
62 7
63 2
64 2
65 5
66 7
67 1
68 5
69 5
70 1
72 2
73 3
74 1
75 7
76 1
77 1
80 3
81 3
82 1
84 2
85 2
86 4
87 1
89 1
90 1
91 1
92 3
93 1
94 1
95 2
98 1
100 1
102 2
103 3
104 1
105 3
106 1
107 2
108 1
109 1
110 2
114 4
115 2
116 1
117 1
120 1
122 1
124 1
125 4
128 2
130 1
133 1
136 2
138 1
139 1
140 1
141 1
142 1
144 2
146 2
147 2
149 3
154 1
155 3
156 2
157 1
158 2
160 2
161 4
164 2
165 2
166 2
167 2
168 1
169 1
170 1
171 1
173 2
174 2
175 1
176 1
177 1
179 2
180 3
181 1
182 2
183 3
184 2
185 1
186 1
187 1
191 1
193 1
194 3
196 1
197 3
199 1
200 2
203 1
204 1
205 2
209 1
210 3
211 3
212 1
213 1
215 4
218 2
219 1
220 3
221 1
226 1
228 1
230 1
231 2
233 2
239 1
243 1
244 1
245 1
250 1
252 1
253 1
255 1
259 1
261 1
264 1
266 1
276 1
288 1
301 1
308 1
