100 2000 50
0 167855
1 40
2 147
3 283
4 495
5 681
6 752
7 911
8 957
9 953
10 871
11 868
12 820
13 800
14 650
15 564
16 458
17 429
18 412
19 304
20 286
21 222
22 191
23 180
24 135
25 137
26 109
27 89
28 81
29 77
30 54
31 41
32 43
33 39
34 37
35 28
36 30
37 32
38 22
39 27
40 8
41 19
42 16
43 16
44 13
45 11
46 12
47 6
48 8
49 5
50 9
51 6
52 8
53 5
54 4
55 3
56 9
57 8
58 3
59 7
60 3
61 4
62 4
63 5
64 6
65 1
66 4
67 2
68 2
69 2
70 5
71 5
72 2
73 6
74 1
75 2
76 1
78 4
80 4
81 6
82 2
83 1
84 1
85 2
86 1
87 2
88 4
89 1
90 3
91 1
94 1
95 2
96 3
97 3
98 3
99 4
100 1
102 1
103 1
105 3
106 1
107 2
108 1
109 1
110 1
111 2
115 2
116 3
117 1
123 1
125 2
126 1
128 1
129 1
133 4
134 3
136 1
137 1
140 1
143 2
145 3
147 1
149 2
151 3
152 1
154 1
155 1
156 1
157 1
158 2
159 1
160 1
161 1
162 2
163 1
164 1
165 2
167 1
168 3
169 3
170 1
171 1
172 3
173 1
175 1
176 1
178 1
180 1
182 3
184 1
185 1
190 1
192 1
193 1
195 1
197 2
201 1
202 1
205 2
206 2
208 1
209 1
216 1
217 1
218 3
222 1
226 1
227 1
231 1
236 2
243 1
244 1
248 1
257 1
258 1
274 1
