100 2000 50
0 169631
1 14
2 63
3 172
4 254
5 373
6 529
7 634
8 701
9 762
10 725
11 755
12 775
13 720
14 642
15 537
16 504
17 472
18 393
19 351
20 305
21 258
22 226
23 198
24 144
25 118
26 136
27 108
28 98
29 68
30 77
31 63
32 45
33 38
34 45
35 30
36 21
37 22
38 29
39 29
40 27
41 10
42 21
43 15
44 16
45 11
46 11
47 11
48 15
49 6
50 8
51 4
52 7
53 6
54 6
55 7
56 3
57 5
58 4
59 6
60 3
61 2
62 2
63 1
64 2
65 1
66 2
67 1
68 3
69 2
70 1
71 2
72 3
73 3
74 2
75 1
76 3
77 1
78 2
79 6
80 1
81 4
82 2
83 1
85 2
86 3
87 2
88 3
89 1
90 2
91 3
92 2
93 1
95 1
96 2
97 1
98 5
99 1
100 2
102 2
104 2
105 1
106 1
107 3
109 5
110 2
111 1
112 1
113 5
117 3
118 1
119 2
120 1
121 4
123 3
124 2
125 1
127 2
128 2
131 1
132 2
134 3
135 1
139 1
141 3
142 1
143 2
148 2
150 1
153 2
155 2
156 1
157 1
158 2
160 1
164 1
165 1
166 1
167 1
168 1
169 1
170 2
173 2
174 2
175 1
178 2
181 1
182 1
183 4
184 2
186 1
187 1
188 2
189 1
190 1
191 3
194 1
195 1
197 2
199 2
200 1
201 2
202 1
203 3
206 1
209 3
210 3
211 2
212 1
213 1
214 2
215 1
220 1
221 1
223 1
224 1
225 3
228 2
229 1
231 1
232 1
237 2
238 2
244 1
249 1
250 1
251 1
257 1
259 1
266 1
269 2
270 1
280 1
283 1
287 1
311 1
