100 2000 50
0 167413
1 71
2 160
3 347
4 590
5 701
6 822
7 949
8 937
9 1001
10 946
11 904
12 839
13 771
14 676
15 549
16 487
17 431
18 326
19 308
20 268
21 227
22 184
23 220
24 121
25 126
26 134
27 91
28 81
29 73
30 50
31 55
32 43
33 48
34 29
35 35
36 31
37 24
38 23
39 24
40 14
41 12
42 16
43 11
44 12
45 10
46 15
47 11
48 13
49 2
50 13
51 3
52 9
53 9
54 8
55 3
56 5
57 4
58 6
59 5
60 6
61 8
62 1
63 6
64 4
65 5
66 1
67 6
68 7
69 4
70 5
71 5
72 1
73 3
74 2
75 1
76 1
77 3
78 1
79 2
80 3
81 2
82 2
83 1
84 3
85 1
86 3
87 3
89 3
90 1
91 2
92 2
93 2
94 2
95 1
96 3
98 2
99 1
100 1
102 3
104 2
106 1
107 1
109 1
114 4
117 1
119 2
120 2
121 4
122 1
123 1
125 2
128 1
129 2
130 1
132 2
133 1
134 1
137 1
139 2
142 2
143 1
144 1
145 2
148 1
149 2
150 1
151 2
152 2
155 1
156 2
157 1
158 1
161 1
163 1
164 1
168 2
169 1
173 1
174 2
175 2
176 1
178 2
180 2
181 1
185 1
186 2
188 3
189 2
192 1
195 1
201 3
206 1
219 1
221 2
225 1
236 1
237 1
245 1
251 2
255 1
260 1
262 1
266 1
