100 2000 50
0 170476
1 15
2 29
3 93
4 180
5 245
6 371
7 440
8 607
9 635
10 676
11 700
12 684
13 682
14 620
15 547
16 491
17 473
18 419
19 332
20 317
21 280
22 257
23 220
24 190
25 137
26 158
27 122
28 95
29 94
30 62
31 71
32 51
33 46
34 55
35 48
36 36
37 27
38 20
39 23
40 22
41 19
42 22
43 17
44 19
45 18
46 8
47 16
48 6
49 9
50 7
51 9
52 1
53 3
54 6
55 3
56 11
57 6
58 5
59 4
60 8
61 8
62 2
63 1
64 2
65 3
66 4
67 2
68 4
69 4
70 5
71 3
72 5
73 2
74 1
75 2
76 2
77 3
78 4
79 6
80 1
81 2
82 2
83 3
84 3
85 2
86 2
87 4
88 2
89 5
90 2
92 2
93 2
94 3
95 1
96 3
97 1
99 1
100 1
101 1
104 1
105 1
106 2
109 2
113 3
114 3
115 1
116 4
117 1
119 2
120 2
121 1
123 3
126 1
127 2
128 1
129 1
130 1
131 1
132 2
133 2
134 1
136 2
137 3
138 1
140 1
143 4
144 1
145 1
147 2
149 1
150 1
151 2
152 1
153 3
155 3
156 2
158 1
160 2
161 1
162 1
164 5
165 2
166 1
168 2
169 1
171 2
172 1
174 1
175 1
176 1
177 3
178 1
181 1
182 2
183 1
184 1
185 2
186 1
187 5
189 2
192 1
193 2
194 2
195 1
196 1
197 1
198 1
200 2
201 1
202 2
203 1
205 1
207 1
208 2
209 1
211 2
212 1
214 1
215 2
217 1
218 2
227 1
230 1
233 1
237 1
238 1
240 1
241 2
242 1
246 1
247 1
251 1
257 2
258 1
259 1
260 1
267 1
270 1
291 1
