100 2000 50
0 169463
1 23
2 65
3 152
4 266
5 417
6 535
7 626
8 822
9 826
10 743
11 776
12 695
13 708
14 665
15 579
16 515
17 404
18 386
19 350
20 290
21 273
22 228
23 209
24 182
25 154
26 107
27 95
28 85
29 72
30 64
31 47
32 44
33 36
34 47
35 22
36 26
37 20
38 28
39 19
40 24
41 18
42 16
43 17
44 14
45 9
46 21
47 11
48 12
49 3
50 6
51 5
52 4
53 4
54 5
55 5
56 4
57 5
58 4
59 2
60 5
61 10
62 1
63 4
64 7
65 1
66 1
67 1
68 4
69 3
70 3
71 1
72 1
73 4
74 3
75 2
76 1
77 2
79 1
80 2
81 3
82 1
83 4
84 3
86 3
87 5
89 1
90 4
91 1
92 4
93 1
95 1
96 1
97 1
98 1
99 2
101 1
102 1
103 1
104 1
105 2
106 1
107 1
108 1
109 1
110 4
111 1
112 1
115 2
116 1
117 3
118 2
119 3
122 1
123 1
126 1
129 1
130 1
134 2
135 2
138 5
141 1
143 3
144 1
145 3
146 1
147 3
149 1
150 1
151 3
153 1
154 1
155 1
156 2
157 2
158 3
159 1
162 1
163 1
166 2
168 1
169 2
170 1
171 2
172 1
173 1
174 2
175 3
176 3
177 2
178 2
180 1
181 1
182 1
185 2
186 3
187 1
189 3
190 1
191 1
193 1
194 3
195 2
196 2
197 1
198 1
199 2
200 1
202 2
205 1
207 1
208 2
210 3
212 1
213 2
214 1
215 1
218 1
219 1
222 2
225 1
228 1
233 1
235 1
238 2
246 2
247 2
248 1
249 1
253 1
263 1
265 1
267 2
276 1
278 1
282 1
291 1
