100 2000 50
0 169768
1 18
2 48
3 139
4 231
5 373
6 470
7 561
8 666
9 757
10 757
11 777
12 760
13 693
14 645
15 601
16 534
17 432
18 402
19 325
20 292
21 283
22 224
23 199
24 179
25 145
26 127
27 108
28 95
29 76
30 69
31 71
32 38
33 47
34 36
35 35
36 20
37 25
38 38
39 18
40 20
41 17
42 17
43 8
44 13
45 8
46 9
47 9
48 12
49 11
50 1
51 4
52 9
53 3
54 5
55 6
56 7
57 3
58 4
59 2
60 5
61 4
62 2
63 4
64 2
65 4
66 3
67 2
68 5
69 4
70 2
71 1
72 2
73 2
74 3
75 2
76 4
77 3
78 5
79 7
80 2
81 1
82 3
83 1
84 1
85 3
86 2
87 1
88 2
90 2
91 4
92 2
93 1
95 1
96 3
98 2
99 3
100 1
103 1
104 2
105 1
109 5
110 2
112 2
113 1
114 2
116 3
117 1
118 1
121 1
122 3
125 1
126 1
127 1
128 2
129 2
131 1
132 1
133 1
134 4
135 3
136 1
137 1
138 1
140 2
141 1
143 2
144 1
146 4
148 1
150 1
151 2
152 1
153 1
154 2
155 2
156 2
158 1
159 2
161 2
164 1
166 3
168 1
169 2
170 2
172 3
174 1
177 1
178 1
179 1
180 1
181 1
182 1
184 1
185 1
186 4
188 1
190 1
195 1
196 2
197 3
198 1
200 4
201 1
204 1
206 1
207 1
210 1
212 1
214 1
215 2
216 3
219 2
221 1
222 3
227 1
228 1
231 1
232 2
233 1
235 1
240 1
242 1
243 1
250 2
251 1
255 1
256 1
260 1
263 1
267 1
277 1
278 1
280 2
293 1
297 1
313 1
316 1
