100 2000 50
0 166868
1 59
2 212
3 387
4 591
5 814
6 929
7 966
8 1032
9 1095
10 922
11 969
12 821
13 769
14 640
15 567
16 491
17 435
18 441
19 312
20 259
21 230
22 207
23 172
24 149
25 127
26 101
27 92
28 66
29 71
30 53
31 49
32 52
33 40
34 31
35 22
36 34
37 27
38 24
39 17
40 11
41 21
42 17
43 14
44 18
45 3
46 9
47 14
48 7
49 10
50 3
51 5
52 12
53 5
54 7
55 3
56 4
57 3
58 4
59 5
60 3
61 5
62 4
63 2
64 3
65 5
67 5
68 1
69 6
70 3
71 2
72 2
73 3
74 2
75 4
76 9
77 2
78 2
79 3
80 2
85 2
86 2
87 3
88 1
89 2
91 3
92 2
93 1
94 1
95 2
96 1
97 4
98 1
99 1
100 1
101 1
102 2
103 1
104 1
105 1
106 4
107 1
109 2
110 2
111 4
112 1
113 1
114 1
115 2
116 2
119 1
120 2
121 2
124 2
125 1
126 1
127 1
128 1
131 1
133 4
135 1
139 2
140 1
141 2
142 1
143 1
145 1
147 2
151 1
156 1
158 1
159 2
160 1
163 2
164 1
165 2
167 2
169 1
171 1
172 1
174 1
175 1
177 1
180 1
182 3
183 1
188 1
196 1
199 1
202 1
204 2
212 1
215 1
218 1
219 1
234 1
237 1
241 1
246 1
263 1
