100 2000 50
0 166160
1 87
2 274
3 457
4 727
5 888
6 996
7 1105
8 1092
9 1053
10 976
11 986
12 898
13 749
14 692
15 635
16 486
17 430
18 341
19 307
20 261
21 236
22 177
23 149
24 151
25 106
26 125
27 80
28 91
29 79
30 55
31 42
32 48
33 40
34 32
35 32
36 27
37 23
38 26
39 26
40 22
41 21
42 13
43 12
44 16
45 13
46 14
47 10
48 7
49 9
50 12
51 4
52 10
53 8
54 8
55 6
56 3
57 5
58 6
59 8
60 3
61 2
62 2
63 4
64 6
65 1
66 2
68 1
69 3
70 2
71 3
72 4
73 1
74 4
75 4
76 3
77 3
78 2
79 3
80 3
81 4
82 2
85 1
86 1
87 2
88 3
89 6
90 3
91 2
92 1
94 3
96 1
98 1
99 2
100 1
102 3
103 2
105 2
108 2
109 1
110 2
111 2
112 2
113 3
116 3
117 2
119 2
120 1
123 1
125 1
126 4
127 2
131 1
134 1
135 1
136 1
137 1
138 2
141 1
144 1
150 1
152 1
157 1
162 1
163 2
167 2
178 1
179 1
181 1
183 1
186 2
190 1
192 1
195 1
208 1
210 1
220 1
