100 2000 50
0 170232
1 8
2 57
3 109
4 191
5 305
6 424
7 517
8 590
9 686
10 689
11 645
12 681
13 662
14 600
15 596
16 560
17 473
18 430
19 349
20 309
21 286
22 279
23 200
24 154
25 152
26 132
27 99
28 104
29 98
30 82
31 60
32 71
33 46
34 43
35 41
36 30
37 25
38 30
39 24
40 19
41 13
42 18
43 12
44 10
45 17
46 11
47 10
48 12
49 13
50 9
51 6
52 6
53 11
54 4
55 5
56 6
57 5
58 4
59 4
60 2
61 5
62 6
63 3
64 3
65 2
66 3
67 3
68 1
69 3
70 2
71 2
72 1
73 1
74 1
75 5
76 2
77 2
78 2
80 4
81 2
82 1
83 4
86 1
88 3
89 1
90 1
91 1
92 3
93 2
94 1
96 1
98 3
99 1
100 1
101 1
102 1
104 3
105 2
106 3
107 1
108 3
110 2
111 3
112 2
114 3
115 2
116 2
118 1
119 1
121 1
122 2
125 1
126 5
127 1
128 4
129 2
130 1
131 1
135 1
136 1
137 1
138 1
140 1
142 1
144 1
146 1
148 1
150 1
151 1
152 2
153 1
155 3
156 4
157 1
158 2
160 1
161 2
163 1
164 1
165 1
166 1
168 1
169 1
170 1
171 1
172 2
173 2
174 1
175 2
177 1
178 1
179 2
180 1
182 1
183 1
185 1
186 1
188 2
191 1
192 1
193 1
194 3
196 4
198 1
200 1
201 2
202 2
204 1
206 4
208 2
209 1
210 1
216 1
217 1
218 1
219 3
223 1
224 1
229 2
230 2
231 1
233 1
235 2
237 1
241 1
245 1
248 1
253 1
254 1
255 1
261 1
262 1
263 1
269 2
277 1
278 1
285 2
290 1
296 2
319 1
