100 2000 50
0 169091
1 21
2 88
3 202
4 312
5 460
6 580
7 709
8 819
9 788
10 827
11 826
12 720
13 770
14 666
15 546
16 576
17 501
18 379
19 311
20 290
21 253
22 203
23 166
24 158
25 136
26 95
27 96
28 71
29 67
30 61
31 41
32 44
33 35
34 28
35 40
36 29
37 29
38 18
39 14
40 24
41 18
42 16
43 16
44 18
45 14
46 9
47 12
48 12
49 7
50 6
51 5
52 3
53 5
54 4
55 5
56 4
57 7
58 3
59 4
60 4
61 4
62 7
63 3
64 4
65 2
66 3
67 3
68 6
69 3
70 1
71 2
72 3
73 1
74 1
75 5
76 3
77 1
78 2
79 2
80 3
81 2
83 2
84 2
85 2
86 1
87 4
88 3
90 3
91 3
94 1
95 2
96 2
97 1
98 2
99 1
101 2
102 1
103 1
104 5
105 2
106 1
107 1
109 1
110 2
111 1
112 2
115 1
116 2
117 1
118 1
119 2
121 2
122 1
125 3
126 1
127 1
128 1
129 1
131 2
132 1
133 1
134 1
135 1
137 1
138 1
141 1
142 3
143 1
145 1
146 2
147 2
148 2
149 1
152 3
153 1
155 2
159 1
161 1
164 2
165 2
166 2
168 1
169 1
170 2
174 1
176 3
177 1
178 4
179 2
181 2
182 2
184 1
185 1
186 1
187 1
188 1
189 3
191 1
192 2
193 1
195 2
197 1
198 1
199 3
203 2
205 1
206 1
207 1
209 2
212 1
214 1
215 1
216 1
217 1
218 1
220 1
224 1
227 1
228 1
229 1
230 1
231 2
233 2
235 1
236 1
237 1
238 2
242 2
246 2
248 1
249 1
252 1
257 1
260 1
269 1
273 1
275 2
283 1
287 1
289 1
