100 2000 50
0 168840
1 33
2 86
3 195
4 356
5 487
6 683
7 745
8 820
9 880
10 885
11 844
12 736
13 699
14 658
15 590
16 476
17 478
18 362
19 323
20 282
21 231
22 208
23 153
24 141
25 151
26 135
27 88
28 73
29 75
30 45
31 56
32 48
33 49
34 37
35 39
36 27
37 26
38 27
39 18
40 20
41 13
42 13
43 12
44 10
45 8
46 11
47 10
48 10
49 11
50 4
51 7
52 2
53 10
54 6
55 7
56 6
57 3
58 3
59 7
60 8
61 5
62 8
63 2
64 4
65 3
66 5
67 3
68 2
69 1
70 1
71 6
72 3
73 5
74 2
75 3
76 2
77 1
78 4
79 1
80 2
81 1
82 3
83 2
84 2
87 5
88 2
90 1
91 3
92 2
93 1
94 4
95 1
96 3
97 2
98 1
99 1
101 1
102 2
104 3
105 1
107 1
108 2
111 1
113 1
114 2
115 1
117 2
118 1
119 1
121 1
122 1
124 1
125 2
126 1
127 1
128 1
129 3
131 2
132 1
133 1
134 2
135 1
137 2
139 1
140 3
141 1
143 2
144 2
146 3
153 1
154 1
155 1
159 3
160 2
162 1
165 4
166 1
168 1
170 2
171 1
172 1
173 1
175 1
176 1
177 2
178 4
179 1
180 2
183 1
185 3
187 3
189 1
190 1
191 1
192 1
193 1
195 4
200 2
201 2
202 2
203 2
205 1
206 1
209 2
212 1
213 4
215 1
216 1
220 2
221 1
223 1
225 1
227 1
228 1
230 2
231 1
233 1
235 1
236 1
237 2
238 1
246 1
247 1
250 1
251 1
258 2
272 1
282 1
288 1
