100 2000 50
0 168214
1 38
2 140
3 263
4 436
5 578
6 742
7 868
8 897
9 942
10 894
11 871
12 772
13 750
14 637
15 556
16 477
17 424
18 379
19 345
20 296
21 233
22 198
23 182
24 140
25 118
26 107
27 87
28 82
29 51
30 72
31 42
32 43
33 49
34 31
35 29
36 22
37 23
38 27
39 25
40 13
41 17
42 14
43 20
44 8
45 11
46 12
47 12
48 11
49 6
50 6
51 8
52 11
53 9
54 10
56 2
57 9
58 12
59 2
60 7
61 2
62 4
63 4
64 3
65 4
66 5
67 1
68 6
69 1
70 3
71 3
72 3
73 1
74 6
75 3
76 1
77 4
78 1
79 3
80 2
82 3
83 3
84 3
85 2
86 4
87 3
88 3
89 1
90 6
91 2
92 2
94 1
95 1
96 2
98 2
99 4
100 1
103 3
106 2
107 2
108 2
111 2
114 3
115 1
118 2
120 1
122 1
125 2
126 2
128 1
129 1
130 1
134 1
135 2
137 3
138 2
139 2
141 1
143 1
144 1
146 3
147 1
148 1
151 2
152 2
153 1
156 1
158 1
159 2
160 2
161 2
165 1
167 5
168 2
170 2
171 1
172 1
173 2
175 1
176 1
178 3
179 3
181 1
183 3
185 2
186 3
187 1
189 2
191 1
194 1
200 2
201 1
202 2
203 1
210 1
211 1
215 1
216 2
219 1
221 1
226 1
231 1
233 1
237 1
238 1
239 1
241 1
248 1
250 1
254 2
255 1
259 1
278 1
281 1
285 1
