100 2000 50
0 170327
1 10
2 44
3 100
4 212
5 300
6 394
7 529
8 580
9 644
10 659
11 708
12 722
13 680
14 626
15 549
16 507
17 458
18 407
19 380
20 334
21 266
22 219
23 204
24 168
25 134
26 121
27 135
28 94
29 85
30 68
31 64
32 64
33 58
34 48
35 31
36 26
37 33
38 24
39 19
40 19
41 26
42 18
43 24
44 13
45 18
46 11
47 8
48 14
49 3
50 11
51 12
52 4
53 9
54 6
55 6
56 4
57 2
58 5
59 5
60 3
61 3
62 3
63 5
64 2
65 4
66 4
67 1
68 3
69 3
70 2
71 1
72 6
73 5
74 2
75 1
76 2
77 6
78 3
79 6
80 1
81 1
82 2
83 2
84 1
85 3
87 3
88 1
89 1
90 4
92 5
95 1
96 4
97 1
99 2
100 1
102 1
105 1
106 1
109 1
110 2
112 1
113 2
114 2
115 1
117 3
118 1
120 2
122 2
123 2
124 1
125 2
128 2
129 1
130 1
131 1
132 2
133 1
134 1
137 1
138 2
139 2
140 3
142 2
143 2
144 2
145 2
146 1
148 3
151 2
152 2
153 2
154 2
156 1
157 1
158 1
159 1
160 1
162 2
164 1
166 2
168 1
169 1
171 1
173 1
174 3
176 3
177 1
179 4
181 1
183 1
185 1
189 2
190 1
191 2
193 1
194 2
196 1
197 2
198 3
200 1
203 2
204 2
205 1
207 2
209 1
210 2
214 2
215 1
216 1
217 2
218 1
220 3
221 2
222 3
226 1
227 2
228 3
231 1
234 1
235 1
236 1
237 1
238 1
240 1
242 1
249 1
250 1
253 1
254 1
258 1
260 1
262 1
266 1
267 1
276 1
285 1
286 1
298 1
335 1
