100 2000 50
0 169280
1 26
2 74
3 168
4 320
5 442
6 556
7 648
8 758
9 807
10 801
11 803
12 710
13 757
14 668
15 587
16 505
17 452
18 394
19 361
20 316
21 257
22 212
23 182
24 156
25 137
26 118
27 102
28 73
29 71
30 54
31 57
32 38
33 37
34 32
35 24
36 24
37 22
38 20
39 17
40 21
41 18
42 9
43 14
44 15
45 14
46 10
47 8
48 4
49 8
50 12
51 8
52 5
53 8
54 6
55 7
56 6
57 5
58 4
59 3
60 4
61 5
62 2
63 3
64 3
65 5
67 5
68 2
69 1
70 3
71 1
72 7
73 3
74 3
75 8
76 5
77 2
78 2
80 6
81 2
84 2
85 2
86 2
87 5
88 1
89 2
90 3
91 1
92 2
93 2
94 1
95 2
97 2
98 1
100 2
101 1
103 2
104 2
106 1
110 1
111 3
114 3
115 3
116 2
117 3
120 1
121 3
122 1
124 1
125 3
127 1
128 1
129 1
131 3
134 1
135 1
136 1
140 2
141 1
142 2
144 1
146 1
147 2
148 1
149 1
150 1
152 1
154 1
155 1
156 3
157 1
159 2
160 1
162 2
163 1
165 1
166 1
167 1
168 1
169 1
170 1
172 1
173 1
174 2
175 1
176 2
177 1
179 1
180 1
181 3
182 4
184 2
185 1
186 2
187 2
189 1
190 2
192 3
193 1
194 2
196 1
197 2
199 2
200 1
202 1
203 2
207 2
209 1
210 3
211 3
212 1
214 1
216 1
219 4
220 1
221 1
222 2
225 1
227 1
228 1
230 1
233 1
235 1
236 1
237 2
238 1
245 1
246 1
248 2
257 1
279 1
283 1
285 1
291 1
296 1
