500 1000 20
1 128
2 80
3 61
4 54
5 53
6 67
7 47
8 46
9 34
10 32
11 31
12 42
13 33
14 45
15 22
16 28
17 40
18 37
19 39
20 29
21 29
22 29
23 32
24 45
25 36
26 37
27 36
28 40
29 39
30 46
31 42
32 47
33 39
34 51
35 37
36 45
37 51
38 49
39 39
40 51
41 46
42 54
43 50
44 57
45 69
46 65
47 61
48 82
49 72
50 75
51 73
52 80
53 71
54 80
55 89
56 88
57 85
58 99
59 92
60 93
61 100
62 96
63 98
64 103
65 128
66 129
67 134
68 119
69 123
70 113
71 129
72 118
73 142
74 121
75 136
76 121
77 127
78 121
79 117
80 142
81 109
82 118
83 118
84 129
85 119
86 112
87 110
88 113
89 100
90 85
91 107
92 90
93 78
94 80
95 83
96 80
97 84
98 59
99 58
100 62
101 50
102 33
103 41
104 36
105 36
106 40
107 36
108 32
109 22
110 17
111 18
112 12
113 18
114 9
115 8
116 9
117 7
118 6
119 6
120 6
121 3
122 4
123 3
124 1
125 1
126 4
128 1
131 1
