500 4000 10
1 4912
2 5359
3 5637
4 5646
5 5465
6 5453
7 5210
8 5001
9 4760
10 4508
11 4501
12 4261
13 3925
14 3803
15 3574
16 3393
17 3093
18 2982
19 2801
20 2701
21 2477
22 2377
23 2307
24 2160
25 1996
26 1841
27 1712
28 1677
29 1561
30 1372
31 1372
32 1219
33 1181
34 1101
35 1050
36 923
37 885
38 790
39 770
40 659
41 643
42 599
43 523
44 482
45 460
46 400
47 364
48 352
49 302
50 294
51 243
52 232
53 213
54 215
55 178
56 170
57 168
58 140
59 124
60 126
61 91
62 92
63 85
64 70
65 63
66 56
67 53
68 50
69 48
70 42
71 36
72 29
73 22
74 17
75 17
76 20
77 15
78 12
79 15
80 9
81 17
82 9
83 11
84 6
85 6
86 5
87 3
88 7
89 2
90 5
91 3
92 2
94 1
95 1
97 1
98 1
101 1
103 1
