500 1000 80
1 4
2 1
4 1
5 2
6 2
7 1
8 1
10 1
11 3
12 4
14 1
15 2
18 1
22 1
23 1
25 2
29 1
31 1
32 1
33 1
36 1
37 1
38 1
39 1
44 1
49 1
51 1
52 1
53 2
54 1
56 1
60 2
62 2
64 1
65 3
67 1
72 2
77 1
78 1
80 1
84 1
88 1
90 1
103 1
108 1
118 1
120 1
127 1
130 2
132 1
133 1
137 1
142 1
147 1
155 1
162 1
164 1
165 1
166 1
170 1
173 2
188 1
190 1
192 1
194 1
200 1
201 1
211 1
217 1
218 1
219 1
233 1
236 1
243 1
247 1
257 1
270 1
272 1
276 2
279 1
282 1
288 2
290 1
291 1
306 1
307 1
353 1
355 1
376 2
381 1
385 1
391 1
394 1
405 1
407 1
421 1
427 1
444 1
456 1
486 1
491 1
509 1
514 1
544 1
556 1
573 1
579 1
593 1
595 1
606 1
609 1
615 1
619 1
624 2
645 1
647 1
693 1
694 1
709 1
710 1
712 2
718 1
721 1
724 2
728 1
730 1
743 1
753 1
757 1
764 1
767 1
781 1
782 1
783 1
789 1
799 1
800 1
806 1
808 1
810 1
812 1
827 2
830 1
834 1
835 1
836 1
838 1
845 1
853 1
858 1
863 1
867 1
868 1
870 2
873 1
880 1
882 1
892 1
897 1
910 1
912 1
916 1
920 1
922 1
923 1
928 2
933 1
935 3
936 1
938 2
940 2
944 1
946 1
947 2
948 1
949 1
951 1
956 1
961 1
962 1
963 1
964 1
967 1
968 1
969 1
971 1
975 2
977 1
978 1
982 1
985 2
986 1
988 4
989 3
990 1
992 1
993 1
994 2
995 2
996 1
998 1
999 4
1000 376
