500 1000 40
1 8
3 1
4 1
5 1
6 1
15 1
16 1
17 1
18 2
19 1
22 1
23 2
24 1
30 1
34 1
35 1
38 1
39 1
41 2
48 1
49 1
52 1
54 1
57 1
63 2
65 1
73 1
75 1
81 2
82 1
85 1
88 1
90 1
92 1
95 1
96 2
100 3
101 1
102 1
104 1
105 3
106 1
107 2
109 2
110 2
111 1
112 1
113 2
114 1
116 1
117 1
118 1
120 2
121 2
122 2
123 1
124 3
126 3
127 3
128 1
129 3
130 1
131 1
132 2
133 3
134 5
135 3
137 3
138 2
139 3
140 4
141 1
143 2
145 3
146 2
147 2
148 4
149 4
150 3
151 3
153 10
154 1
155 1
156 4
157 1
159 2
160 10
161 4
162 9
163 4
164 4
165 6
166 4
167 5
168 3
169 3
170 4
171 5
172 5
173 8
174 4
175 4
176 9
177 9
178 8
179 5
180 7
181 2
182 7
183 7
184 10
185 2
186 5
187 2
188 7
189 9
190 7
191 8
192 8
193 4
194 11
195 4
196 13
197 4
198 7
199 8
200 7
201 6
202 13
203 9
204 6
205 6
206 10
207 11
208 10
209 6
210 11
211 14
212 9
213 10
214 8
215 9
216 16
217 9
218 12
219 11
220 14
221 10
222 10
223 8
224 6
225 8
226 8
227 13
228 9
229 8
230 12
231 13
232 7
233 13
234 15
235 11
236 7
237 13
238 10
239 13
240 14
241 10
242 11
243 21
244 9
245 17
246 14
247 9
248 15
249 18
250 9
251 7
252 14
253 15
254 14
255 11
256 12
257 17
258 10
259 14
260 10
261 20
262 9
263 16
264 14
265 14
266 20
267 18
268 14
269 14
270 15
271 16
272 7
273 21
274 18
275 10
276 12
277 15
278 13
279 18
280 14
281 11
282 12
283 21
284 15
285 13
286 10
287 12
288 13
289 8
290 15
291 12
292 11
293 10
294 15
295 13
296 13
297 7
298 11
299 18
300 10
301 5
302 9
303 12
304 6
305 7
306 8
307 9
308 11
309 17
310 10
311 10
312 12
313 10
314 6
315 4
316 7
317 11
318 12
319 11
320 4
321 9
322 7
323 8
324 9
325 4
326 11
327 9
328 6
329 6
330 12
331 2
332 10
333 5
334 3
335 5
336 6
337 6
338 8
339 4
340 5
341 4
342 3
343 2
344 2
345 3
346 3
347 7
348 3
349 2
350 2
351 3
352 1
354 5
355 1
356 5
357 6
358 1
359 2
360 1
362 2
363 1
364 2
366 1
368 2
369 1
370 1
371 1
374 1
376 1
377 2
379 1
381 1
382 2
383 1
387 1
388 1
390 1
422 1
