500 6000 10
1 356
2 258
3 195
4 167
5 156
6 141
7 121
8 127
9 126
10 120
11 111
12 106
13 108
14 99
15 91
16 95
17 90
18 91
19 91
20 90
21 89
22 103
23 85
24 85
25 96
26 71
27 81
28 92
29 99
30 94
31 88
32 86
33 96
34 77
35 97
36 102
37 108
38 80
39 84
40 102
41 97
42 97
43 79
44 93
45 100
46 95
47 121
48 110
49 115
50 123
51 110
52 129
53 139
54 113
55 129
56 114
57 135
58 132
59 132
60 128
61 147
62 139
63 154
64 144
65 141
66 159
67 154
68 151
69 169
70 144
71 194
72 205
73 200
74 197
75 202
76 195
77 194
78 192
79 182
80 211
81 226
82 221
83 219
84 258
85 243
86 269
87 232
88 279
89 271
90 238
91 280
92 257
93 291
94 280
95 331
96 323
97 303
98 326
99 309
100 353
101 371
102 365
103 369
104 355
105 365
106 360
107 356
108 373
109 405
110 384
111 327
112 384
113 329
114 379
115 378
116 384
117 348
118 383
119 388
120 380
121 368
122 349
123 379
124 329
125 340
126 334
127 346
128 304
129 330
130 305
131 296
132 306
133 249
134 285
135 267
136 269
137 224
138 251
139 224
140 209
141 198
142 202
143 199
144 207
145 155
146 158
147 120
148 158
149 146
150 135
151 132
152 118
153 98
154 106
155 89
156 94
157 77
158 67
159 59
160 60
161 50
162 48
163 45
164 28
165 49
166 27
167 28
168 22
169 17
170 18
171 22
172 13
173 13
174 9
175 14
176 13
177 9
178 7
179 7
180 9
181 7
182 6
183 3
184 2
185 3
186 2
187 2
188 2
189 5
190 5
191 2
194 1
199 1
