500 4000 10
1 478
2 315
3 265
4 234
5 226
6 162
7 163
8 148
9 169
10 163
11 174
12 158
13 140
14 152
15 131
16 138
17 140
18 154
19 166
20 133
21 121
22 129
23 139
24 150
25 121
26 150
27 143
28 138
29 148
30 151
31 165
32 172
33 153
34 149
35 182
36 182
37 178
38 188
39 187
40 186
41 223
42 209
43 191
44 226
45 242
46 217
47 261
48 251
49 282
50 276
51 265
52 336
53 302
54 312
55 311
56 359
57 355
58 382
59 353
60 404
61 393
62 390
63 433
64 477
65 436
66 448
67 488
68 459
69 501
70 481
71 489
72 507
73 512
74 520
75 525
76 492
77 503
78 461
79 483
80 499
81 482
82 521
83 450
84 479
85 501
86 443
87 432
88 422
89 395
90 343
91 412
92 347
93 352
94 345
95 305
96 286
97 289
98 262
99 243
100 225
101 225
102 208
103 163
104 168
105 159
106 150
107 110
108 104
109 102
110 94
111 105
112 73
113 58
114 50
115 59
116 38
117 43
118 25
119 23
120 21
121 18
122 21
123 8
124 14
125 13
126 5
127 7
128 11
129 1
130 2
131 4
132 7
133 4
135 1
137 2
140 1
141 1
