500 6000 10
1 2606
2 3182
3 3539
4 3585
5 3806
6 3739
7 3658
8 3629
9 3595
10 3514
11 3415
12 3370
13 3232
14 3164
15 3017
16 3011
17 2969
18 2873
19 2783
20 2558
21 2529
22 2458
23 2419
24 2325
25 2216
26 2050
27 2007
28 1966
29 1872
30 1711
31 1735
32 1665
33 1628
34 1610
35 1516
36 1401
37 1324
38 1311
39 1218
40 1147
41 1160
42 1038
43 1046
44 1005
45 956
46 833
47 846
48 827
49 734
50 760
51 739
52 688
53 630
54 633
55 586
56 547
57 532
58 477
59 444
60 454
61 464
62 421
63 389
64 385
65 353
66 307
67 321
68 299
69 272
70 300
71 259
72 243
73 211
74 221
75 191
76 202
77 168
78 172
79 154
80 160
81 126
82 126
83 123
84 96
85 98
86 91
87 96
88 86
89 78
90 70
91 61
92 48
93 64
94 49
95 59
96 53
97 52
98 43
99 55
100 30
101 33
102 29
103 25
104 29
105 19
106 24
107 21
108 23
109 14
110 14
111 11
112 15
113 12
114 14
115 17
116 8
117 10
118 6
119 9
120 8
121 6
122 5
123 7
124 5
125 2
126 5
127 1
128 4
129 2
130 2
131 3
132 2
133 2
135 2
137 1
139 2
140 2
141 2
142 2
147 1
149 1
152 1
