500 2000 10
1 699
2 496
3 384
4 331
5 345
6 307
7 302
8 308
9 309
10 280
11 296
12 279
13 346
14 307
15 360
16 319
17 372
18 368
19 370
20 411
21 464
22 442
23 518
24 497
25 533
26 537
27 556
28 656
29 581
30 713
31 674
32 724
33 772
34 734
35 802
36 849
37 772
38 823
39 858
40 831
41 792
42 810
43 758
44 740
45 696
46 646
47 659
48 599
49 581
50 534
51 454
52 443
53 376
54 332
55 284
56 275
57 242
58 224
59 161
60 136
61 126
62 97
63 75
64 78
65 54
66 49
67 24
68 23
69 19
70 15
71 9
72 9
73 7
74 4
75 4
76 3
77 2
78 1
79 1
80 3
82 1
85 1
