100 3000 50
0 247819
1 30
2 104
3 270
4 443
5 663
6 879
7 934
8 1089
9 1032
10 1023
11 885
12 766
13 633
14 468
15 403
16 290
17 236
18 186
19 131
20 75
21 71
22 60
23 36
24 30
25 20
26 11
27 16
28 10
29 11
30 9
31 6
32 3
33 5
34 4
35 6
36 5
37 3
39 5
40 2
41 2
42 2
43 4
45 1
46 2
47 2
48 4
49 1
50 2
51 2
52 1
54 1
55 2
56 1
57 3
58 2
60 1
61 3
65 1
67 1
68 1
72 2
73 2
75 2
76 1
79 1
82 2
83 1
84 2
85 2
86 1
87 1
89 1
91 2
94 1
98 1
102 1
103 1
104 2
105 1
106 1
113 1
114 1
117 1
119 1
120 1
122 1
126 1
129 1
139 1
140 1
142 2
146 1
150 1
159 1
179 1
182 1
187 1
190 1
193 1
214 1
216 1
217 1
223 1
226 1
232 1
239 1
240 1
255 1
262 1
266 1
267 1
273 1
276 1
284 1
289 1
296 2
298 1
326 1
329 1
335 1
344 1
347 1
348 1
352 1
357 1
361 1
364 1
371 1
378 2
379 2
380 1
388 1
389 1
392 2
393 1
394 1
397 1
402 2
410 1
411 1
415 1
419 1
421 1
424 1
425 1
433 1
436 1
437 1
442 2
445 1
448 1
457 1
459 1
462 1
467 1
468 1
477 2
479 1
480 1
483 2
486 1
494 1
496 1
497 1
498 1
501 2
502 1
503 1
506 1
508 1
510 1
512 1
516 1
517 1
518 1
519 1
521 1
522 1
525 2
527 1
528 2
529 2
530 1
531 2
532 1
535 3
536 1
537 3
538 1
541 1
544 2
546 2
547 3
548 1
549 1
551 1
552 2
553 2
558 2
559 1
561 1
563 1
564 1
566 2
569 2
571 1
572 3
573 3
576 2
581 1
583 1
584 1
585 2
587 1
588 1
589 1
590 2
591 1
592 1
593 2
594 1
598 1
599 2
600 1
603 1
604 1
605 2
606 1
608 3
618 2
620 1
621 1
622 1
623 1
626 2
630 3
640 1
644 1
646 1
649 1
654 1
655 1
656 1
662 1
664 1
667 2
669 1
675 1
679 1
681 1
682 1
687 2
688 1
689 1
691 2
696 1
699 3
703 1
704 1
705 2
708 1
709 2
710 1
711 3
715 1
719 2
720 1
721 1
723 1
728 1
729 1
730 2
734 1
735 2
736 1
741 2
742 1
744 1
745 2
746 1
749 2
754 1
756 1
759 2
763 1
767 1
768 4
769 1
774 1
777 1
778 1
784 1
796 1
797 1
798 1
801 1
802 1
804 1
807 1
811 1
814 1
816 1
820 1
824 1
828 1
832 1
838 1
839 1
841 1
842 1
843 2
844 2
846 1
848 1
849 1
851 1
853 1
856 1
859 1
865 1
866 1
868 1
869 1
872 2
880 1
883 1
885 1
887 2
907 1
927 1
928 1
941 1
952 1
959 1
960 1
961 1
987 1
