100 3000 50
0 247664
1 32
2 130
3 210
4 501
5 707
6 934
7 1054
8 1126
9 1080
10 970
11 871
12 741
13 600
14 489
15 358
16 318
17 213
18 136
19 132
20 89
21 71
22 54
23 51
24 26
25 27
26 14
27 21
28 8
29 5
30 7
31 8
32 5
33 4
34 3
35 5
36 2
37 3
38 4
39 3
40 4
41 1
42 2
43 3
44 1
45 1
46 2
47 1
48 2
50 1
52 1
54 1
55 2
56 1
58 2
59 1
60 1
61 1
62 2
63 1
64 1
65 2
66 1
67 2
68 1
69 1
70 1
72 3
73 1
75 1
76 1
77 1
79 1
80 1
82 2
84 1
85 1
86 2
87 1
89 1
90 1
93 2
97 1
100 1
107 2
110 1
111 2
120 1
122 1
123 1
124 1
127 1
129 1
134 1
137 1
138 1
151 1
155 1
161 1
170 1
171 1
190 1
198 1
202 2
204 1
206 1
210 1
223 2
225 1
252 1
254 1
258 1
263 1
268 1
277 1
284 1
289 2
298 1
310 1
311 1
315 1
323 1
325 1
326 1
327 1
341 1
342 1
364 1
368 1
369 1
372 1
375 1
376 1
381 2
395 2
398 2
399 1
401 1
406 1
408 1
411 1
412 2
415 1
416 1
423 1
424 2
430 2
441 1
444 1
451 1
453 1
455 2
456 1
461 1
462 1
469 1
471 5
474 1
479 2
481 1
483 1
485 1
490 1
495 2
497 1
500 1
501 1
508 3
509 1
518 2
520 1
522 1
524 1
525 2
527 1
528 1
532 1
533 1
534 1
535 1
540 2
541 1
542 1
547 2
548 1
549 3
550 3
551 1
552 1
553 1
554 1
555 2
556 1
557 1
558 1
560 1
564 3
566 1
568 1
569 2
570 3
571 3
572 2
573 3
574 1
577 1
578 1
580 2
582 1
583 1
586 1
588 3
589 2
592 1
593 1
594 1
595 1
598 1
600 1
602 2
603 2
607 1
608 1
609 2
612 1
615 1
618 1
620 1
623 1
624 1
626 1
627 1
629 1
631 1
633 2
634 1
637 1
638 1
640 2
644 1
648 2
650 1
654 1
657 1
666 1
667 1
668 1
673 1
674 2
684 1
686 2
687 2
688 1
694 1
696 3
698 2
699 1
701 1
703 1
705 1
710 1
712 1
714 1
718 1
721 1
723 1
726 1
727 2
732 1
738 1
742 1
743 3
744 1
745 2
747 1
749 1
750 1
752 1
755 1
758 2
759 1
763 1
764 2
765 1
769 1
771 1
776 1
777 1
778 1
779 1
783 1
784 2
790 1
791 1
792 1
793 2
794 1
795 1
796 1
798 1
799 1
800 1
816 2
817 1
820 1
828 1
831 1
832 2
835 2
837 1
838 1
839 2
840 1
847 1
848 1
852 1
853 1
854 2
857 1
858 1
859 1
867 1
870 1
871 1
887 1
888 1
891 1
896 1
900 1
903 1
904 1
915 2
926 1
930 1
936 1
941 2
959 1
967 1
