100 3000 50
0 248235
1 20
2 72
3 179
4 354
5 597
6 748
7 970
8 947
9 1068
10 939
11 886
12 782
13 593
14 484
15 427
16 325
17 243
18 190
19 151
20 94
21 71
22 78
23 42
24 34
25 22
26 20
27 16
28 14
29 11
30 9
31 5
32 4
33 7
34 4
35 2
36 3
37 10
38 6
39 1
41 2
43 5
44 3
46 3
47 2
48 2
49 3
50 2
51 4
52 1
53 1
54 2
55 2
56 3
57 2
61 1
62 1
64 2
65 2
66 3
69 1
70 1
72 1
73 3
74 1
76 1
79 1
80 2
81 1
82 1
84 2
85 3
86 1
89 1
92 2
93 1
96 1
98 1
99 1
101 2
102 3
103 1
104 1
107 1
110 1
111 1
112 1
116 1
119 1
121 1
126 1
131 1
149 2
155 2
156 1
159 1
160 1
165 1
204 1
205 1
208 1
216 1
225 1
230 1
235 1
242 1
248 1
256 1
267 1
273 1
276 1
286 1
288 1
295 1
299 1
300 1
303 1
313 1
316 1
331 1
333 1
347 1
348 1
350 2
351 1
358 1
359 1
361 1
364 1
373 2
374 1
380 1
382 1
384 1
385 1
386 1
387 1
392 1
397 1
405 1
406 1
407 2
408 1
412 1
418 1
419 1
428 1
431 1
439 1
440 1
443 1
444 1
452 1
455 1
456 1
457 1
464 1
475 1
476 1
479 2
481 1
484 1
485 1
489 1
491 1
492 2
495 2
498 1
499 2
503 2
507 1
513 1
515 1
517 1
521 1
522 1
523 1
524 1
526 1
528 1
529 2
530 3
531 1
532 1
533 2
534 2
537 3
538 1
541 1
542 1
544 1
547 1
548 1
550 1
552 1
553 1
554 2
555 2
558 1
559 1
560 1
561 1
563 2
564 2
567 1
568 1
569 1
570 1
572 1
575 2
576 1
577 1
580 1
581 2
582 1
584 3
586 3
591 2
592 2
593 1
596 1
597 1
599 3
600 1
602 1
604 2
606 1
607 1
610 1
613 1
614 1
615 1
617 3
618 2
619 1
621 2
625 1
626 1
627 1
629 1
633 1
634 1
636 1
637 3
643 1
649 2
651 1
657 1
659 1
662 1
663 1
669 1
670 1
671 1
674 2
680 1
681 1
683 1
686 1
694 1
695 1
697 1
703 1
704 1
706 1
708 1
709 2
711 1
713 1
714 1
715 1
719 1
720 3
722 1
724 1
728 1
732 2
734 1
737 3
738 3
742 1
743 2
748 1
753 1
754 2
756 2
760 1
762 3
764 1
765 1
767 1
769 1
770 1
772 3
774 1
776 1
780 1
781 1
785 1
786 1
788 1
792 1
796 1
797 1
798 2
806 1
809 1
810 3
811 1
812 1
823 1
824 1
825 1
826 1
827 1
832 1
838 1
839 1
845 1
846 1
849 1
850 1
852 1
853 1
862 1
868 1
872 1
876 1
877 1
878 1
879 1
885 1
899 1
903 1
904 1
905 1
906 1
907 1
914 1
918 1
919 1
921 1
925 1
947 1
984 1
