100 3000 50
0 247969
1 26
2 90
3 247
4 391
5 651
6 787
7 981
8 1060
9 1037
10 970
11 878
12 747
13 627
14 551
15 404
16 321
17 245
18 147
19 128
20 94
21 77
22 59
23 30
24 32
25 28
26 14
27 15
28 9
29 12
30 2
31 7
32 3
33 6
34 4
35 5
36 4
37 4
38 5
39 4
40 2
41 2
42 1
43 1
44 1
45 3
46 1
47 2
48 1
49 2
50 2
53 1
54 4
55 1
56 1
57 1
58 1
59 3
60 2
61 1
63 3
64 2
65 1
71 2
76 2
78 1
79 2
80 2
81 2
82 3
83 1
85 2
86 1
87 1
89 2
91 3
92 1
98 1
101 1
102 1
103 1
105 1
106 2
108 1
113 1
114 2
117 1
118 1
125 1
131 1
137 1
146 1
149 2
162 2
166 1
175 1
181 1
187 1
213 1
221 1
223 1
236 1
239 1
245 1
253 1
254 1
258 1
261 1
263 1
268 1
270 1
280 1
289 1
313 1
318 1
325 1
327 1
331 1
332 1
340 1
341 1
343 1
345 1
348 1
349 1
352 1
358 1
364 2
370 1
372 1
377 1
380 1
384 1
385 1
387 1
389 1
397 1
401 1
402 1
406 1
407 1
417 1
421 2
425 1
428 1
429 1
433 1
438 1
439 1
445 3
446 1
447 1
458 1
459 1
460 1
462 2
466 1
472 2
477 1
478 1
480 1
482 1
488 1
492 1
494 1
497 1
498 2
501 2
503 1
518 3
522 1
523 1
524 1
525 1
532 1
533 2
534 1
535 1
536 1
537 1
538 1
539 1
541 1
542 1
543 1
544 4
545 1
546 2
548 3
549 1
551 1
552 2
553 2
554 2
556 1
557 1
559 1
560 2
561 2
562 1
563 4
568 1
569 1
570 3
572 1
573 1
575 1
576 1
579 3
580 4
581 2
583 1
584 1
585 1
588 1
591 1
592 1
594 1
595 3
597 2
601 2
604 1
607 2
609 1
610 1
613 1
617 2
618 2
619 1
621 1
623 1
625 1
626 2
630 1
633 1
637 1
640 1
641 3
643 1
646 1
647 1
648 1
652 1
662 1
666 1
669 1
670 1
673 1
674 1
678 1
681 1
685 1
687 2
689 1
695 1
697 1
701 1
702 1
704 1
705 2
706 1
708 1
709 2
710 1
711 2
713 1
714 1
715 2
723 1
725 1
727 2
732 1
733 1
737 1
739 1
742 1
744 1
746 1
749 1
751 1
753 1
755 2
756 1
758 1
761 1
762 3
765 1
768 1
769 1
775 2
776 2
784 2
788 1
789 2
791 1
792 1
798 1
802 1
808 1
814 1
816 1
819 1
820 2
821 1
822 2
824 1
830 2
833 1
834 1
835 1
836 1
842 1
844 1
846 1
847 1
855 2
859 1
865 1
867 1
870 1
872 1
874 1
876 1
879 1
884 1
886 1
888 1
889 1
891 1
894 1
899 1
901 1
908 2
910 1
918 1
932 1
943 1
966 1
980 1
