100 3000 50
0 243904
1 187
2 549
3 962
4 1335
5 1612
6 1671
7 1642
8 1412
9 1149
10 970
11 799
12 600
13 411
14 349
15 243
16 160
17 116
18 121
19 78
20 56
21 48
22 35
23 19
24 18
25 17
26 19
27 14
28 17
29 15
30 4
31 5
32 7
33 3
34 3
35 8
36 4
37 7
38 6
39 6
40 1
41 2
42 5
44 5
45 4
46 3
47 4
48 1
49 2
51 3
52 3
53 3
54 1
55 4
56 1
57 1
59 3
60 1
61 3
62 5
63 5
64 1
65 1
66 3
67 1
68 2
70 3
71 1
72 1
73 4
76 3
77 1
78 2
79 4
82 1
84 1
86 2
87 1
91 2
93 1
95 3
97 2
99 1
100 1
102 1
104 1
107 1
108 3
109 1
110 1
111 4
112 2
113 1
115 1
116 3
117 3
118 1
119 1
120 2
124 1
125 2
128 2
129 1
131 1
132 1
133 1
135 1
138 2
141 2
142 1
144 1
148 1
149 1
150 1
151 1
152 3
154 1
155 4
156 1
159 1
164 2
170 1
171 1
172 1
187 1
188 1
189 1
190 1
192 1
201 1
202 1
203 1
206 1
208 1
210 1
212 1
214 1
216 1
230 1
231 1
233 1
235 1
236 2
238 2
243 1
245 1
247 1
249 1
250 2
252 1
255 1
260 1
261 1
263 1
267 1
274 1
277 1
282 1
283 1
287 1
288 1
292 1
293 1
296 1
297 1
298 1
299 2
300 1
304 1
307 1
310 2
313 1
315 1
316 1
318 1
320 1
322 1
325 1
326 2
328 1
331 1
335 3
339 1
340 1
344 1
363 1
367 1
368 1
377 1
379 1
381 1
382 1
383 2
385 3
386 1
389 1
390 1
391 2
396 2
398 1
402 1
405 1
407 2
413 1
415 1
416 1
418 1
424 1
427 2
433 1
438 2
439 2
440 1
442 1
446 2
447 1
452 1
456 1
460 2
462 1
466 1
469 1
470 1
472 1
475 1
478 2
480 1
483 3
484 1
485 1
487 1
491 1
493 1
499 2
500 1
504 1
506 1
507 1
508 2
511 2
512 1
514 1
520 1
523 1
524 1
525 1
526 1
529 1
534 1
537 1
539 2
540 2
541 1
542 1
543 1
545 2
548 2
549 2
553 1
555 2
557 1
558 1
567 2
568 2
569 2
571 3
572 1
576 2
577 1
579 1
580 2
581 2
582 3
584 2
587 1
588 1
589 2
590 2
592 2
597 2
600 1
601 1
603 1
605 1
606 1
607 2
608 1
609 1
610 1
611 3
613 1
614 1
618 1
622 4
623 1
625 1
627 1
631 1
638 1
639 1
642 1
648 1
650 1
654 1
655 1
659 1
661 1
662 1
664 1
666 1
670 1
673 1
674 2
675 1
677 1
682 1
686 1
687 1
690 1
691 1
694 1
695 1
700 1
709 1
713 1
716 2
717 1
718 1
720 3
721 2
722 1
727 2
733 1
737 1
742 1
743 2
744 1
745 1
753 1
759 1
765 1
767 1
770 1
774 1
775 1
776 1
779 1
783 1
784 2
786 2
789 1
790 1
798 2
810 2
813 1
814 1
815 1
826 2
833 1
835 1
836 1
838 1
839 1
842 1
848 1
853 1
857 1
863 1
864 1
869 1
870 1
883 1
896 1
913 1
933 1
968 1
977 1
979 1
