100 3000 50
0 247476
1 36
2 134
3 291
4 540
5 757
6 935
7 1125
8 1100
9 1118
10 986
11 898
12 769
13 613
14 443
15 346
16 262
17 214
18 147
19 113
20 70
21 62
22 34
23 37
24 34
25 25
26 21
27 13
28 9
29 8
30 6
31 11
32 8
33 5
34 7
35 4
36 3
37 6
38 1
39 1
40 3
41 3
42 5
43 3
44 2
45 4
48 2
49 2
50 2
52 1
53 1
54 1
55 3
56 3
60 1
61 5
64 2
65 1
66 1
67 2
71 2
72 2
75 1
76 2
78 1
79 1
81 1
82 2
83 1
84 1
86 2
88 1
90 1
91 1
94 1
95 1
96 1
98 1
100 2
101 2
102 2
107 1
109 1
116 1
120 2
122 1
131 1
132 1
135 1
137 1
149 1
169 1
179 1
192 1
196 1
200 2
207 1
220 1
230 1
252 2
254 1
263 1
274 1
281 1
286 1
287 1
289 1
296 1
301 1
302 1
314 2
316 1
317 1
325 1
327 1
334 1
336 2
340 1
345 1
352 1
357 1
365 1
366 1
371 1
372 1
373 1
376 1
377 1
378 1
379 1
386 1
387 1
394 1
396 1
400 1
403 1
417 1
420 3
424 1
425 1
427 1
428 1
430 1
433 2
436 1
439 1
446 1
447 1
448 1
450 3
456 1
465 1
477 1
478 2
483 1
490 1
491 1
492 1
497 1
502 1
506 1
511 1
513 1
516 1
517 1
518 2
519 1
520 1
522 3
523 1
525 1
526 1
527 2
528 1
529 1
531 2
534 3
535 2
538 1
539 2
541 1
544 1
547 2
549 2
550 1
551 2
553 2
554 1
558 1
560 1
561 1
562 1
564 2
565 1
566 2
567 1
568 3
569 1
570 2
571 1
579 1
582 1
583 2
584 1
585 2
588 1
592 1
593 3
594 1
595 2
596 2
599 1
600 4
601 1
603 4
604 2
605 1
606 2
607 1
609 2
611 1
612 1
615 1
616 1
618 3
619 1
621 1
628 1
629 2
630 4
636 1
650 1
651 1
652 1
657 1
658 1
662 1
664 2
665 1
671 1
674 1
681 1
683 1
692 1
696 1
698 1
700 1
701 2
705 1
715 1
716 1
717 1
719 2
721 1
722 1
723 1
725 1
726 1
727 1
728 1
729 2
731 1
740 1
741 1
743 2
745 3
746 1
751 3
752 1
755 1
759 1
760 2
761 2
762 1
766 1
768 1
770 1
772 1
775 1
777 1
778 3
779 1
780 1
782 2
784 1
785 1
793 2
798 1
799 1
802 1
805 1
810 1
821 1
822 1
827 1
828 1
829 1
836 1
842 1
845 2
846 1
849 1
851 2
852 1
853 1
858 2
860 2
861 1
864 1
871 1
873 1
877 2
880 1
892 1
894 1
895 1
899 1
907 1
909 1
910 1
911 1
920 1
922 1
924 1
941 1
949 1
953 1
958 1
999 1
