100 3000 50
0 245507
1 98
2 311
3 678
4 969
5 1306
6 1398
7 1438
8 1453
9 1221
10 980
11 809
12 667
13 492
14 354
15 234
16 188
17 105
18 109
19 74
20 48
21 31
22 40
23 21
24 19
25 13
26 11
27 10
28 10
29 5
30 3
31 5
32 7
33 5
34 6
35 2
36 2
37 3
38 4
39 3
40 5
41 2
42 2
43 5
44 2
45 6
46 1
47 3
48 2
49 2
51 1
52 4
53 2
54 1
56 1
57 1
58 1
60 1
61 1
62 4
63 2
64 1
65 1
66 1
69 1
71 1
72 1
74 3
77 3
80 2
82 1
83 1
85 1
86 4
87 1
90 1
92 1
93 1
95 2
97 1
98 1
99 1
100 1
101 1
102 1
103 1
107 3
109 1
113 1
116 1
119 2
122 1
123 2
125 2
130 1
134 1
137 1
142 2
143 1
146 1
157 1
160 1
162 1
164 1
175 1
183 1
189 1
194 1
196 1
197 1
205 1
208 2
214 1
217 2
219 1
222 2
228 1
234 1
236 1
238 1
250 1
252 1
261 1
265 1
266 1
270 1
274 1
277 1
278 1
298 1
300 1
304 1
310 1
315 2
320 1
325 1
328 1
331 1
338 2
341 1
345 1
347 1
350 1
355 1
356 1
362 1
365 1
367 3
369 2
370 1
372 1
375 1
376 1
380 1
381 1
384 1
385 1
387 1
388 1
389 1
390 1
395 1
400 1
402 1
408 1
410 1
421 2
422 1
424 1
425 2
428 1
432 1
434 1
436 1
437 1
438 1
440 1
442 1
448 1
452 1
454 1
458 2
460 1
461 1
462 1
465 1
467 1
469 1
472 1
474 1
477 1
480 1
481 1
484 2
486 2
496 1
497 1
498 1
500 1
501 1
503 1
508 2
514 3
515 2
516 1
518 1
520 1
522 2
523 1
524 1
525 1
529 1
531 1
532 1
534 3
535 1
537 1
540 2
544 2
545 1
546 1
547 1
553 1
558 1
559 1
563 2
564 1
567 1
569 2
570 2
573 1
575 2
577 3
578 1
579 2
583 1
584 1
585 1
586 1
587 1
588 1
589 1
591 1
592 1
593 2
595 1
596 1
598 1
600 1
601 1
602 1
605 1
606 2
607 1
609 1
612 1
617 1
618 2
619 2
621 2
622 1
623 1
626 1
627 1
630 2
632 1
633 2
635 1
636 2
640 1
641 2
648 1
653 1
660 1
665 1
667 1
670 1
672 1
674 2
676 2
678 1
680 1
685 1
687 1
688 1
690 1
695 2
702 1
704 1
705 2
706 1
715 1
716 1
720 1
721 1
722 2
726 1
727 3
728 1
729 1
730 1
734 1
737 2
746 1
748 1
750 1
751 1
752 1
754 2
759 2
760 1
761 1
762 1
763 3
766 1
768 1
771 1
773 1
774 1
775 1
776 2
778 2
780 1
783 1
789 1
793 1
794 1
796 1
800 1
803 2
804 1
808 2
829 1
836 1
842 1
845 1
848 2
852 1
854 1
860 1
865 1
868 1
870 2
873 1
876 1
885 1
887 1
890 2
891 1
901 1
902 1
909 1
913 1
917 1
923 1
926 1
928 1
936 1
947 1
948 1
960 1
961 1
966 1
