100 3000 50
0 248545
1 14
2 68
3 159
4 315
5 479
6 659
7 837
8 946
9 965
10 951
11 888
12 758
13 616
14 543
15 446
16 310
17 300
18 185
19 160
20 119
21 88
22 66
23 45
24 39
25 27
26 23
27 20
28 17
29 18
30 11
31 6
32 9
33 9
34 8
35 1
36 5
37 1
38 4
39 5
40 2
41 2
42 1
43 2
44 2
45 5
46 3
47 1
48 1
49 2
50 1
52 1
53 2
54 1
55 1
56 2
57 1
58 1
59 3
60 2
62 2
63 2
64 1
65 2
66 2
67 1
68 1
70 1
71 2
72 1
75 1
77 1
78 1
79 1
81 2
84 1
85 1
89 1
90 1
94 1
96 1
98 2
100 1
101 1
102 1
104 1
105 1
110 1
112 1
113 1
116 2
117 1
120 2
124 1
127 1
128 1
129 2
134 2
135 1
147 1
150 1
157 1
158 1
162 1
166 1
176 1
177 1
184 1
185 1
203 1
213 1
219 1
229 1
236 1
241 1
244 1
249 1
257 1
264 1
277 1
282 1
294 1
301 1
311 1
327 2
331 1
336 2
340 1
346 1
348 1
349 1
350 1
352 1
354 1
360 1
371 4
380 2
381 1
390 1
396 3
401 2
403 1
405 1
406 1
410 1
411 1
412 1
413 2
417 1
420 2
436 1
437 1
439 1
440 1
442 1
443 1
449 2
462 1
470 2
475 1
476 1
479 2
482 1
483 1
487 2
488 1
489 2
494 2
495 1
498 1
502 1
503 2
508 1
510 1
512 1
514 1
517 1
519 1
520 1
521 1
522 1
523 1
524 2
525 2
526 2
529 1
534 1
536 1
537 1
540 3
541 1
542 1
544 1
549 1
550 2
551 3
557 1
559 1
560 4
561 3
562 1
563 1
565 4
566 3
567 1
569 2
573 2
575 1
577 1
578 1
579 1
580 1
581 1
583 1
587 1
588 1
589 2
593 4
594 1
595 1
598 2
599 1
601 1
604 1
606 1
607 1
608 2
610 1
611 1
613 1
615 1
618 1
620 3
621 1
622 1
625 1
627 1
628 1
631 1
634 1
637 1
640 1
644 1
645 1
650 1
653 1
660 2
661 1
662 1
667 1
670 1
671 1
676 1
680 1
681 1
682 1
688 2
690 1
692 1
693 1
695 1
697 1
700 1
702 1
706 2
707 1
708 2
709 1
712 2
714 3
715 1
720 1
721 2
725 2
726 2
730 1
731 1
734 2
741 2
744 3
746 2
747 1
753 1
754 1
755 1
756 1
763 1
769 3
776 1
777 1
781 2
782 2
783 1
785 1
786 1
787 1
788 1
789 2
791 1
793 1
795 1
796 1
799 1
802 1
803 1
806 1
808 2
813 1
817 1
821 1
823 1
824 1
825 1
830 1
831 1
834 1
836 3
850 1
851 1
856 1
860 1
868 2
869 1
877 1
885 1
890 1
895 1
897 1
899 1
906 1
909 1
913 1
918 1
923 1
938 1
941 1
944 1
945 1
951 1
956 1
