100 3000 50
0 246723
1 48
2 202
3 379
4 690
5 971
6 1149
7 1244
8 1190
9 1206
10 1089
11 849
12 728
13 579
14 439
15 308
16 246
17 176
18 112
19 100
20 56
21 48
22 25
23 17
24 16
25 14
26 10
27 9
28 4
29 10
30 2
31 3
32 5
33 3
34 2
35 1
36 6
37 4
38 5
39 5
40 3
41 2
42 3
44 1
45 1
46 1
47 2
48 1
49 2
50 3
51 1
52 1
54 3
55 2
57 2
59 3
62 1
63 1
64 2
65 1
71 2
72 1
73 1
75 1
76 2
77 2
78 2
79 2
87 1
89 1
91 1
92 1
93 2
97 2
98 2
106 2
110 1
111 1
113 2
118 1
120 1
126 1
127 1
128 1
129 1
132 1
135 2
140 1
150 1
153 1
157 2
158 1
164 1
175 1
198 1
205 1
213 1
217 1
218 1
224 1
227 1
252 1
261 1
263 1
269 1
272 1
274 2
279 1
282 1
289 1
298 1
299 1
300 2
303 1
320 1
324 1
330 1
335 1
340 1
341 1
342 1
346 1
347 1
350 1
352 2
353 1
355 2
357 1
361 1
364 1
367 1
377 1
379 1
381 1
385 1
387 1
391 1
393 1
394 1
395 1
396 1
397 1
405 2
411 1
412 1
415 1
419 1
421 1
429 1
430 1
433 1
435 1
436 1
439 1
441 1
446 1
449 1
450 1
454 1
462 1
467 1
470 1
471 1
472 2
473 1
474 1
475 1
478 1
479 1
482 1
484 1
485 1
486 1
490 2
494 1
496 1
499 1
500 1
501 1
512 1
516 1
517 2
519 1
521 1
524 1
528 1
532 1
535 2
536 1
537 2
538 1
541 1
544 2
545 3
548 3
550 1
552 3
554 1
556 1
557 1
558 2
559 2
561 1
562 1
563 1
565 1
569 1
575 2
576 1
577 1
579 2
580 1
581 1
582 1
584 1
586 3
588 1
590 3
591 3
592 1
593 1
594 2
595 2
596 1
597 1
601 1
602 2
604 1
606 1
607 1
608 1
609 1
610 1
612 1
613 2
614 1
616 2
617 1
618 1
619 1
620 1
630 1
631 1
634 1
636 1
638 2
639 1
640 1
645 2
649 1
653 1
657 1
661 1
663 1
664 2
672 1
674 1
678 2
682 1
690 1
696 1
702 2
706 2
707 1
710 1
712 2
713 1
721 1
722 2
723 1
724 2
728 1
729 1
731 1
734 1
737 1
741 1
744 1
745 2
747 1
749 1
751 1
753 1
755 3
756 1
758 1
760 1
761 3
762 1
763 1
764 2
765 1
766 2
767 1
768 1
769 1
770 1
772 1
779 1
782 1
783 1
784 2
789 1
790 2
791 1
793 1
794 1
795 1
797 1
804 2
807 1
817 2
820 1
821 1
822 1
831 1
833 1
835 1
837 1
849 1
850 1
851 1
858 1
865 2
870 1
877 1
879 1
880 1
881 2
882 1
887 1
895 1
898 1
899 1
908 1
912 1
918 1
920 1
922 2
924 1
925 1
935 1
952 1
967 1
974 1
977 1
