100 3000 50
0 247249
1 35
2 141
3 355
4 561
5 802
6 965
7 1158
8 1188
9 1101
10 1051
11 912
12 731
13 562
14 458
15 319
16 263
17 208
18 145
19 111
20 82
21 60
22 49
23 35
24 34
25 22
26 17
27 9
28 8
29 8
30 8
31 5
32 3
33 3
34 5
35 4
36 3
37 2
38 2
40 3
41 1
42 4
44 6
46 2
48 1
49 2
50 2
51 1
52 1
54 3
55 2
56 1
57 6
61 2
62 1
63 1
64 1
67 1
68 1
69 2
70 1
71 3
72 1
75 1
83 3
88 2
89 2
90 1
92 1
94 1
97 1
99 1
100 1
101 1
102 1
103 1
108 1
111 2
116 1
123 1
129 1
130 1
134 1
137 1
140 2
142 1
144 1
146 1
162 2
165 1
179 1
184 1
196 1
204 1
221 1
224 1
232 1
266 1
273 1
274 1
281 1
282 1
284 1
286 2
287 1
288 1
291 1
299 1
307 1
308 1
311 1
314 1
316 1
325 2
329 2
334 1
341 1
344 1
350 1
356 1
365 1
368 1
369 1
380 1
389 1
391 1
392 1
394 1
395 1
401 2
404 1
406 1
408 1
418 1
422 1
423 1
426 2
427 1
431 1
436 1
437 1
440 1
441 1
442 1
443 1
448 1
452 2
455 1
459 1
465 1
466 1
470 1
477 2
479 1
487 1
489 1
492 1
493 2
494 1
497 1
498 1
499 1
501 1
505 3
506 1
507 1
508 1
509 1
511 2
519 1
522 2
523 1
525 1
528 2
534 1
536 1
537 2
539 1
540 2
541 2
543 1
544 2
545 4
546 1
547 3
549 2
551 1
552 1
553 2
554 1
556 2
557 2
559 4
561 1
563 2
564 1
569 3
573 2
582 2
584 1
585 1
587 3
591 1
592 1
597 2
598 2
600 2
603 1
606 3
607 1
608 1
609 2
610 1
611 1
615 1
616 1
618 1
621 1
623 1
624 2
629 1
630 1
632 1
634 1
635 1
636 1
640 1
651 1
653 1
658 1
659 1
660 1
662 1
663 2
665 1
666 1
669 1
670 1
672 1
680 2
681 1
682 1
685 1
686 2
689 1
690 2
691 1
692 1
693 1
694 2
697 1
698 1
700 1
701 1
703 1
704 2
707 1
711 1
712 1
713 2
715 1
716 1
719 1
725 1
727 1
729 2
730 1
731 1
733 2
739 2
741 1
742 1
745 1
748 1
752 1
755 1
757 1
758 3
760 1
766 2
767 1
770 1
771 2
775 1
784 1
785 1
788 1
789 2
791 1
792 1
794 1
799 1
801 1
805 1
810 1
811 1
823 3
827 2
831 1
832 1
848 1
851 1
852 2
856 1
857 1
859 1
861 1
870 1
876 3
883 1
887 1
888 3
889 1
892 1
893 1
894 1
898 2
903 1
906 2
912 1
918 2
921 1
945 1
969 1
992 1
1003 1
