100 3000 50
0 244819
1 145
2 394
3 774
4 1140
5 1391
6 1571
7 1560
8 1455
9 1227
10 982
11 789
12 607
13 436
14 343
15 246
16 198
17 123
18 96
19 67
20 46
21 45
22 22
23 25
24 11
25 17
26 12
27 14
28 14
29 4
30 5
31 9
32 5
33 7
34 5
35 2
36 2
37 5
38 3
39 2
40 3
41 3
43 4
45 4
46 1
47 2
48 2
49 1
50 1
52 2
53 2
54 2
55 4
56 1
57 1
58 1
59 4
60 1
61 2
62 1
64 2
66 4
67 1
68 3
69 1
71 4
72 1
73 2
75 2
76 1
77 2
79 2
80 3
81 1
82 3
83 1
84 1
85 2
89 1
91 1
94 2
95 1
96 1
97 1
98 1
99 1
101 1
102 1
103 1
104 2
106 2
107 1
108 1
110 2
111 3
113 1
115 1
118 1
120 1
121 1
123 1
124 1
125 1
130 1
131 1
133 1
137 1
140 1
141 1
142 1
144 1
145 1
153 1
154 2
158 1
160 1
162 1
163 1
164 1
167 1
170 1
171 1
172 1
174 1
177 1
182 2
188 1
192 1
194 1
196 1
204 1
212 1
216 1
220 1
223 1
225 1
228 1
229 1
232 1
251 1
253 2
256 1
259 1
265 2
267 2
271 1
273 1
281 1
287 1
296 1
302 1
303 1
304 1
306 1
311 1
315 1
319 1
323 1
325 2
332 1
335 1
344 2
345 1
346 1
348 1
354 1
355 1
362 1
367 1
368 1
370 1
371 1
377 1
383 1
384 1
385 1
389 2
392 2
393 1
396 1
399 2
403 2
406 2
408 1
409 1
431 1
432 1
433 1
436 1
438 2
439 1
443 1
448 1
449 2
450 1
452 1
456 2
457 4
458 1
459 2
461 1
464 2
465 1
466 1
470 1
474 1
476 1
478 1
479 1
488 2
497 1
498 3
502 2
504 1
506 1
507 1
508 1
512 1
514 1
516 4
522 2
523 1
525 1
526 1
528 2
529 1
530 1
531 1
534 3
535 1
538 1
539 1
540 1
543 1
546 2
547 1
548 1
551 2
552 3
554 1
555 2
556 1
559 1
560 2
565 2
566 1
567 1
568 2
569 3
570 2
571 1
573 1
574 1
575 1
576 1
580 1
583 1
584 1
585 1
586 3
587 2
588 2
590 1
592 1
593 1
594 1
597 2
600 3
601 1
602 1
604 1
607 1
608 1
609 1
610 1
611 1
619 1
622 1
623 4
635 2
638 1
640 2
645 1
646 1
648 1
653 1
657 1
660 1
661 1
663 2
665 1
668 1
670 1
671 1
672 1
678 1
682 1
684 1
686 1
692 1
693 1
694 1
700 1
702 1
705 1
707 1
708 1
710 1
712 1
713 2
714 1
722 1
727 2
729 1
733 2
735 1
737 1
740 1
741 1
745 1
746 1
747 1
748 1
750 1
755 1
756 1
760 1
763 1
764 1
769 2
776 1
777 1
778 1
780 2
781 1
785 1
787 1
788 1
790 1
793 1
795 1
802 1
806 1
807 1
809 2
814 1
817 1
820 1
827 1
830 1
835 2
836 1
838 1
841 1
842 1
853 1
872 1
877 2
883 1
889 1
892 1
894 1
897 1
910 2
918 1
924 1
925 1
930 1
933 1
939 1
945 1
947 1
950 1
974 1
