100 3000 50
0 228670
1 956
2 1791
3 2188
4 2621
5 2641
6 2472
7 2332
8 2068
9 1815
10 1535
11 1300
12 1175
13 978
14 863
15 711
16 645
17 505
18 471
19 426
20 353
21 306
22 262
23 206
24 184
25 178
26 138
27 113
28 121
29 93
30 81
31 95
32 79
33 64
34 61
35 40
36 46
37 38
38 34
39 20
40 29
41 26
42 16
43 22
44 22
45 12
46 22
47 15
48 19
49 19
50 12
51 8
52 6
53 12
54 10
55 4
56 7
57 7
58 8
59 2
60 4
61 10
62 5
63 5
64 1
65 1
66 4
67 1
68 3
69 5
70 5
71 2
72 7
73 4
74 3
76 4
78 3
79 2
80 1
82 2
83 2
84 2
85 2
87 1
90 1
91 1
92 1
93 1
94 1
95 1
97 1
98 1
99 3
100 1
106 1
109 1
111 1
115 1
116 1
119 1
121 1
122 1
124 2
135 1
145 1
146 1
154 1
156 1
220 1
241 1
248 1
