100 3000 50
0 248364
1 14
2 73
3 205
4 365
5 542
6 746
7 880
8 933
9 974
10 934
11 922
12 764
13 633
14 527
15 422
16 311
17 235
18 193
19 156
20 94
21 85
22 62
23 49
24 49
25 23
26 20
27 17
28 11
29 10
30 7
31 8
32 9
33 7
34 6
35 3
36 3
37 2
38 3
39 7
40 2
41 5
42 1
43 3
44 1
45 3
46 1
47 2
48 3
49 1
50 3
51 2
52 2
53 1
54 3
56 1
57 1
58 1
59 5
60 1
61 2
63 2
64 1
65 1
68 2
69 2
70 1
73 1
74 1
77 1
78 1
81 1
83 1
84 1
86 1
88 1
89 2
93 2
95 1
97 1
98 1
100 2
104 1
108 1
114 1
117 2
119 1
121 1
123 1
124 1
129 1
136 1
140 1
142 1
146 1
149 1
150 1
167 1
168 1
175 1
184 1
186 1
188 1
189 1
208 1
214 1
217 1
233 1
241 1
243 1
249 1
251 1
261 1
263 1
264 1
267 1
282 1
289 1
290 3
301 1
303 1
308 1
309 1
323 1
327 1
328 1
329 1
338 1
343 2
350 1
368 1
378 1
381 2
393 1
401 2
403 1
407 2
414 1
415 1
417 1
420 1
423 1
427 1
430 1
437 2
441 1
442 1
443 1
445 1
447 2
448 1
453 1
454 1
464 1
467 2
469 1
471 1
473 1
476 1
478 2
483 1
491 1
493 1
501 2
502 1
504 2
507 1
508 1
509 1
511 1
513 1
517 1
520 1
522 1
524 2
527 1
528 1
529 1
530 1
531 2
532 2
533 4
534 1
540 1
541 1
543 2
544 2
547 2
548 1
551 1
554 1
556 1
558 2
559 2
561 1
562 1
564 1
565 1
566 2
567 1
568 2
569 1
573 1
575 1
576 1
578 1
579 1
580 1
581 3
583 2
584 1
585 1
586 1
587 1
589 1
590 1
591 2
592 1
593 4
596 2
598 1
599 1
600 1
602 2
606 2
607 1
608 2
609 1
611 1
616 1
618 2
619 2
623 2
627 1
628 1
630 1
632 1
635 2
639 1
640 1
646 1
657 3
658 1
660 1
664 1
668 1
672 1
678 1
679 1
681 1
683 1
684 1
687 1
690 3
692 1
693 2
696 1
697 1
705 1
706 1
707 1
708 1
713 2
714 1
716 1
719 1
721 1
725 2
726 1
728 1
731 1
732 1
733 1
734 1
735 1
736 1
738 1
742 1
745 1
747 1
751 2
753 2
754 1
756 2
757 1
759 1
761 2
762 1
765 1
767 1
769 1
770 1
771 1
772 2
776 1
777 1
779 2
783 2
786 1
787 1
793 1
794 2
798 3
805 1
807 2
811 1
813 1
814 1
824 1
825 1
831 1
834 1
835 1
838 1
840 1
841 1
849 1
850 2
851 2
852 1
855 2
862 1
864 2
866 1
880 1
883 3
887 1
890 1
891 1
892 1
896 1
906 1
917 1
918 1
920 1
925 2
938 1
939 2
