100 3000 50
0 233600
1 706
2 1453
3 1942
4 2165
5 2119
6 2088
7 1938
8 1677
9 1476
10 1187
11 1115
12 943
13 795
14 632
15 582
16 488
17 395
18 349
19 303
20 288
21 239
22 221
23 196
24 161
25 169
26 137
27 103
28 107
29 75
30 90
31 81
32 86
33 78
34 52
35 59
36 47
37 37
38 53
39 35
40 28
41 34
42 34
43 23
44 21
45 20
46 17
47 23
48 19
49 20
50 9
51 16
52 16
53 19
54 14
55 16
56 15
57 9
58 13
59 10
60 8
61 15
62 12
63 8
64 8
65 5
66 8
67 14
68 7
69 4
70 8
71 10
72 7
73 8
74 7
75 6
76 4
77 8
78 6
79 7
80 4
81 7
82 6
83 7
84 7
85 2
86 3
87 1
88 4
89 7
90 4
91 6
92 4
93 3
94 4
96 2
97 1
99 5
101 6
102 1
103 4
104 3
105 4
106 3
107 3
108 1
109 3
110 3
111 1
113 1
114 4
115 2
116 1
117 5
118 1
120 1
121 1
122 2
124 2
126 2
127 1
128 2
129 3
130 1
131 1
132 1
133 2
134 1
136 2
137 1
139 1
140 2
141 1
142 3
143 3
145 3
146 2
147 1
150 1
151 4
154 2
155 2
156 2
157 1
159 2
160 1
161 4
162 1
163 1
164 1
165 1
166 1
167 2
169 2
170 1
171 2
172 1
175 1
178 1
181 2
182 1
183 1
184 4
186 1
194 1
197 1
199 1
200 2
206 1
212 1
214 1
218 1
222 1
226 2
228 1
233 1
235 2
236 3
238 1
239 1
241 2
242 1
243 1
248 1
249 1
252 1
257 1
261 1
265 1
271 1
275 1
277 1
285 1
286 1
293 1
295 1
301 1
305 1
307 1
308 1
315 1
316 2
327 1
339 1
343 1
406 1
421 1
452 2
474 1
496 1
