100 3000 50
0 248640
1 16
2 52
3 149
4 299
5 456
6 670
7 788
8 914
9 967
10 922
11 898
12 763
13 663
14 548
15 410
16 352
17 270
18 200
19 172
20 119
21 92
22 65
23 53
24 41
25 31
26 18
27 20
28 14
29 9
30 8
31 7
32 8
33 1
34 4
35 4
36 5
37 4
38 5
39 7
40 4
41 2
42 2
43 1
44 2
45 2
46 2
47 1
48 2
50 4
51 1
53 2
54 1
55 3
56 2
57 2
58 3
59 1
60 1
61 1
62 1
63 2
64 1
65 1
66 2
68 2
70 3
72 1
73 3
75 1
76 1
78 1
80 4
81 2
85 1
87 2
98 1
99 1
103 1
105 1
107 1
110 1
111 1
113 1
116 1
118 2
121 1
122 1
129 1
135 1
139 1
142 1
145 1
153 2
159 1
163 1
170 2
171 2
188 1
191 1
192 1
199 1
200 1
207 1
216 1
226 1
230 1
237 1
255 1
256 1
281 1
282 1
288 1
290 1
291 1
299 1
306 1
310 1
317 1
331 1
336 1
339 1
347 1
348 1
352 1
355 1
356 2
357 1
359 1
362 1
366 2
372 1
388 1
390 1
394 1
395 1
397 2
401 1
403 1
405 2
406 1
410 1
414 1
422 3
426 1
429 1
432 1
434 1
436 1
438 1
439 1
441 1
447 1
452 1
455 2
456 1
459 1
461 1
465 1
467 1
473 1
474 1
475 1
479 1
483 1
486 1
490 1
491 2
492 1
493 1
497 1
499 1
500 1
502 3
503 1
509 1
512 1
514 1
522 2
523 3
524 1
525 1
527 3
528 2
529 2
533 1
535 1
536 2
541 2
542 1
543 4
544 2
546 1
547 1
550 1
551 1
553 1
555 1
556 2
557 1
558 3
560 1
562 1
566 1
572 1
573 1
574 1
575 3
579 1
580 1
583 2
584 1
586 1
587 2
589 1
592 3
593 2
596 1
597 1
598 4
599 1
600 2
606 1
609 1
611 1
612 1
613 1
614 1
616 1
617 1
618 2
619 1
620 1
624 1
627 2
629 1
634 1
638 1
645 2
648 1
649 1
650 1
652 2
655 1
656 1
657 1
659 1
661 1
662 1
664 1
668 1
672 1
673 1
677 2
678 2
679 1
682 1
685 1
687 1
689 1
690 1
693 2
696 2
697 1
698 2
700 1
702 1
704 1
705 2
708 1
709 1
711 1
712 1
713 1
720 1
723 2
726 1
728 1
735 1
736 1
740 1
741 2
742 1
745 1
750 1
751 1
752 1
756 1
759 2
760 1
761 2
762 2
765 1
767 2
768 2
770 1
777 2
778 1
779 2
780 1
783 1
787 1
793 1
797 1
809 1
811 1
812 1
822 2
823 1
826 1
830 1
834 1
843 2
845 1
848 1
852 2
856 1
857 1
858 1
863 1
866 1
870 1
877 1
879 1
880 1
883 1
884 1
886 1
887 1
889 1
890 1
896 2
902 1
904 1
911 1
919 1
920 1
922 2
939 1
943 1
951 1
965 1
