100 3000 50
0 246381
1 64
2 216
3 429
4 760
5 1020
6 1249
7 1313
8 1332
9 1166
10 997
11 918
12 718
13 548
14 430
15 289
16 234
17 139
18 115
19 89
20 53
21 36
22 35
23 30
24 14
25 11
26 7
27 14
28 6
29 6
30 5
31 6
32 4
33 2
34 5
35 4
37 6
38 4
39 2
40 2
41 6
42 2
43 2
45 3
46 3
47 4
48 2
49 2
51 2
52 1
53 1
54 1
55 1
56 2
57 1
58 3
59 2
61 1
62 1
63 2
64 1
65 2
66 3
67 1
68 2
69 1
71 2
72 1
75 1
76 1
78 1
79 1
80 2
83 1
87 2
91 2
94 2
98 1
101 1
103 1
104 1
106 1
108 1
109 1
120 1
128 1
129 1
130 1
133 1
135 3
136 1
137 1
145 1
153 1
155 1
156 1
157 1
158 1
165 1
170 1
173 1
193 1
196 1
198 1
202 1
205 1
217 1
226 1
228 1
233 1
238 1
247 1
252 1
260 1
267 1
268 1
276 1
278 1
281 1
287 1
297 1
300 1
312 1
314 1
315 1
316 1
317 1
319 3
321 1
322 2
323 1
324 1
329 1
332 2
340 1
341 1
343 1
348 1
353 2
355 1
359 2
369 1
373 1
374 1
376 1
381 2
383 1
388 1
390 1
392 1
393 1
394 1
396 1
402 1
404 1
416 2
418 1
420 2
423 1
426 1
428 2
430 1
442 1
443 1
451 1
458 1
459 1
461 1
464 1
465 1
472 1
475 1
477 1
480 1
482 2
484 2
485 1
488 1
490 1
493 2
494 1
495 2
499 1
500 1
503 1
506 2
510 1
511 1
513 2
514 1
517 1
520 1
524 1
525 1
530 1
531 3
534 1
535 1
539 1
540 1
543 1
546 1
547 1
549 1
550 1
551 2
554 1
557 1
559 1
562 1
563 2
565 3
567 2
568 3
572 2
573 1
574 1
578 1
582 4
584 2
588 1
589 1
590 1
592 1
593 1
594 2
597 2
599 2
600 3
601 1
602 1
603 3
605 1
606 2
607 3
608 1
610 1
611 1
615 2
616 1
620 1
622 1
626 1
630 1
631 1
632 1
634 1
635 1
636 1
639 1
641 2
645 1
648 1
651 1
653 1
660 1
661 1
664 1
665 1
673 1
674 1
678 1
679 1
680 1
686 2
689 2
690 1
692 1
694 1
700 1
701 1
711 2
718 1
719 1
720 1
727 1
728 1
730 1
731 1
732 1
733 2
734 1
735 2
737 2
739 1
740 1
741 2
743 3
745 1
747 1
749 1
752 1
754 1
757 1
759 1
763 2
765 2
767 1
768 1
769 1
770 1
775 1
776 1
780 2
781 1
783 1
786 1
790 1
791 2
792 1
793 1
814 1
820 2
821 1
825 1
828 1
831 1
838 1
840 2
843 1
844 1
846 1
849 1
850 1
853 1
858 1
863 1
866 1
875 2
876 1
881 1
884 1
888 1
890 1
891 2
893 1
895 1
904 2
905 1
906 1
907 1
909 1
914 1
919 1
926 1
931 1
934 1
951 1
965 1
970 1
