100 3000 50
0 247012
1 40
2 164
3 366
4 625
5 916
6 1086
7 1178
8 1153
9 1181
10 1121
11 880
12 694
13 575
14 406
15 315
16 218
17 188
18 136
19 96
20 85
21 53
22 31
23 33
24 23
25 14
26 12
27 12
28 11
29 4
30 4
31 4
32 6
33 1
34 5
35 2
36 2
37 6
38 5
39 1
40 8
41 6
42 1
43 2
44 5
45 2
47 2
48 1
50 1
52 1
53 1
54 1
56 3
57 2
59 2
61 1
62 3
64 1
65 1
66 2
68 3
71 1
73 2
74 1
75 1
76 1
78 1
79 2
84 3
88 1
89 1
94 1
95 1
96 1
100 2
101 1
105 1
106 3
110 1
112 1
114 1
119 1
122 1
129 1
133 2
138 1
141 1
144 1
145 3
146 1
149 1
159 1
160 1
166 1
183 1
185 1
195 1
198 1
212 1
213 1
247 1
267 1
269 1
270 1
271 1
275 1
276 1
279 1
285 1
288 2
290 1
291 1
296 1
298 1
299 1
307 1
309 1
310 1
311 2
315 1
317 1
318 1
327 2
333 1
335 1
343 1
355 1
358 1
360 1
370 1
374 1
385 1
390 1
392 1
401 1
402 2
403 1
404 1
407 1
408 3
411 1
416 1
418 1
421 1
426 2
429 1
434 1
438 1
444 2
446 1
456 1
459 1
465 1
471 1
472 1
473 1
476 1
477 2
479 1
485 1
486 1
490 1
493 1
494 1
495 1
498 2
499 2
500 1
501 1
503 1
508 1
513 1
516 1
518 1
520 1
522 1
524 1
525 2
527 1
529 1
531 2
537 1
539 2
540 4
542 3
544 1
545 2
546 1
547 1
549 2
550 1
552 1
553 1
555 2
556 1
559 2
560 2
561 1
564 1
566 1
567 2
568 1
569 1
570 1
571 1
573 1
574 4
575 1
576 1
577 1
578 1
580 1
581 1
582 2
584 1
585 1
586 1
587 1
588 1
589 3
592 1
594 1
596 1
598 1
599 1
600 1
601 1
602 1
606 1
608 3
609 1
611 1
613 1
615 1
622 1
623 1
624 1
631 1
635 1
636 1
643 1
645 1
646 1
647 2
654 1
655 1
657 1
666 1
671 2
673 3
677 1
684 1
685 2
687 1
689 1
692 2
696 2
699 1
701 1
703 1
707 1
711 1
713 3
714 1
715 1
716 1
718 1
719 2
721 2
722 1
724 2
728 1
731 1
733 1
734 2
736 1
737 1
744 1
745 1
747 1
748 1
749 2
751 1
756 1
758 1
759 2
760 1
769 1
775 1
778 1
779 1
780 3
783 1
784 1
785 1
786 1
787 1
793 1
795 1
797 1
798 2
799 1
801 1
805 2
809 1
812 1
817 1
823 4
834 2
838 4
846 2
847 2
856 2
862 1
864 1
878 1
885 3
888 1
889 1
891 1
905 1
908 1
915 1
917 2
920 1
922 1
925 1
930 1
931 2
932 1
934 1
956 1
965 1
996 1
