100 3000 50
0 240484
1 416
2 972
3 1430
4 1766
5 1972
6 1876
7 1598
8 1489
9 1231
10 982
11 734
12 635
13 500
14 343
15 306
16 234
17 191
18 171
19 150
20 120
21 108
22 75
23 64
24 77
25 55
26 48
27 43
28 39
29 31
30 32
31 32
32 30
33 22
34 15
35 13
36 15
37 16
38 22
39 11
40 12
41 13
42 16
43 10
44 14
45 13
46 12
47 11
48 6
49 7
50 9
51 4
52 11
53 11
54 5
55 6
56 7
57 5
58 10
59 3
60 5
61 2
62 7
63 7
64 2
65 7
66 1
67 3
68 1
69 5
70 3
71 3
72 3
73 4
74 4
75 4
76 3
77 1
78 2
79 2
80 4
81 3
82 3
83 4
84 4
85 2
86 1
87 4
88 4
89 3
90 5
91 1
92 1
93 4
94 1
95 4
96 2
97 4
98 3
99 1
100 2
101 1
102 3
103 3
104 4
105 1
106 2
107 4
108 3
110 1
111 3
112 1
114 2
115 1
116 4
117 1
118 1
119 3
120 1
121 3
122 4
123 1
125 3
126 6
128 2
130 3
132 1
133 1
134 5
135 3
136 1
137 1
138 2
139 1
140 2
141 2
142 2
143 2
144 3
145 2
146 1
148 1
149 1
150 1
155 3
157 1
158 1
159 2
160 1
161 1
163 2
165 1
166 1
167 1
169 1
170 3
171 1
172 2
179 1
184 1
188 2
191 3
193 1
194 3
195 1
196 1
197 3
198 1
199 1
200 2
201 4
203 1
204 1
206 1
208 1
209 1
210 1
212 1
214 1
216 2
217 1
218 1
219 2
221 1
222 1
223 1
225 1
226 1
228 1
229 1
232 3
233 1
235 1
236 1
237 1
240 1
241 1
242 1
243 1
244 1
245 2
250 1
251 1
253 1
255 1
260 1
264 1
267 1
268 1
272 1
276 1
278 1
279 1
281 1
283 1
284 1
285 1
286 1
287 1
288 1
291 2
293 2
297 1
298 1
301 1
307 2
308 1
309 1
315 1
316 1
318 1
319 1
324 1
325 1
328 1
331 3
333 2
334 1
335 1
338 1
339 2
343 2
344 1
350 1
351 2
352 2
353 1
355 1
359 2
362 2
368 1
370 1
371 1
372 2
373 1
377 1
378 2
379 1
380 1
381 1
382 2
384 1
385 1
386 1
392 2
393 2
399 1
400 1
401 1
403 2
404 1
405 1
406 2
408 1
416 1
424 1
425 1
426 1
429 1
430 1
432 1
435 2
439 2
440 1
448 1
450 1
451 1
452 1
453 1
456 1
457 1
458 1
460 1
463 1
466 1
468 2
469 1
470 2
471 1
472 1
475 1
477 2
482 2
487 1
489 2
490 1
493 2
496 2
498 1
499 1
500 3
501 1
503 1
510 1
511 2
517 1
521 1
523 1
528 1
531 1
533 1
537 1
546 1
553 2
554 1
555 1
556 1
557 1
559 2
564 3
565 2
569 1
572 1
575 1
576 1
577 1
578 1
579 1
581 1
582 2
583 1
584 1
586 1
590 1
591 1
597 1
599 1
601 2
609 1
611 1
612 1
614 1
616 1
618 1
620 1
626 1
631 1
632 1
647 2
649 1
650 1
653 1
654 1
656 1
662 1
663 1
664 1
674 1
683 1
686 1
700 2
721 1
723 1
724 1
725 1
727 1
741 1
747 1
757 1
768 1
769 1
775 1
780 1
787 1
803 1
858 1
885 1
933 1
