100 3000 50
0 248472
1 12
2 54
3 157
4 316
5 518
6 719
7 825
8 996
9 953
10 949
11 830
12 762
13 630
14 531
15 435
16 348
17 241
18 226
19 165
20 121
21 95
22 62
23 58
24 37
25 28
26 24
27 22
28 14
29 13
30 8
31 9
32 9
33 2
34 5
35 4
36 4
37 5
38 5
39 2
40 3
41 6
42 5
43 3
44 3
45 1
46 1
47 1
48 2
49 2
50 1
51 2
52 1
53 2
54 1
55 1
56 2
57 1
58 1
59 3
61 1
62 1
63 1
64 1
69 1
70 1
71 1
72 1
74 1
75 1
76 2
77 1
80 1
87 1
89 2
90 2
91 2
95 1
96 2
98 1
100 1
104 2
109 1
111 1
113 1
115 1
116 1
121 1
122 1
123 1
125 1
126 1
127 1
128 1
131 1
138 1
151 3
155 1
156 1
158 1
163 1
165 1
169 1
177 2
207 1
217 1
223 1
233 1
238 1
247 1
251 1
257 1
258 2
270 1
271 1
279 1
280 1
295 2
302 1
312 1
316 1
328 1
334 1
336 1
339 1
342 1
343 1
349 1
353 1
355 2
357 1
358 2
362 1
363 1
367 1
371 1
374 1
377 1
395 1
396 1
404 1
406 1
411 1
415 1
420 1
422 1
426 1
429 1
435 1
441 1
444 1
447 1
449 1
452 1
455 1
459 2
462 1
467 1
469 2
471 1
473 1
475 1
477 1
481 1
494 1
495 1
496 1
497 1
498 1
499 1
502 1
503 1
504 2
506 1
507 3
509 1
510 1
511 1
513 1
514 1
515 1
516 1
517 1
519 2
521 2
523 2
525 2
527 2
534 2
535 3
537 2
538 1
539 1
540 3
545 2
546 1
548 1
549 2
551 1
552 1
554 1
556 1
557 4
558 1
560 1
561 1
563 1
564 1
566 2
567 2
571 1
573 1
574 2
575 1
576 2
577 1
578 1
583 1
585 2
587 1
593 2
594 2
598 1
599 1
600 1
601 1
602 1
603 1
604 1
605 1
608 1
610 1
612 3
614 1
616 2
618 1
622 2
623 1
624 1
626 1
628 1
635 2
636 2
640 1
649 1
650 2
652 1
658 1
660 1
662 1
664 1
670 1
672 1
681 1
682 2
690 2
691 2
692 1
693 3
696 1
697 3
699 1
700 2
701 1
704 1
705 1
706 1
712 1
716 1
717 1
720 2
721 1
722 2
724 2
726 1
727 1
728 1
729 2
730 1
733 1
734 1
735 2
737 1
738 1
740 1
741 1
744 1
745 1
747 1
748 1
751 1
754 2
756 1
758 3
761 1
762 1
768 1
771 1
783 1
787 1
788 2
792 1
793 2
794 1
795 1
798 1
804 1
806 1
807 1
813 1
820 1
822 1
824 1
825 1
832 1
834 1
835 1
838 1
839 1
840 1
841 1
843 1
846 1
847 1
850 1
851 1
855 1
867 2
869 1
878 1
879 1
892 2
895 1
897 1
898 1
901 1
903 1
915 1
917 2
919 1
920 1
922 1
925 1
939 1
958 1
