100 3000 50
0 237490
1 572
2 1195
3 1844
4 1923
5 2007
6 1917
7 1687
8 1452
9 1288
10 1098
11 887
12 723
13 620
14 508
15 422
16 325
17 276
18 243
19 208
20 196
21 188
22 124
23 120
24 101
25 96
26 88
27 67
28 73
29 63
30 40
31 47
32 54
33 36
34 44
35 30
36 37
37 35
38 27
39 29
40 27
41 13
42 19
43 16
44 20
45 25
46 32
47 14
48 17
49 11
50 19
51 13
52 12
53 11
54 13
55 13
56 14
57 10
58 13
59 9
60 9
61 6
62 10
63 10
64 8
65 7
66 9
67 7
68 8
69 7
70 6
71 4
72 4
73 3
74 5
75 7
76 13
77 1
78 7
79 5
80 5
81 6
82 3
83 7
84 2
85 6
86 2
87 1
88 4
89 4
90 7
91 3
92 3
93 5
94 5
95 2
96 6
97 6
98 1
99 4
100 3
101 6
102 2
103 5
104 3
105 3
106 1
107 3
108 2
109 2
110 2
111 1
112 5
113 2
114 3
116 1
117 3
119 4
120 1
121 1
122 2
123 2
124 1
125 3
126 3
127 3
128 2
129 1
131 3
132 1
133 2
134 2
136 3
137 3
138 3
139 1
140 2
141 2
142 1
143 2
144 1
145 1
148 3
149 1
152 2
153 5
154 2
155 1
157 1
158 1
159 6
160 1
162 2
163 1
165 2
168 1
169 2
170 2
171 3
173 2
175 1
177 2
178 1
179 1
180 1
181 1
182 2
183 2
184 3
185 1
186 1
187 2
188 1
189 1
192 1
193 1
197 1
199 2
200 1
205 1
206 4
208 1
209 2
210 1
211 3
212 1
214 1
216 1
217 1
218 3
219 2
223 2
224 2
225 2
226 1
227 1
228 1
230 2
231 3
232 1
235 1
236 1
237 2
239 1
240 2
243 1
246 2
247 1
249 2
252 1
254 1
255 1
258 1
259 1
260 1
261 1
264 1
266 1
269 2
275 1
276 1
277 1
278 1
286 1
287 2
291 1
294 1
295 1
296 1
300 2
302 1
303 1
307 2
308 1
309 1
310 2
312 1
313 1
314 3
315 1
318 1
320 1
326 1
328 2
329 1
331 1
332 3
334 1
337 2
338 1
342 2
344 1
354 1
363 1
367 2
369 1
370 1
371 1
372 1
374 3
375 1
381 1
382 2
383 1
386 2
389 1
395 1
401 1
403 1
410 1
412 1
416 1
419 1
421 2
422 1
423 1
427 1
428 1
429 1
450 1
458 1
459 1
460 1
462 1
467 1
468 1
474 2
475 1
479 1
481 2
482 1
484 1
490 2
493 2
501 1
507 1
514 1
515 1
519 2
522 1
525 1
527 1
533 1
540 1
548 1
561 1
564 1
569 1
574 1
600 1
605 1
614 1
617 1
618 1
632 1
655 1
656 1
660 1
705 1
