100 3000 50
0 248107
1 25
2 98
3 201
4 384
5 589
6 756
7 945
8 1007
9 1069
10 1038
11 858
12 747
13 651
14 490
15 426
16 309
17 234
18 165
19 128
20 98
21 74
22 54
23 46
24 30
25 27
26 25
27 15
28 14
29 8
30 6
31 9
32 8
33 7
34 2
35 2
36 4
37 3
38 1
39 6
40 1
41 4
42 2
43 2
44 1
45 1
46 3
47 3
48 1
49 1
50 3
52 3
53 1
55 2
56 2
57 2
58 1
59 2
60 1
61 2
62 2
63 1
65 2
68 2
71 3
72 2
73 2
74 1
75 1
76 1
77 2
79 1
81 1
86 3
87 1
88 1
89 1
94 1
95 1
96 1
97 1
102 1
103 3
105 1
110 1
111 2
114 1
115 2
116 1
117 1
123 1
126 1
127 1
129 1
130 1
153 1
155 1
163 1
164 1
181 1
188 1
203 1
214 1
217 1
221 1
225 1
231 1
242 1
252 2
255 1
265 1
280 1
287 1
291 1
297 2
301 1
312 1
314 1
315 1
321 1
326 1
330 2
331 1
334 1
335 1
342 2
348 1
351 1
366 1
373 1
377 2
383 1
384 1
388 1
389 1
391 1
397 1
402 1
403 1
405 1
408 1
419 1
426 1
430 1
431 1
432 1
435 1
443 1
447 1
448 1
449 1
450 1
452 1
453 2
454 1
458 1
461 1
466 1
467 2
472 1
473 2
475 1
482 1
483 1
486 2
487 1
493 1
496 1
497 2
501 2
503 2
504 1
508 1
511 1
512 1
513 1
514 1
515 1
522 2
523 1
524 1
527 1
528 1
529 1
530 2
533 2
534 1
536 1
538 1
539 1
540 1
541 1
543 1
545 1
546 2
547 1
548 1
549 1
550 1
556 1
557 1
558 2
559 1
561 1
562 4
565 1
566 2
570 1
571 3
573 2
575 2
578 2
581 1
582 1
583 1
584 1
585 1
586 1
587 3
589 1
590 1
591 1
592 1
595 1
596 2
597 1
598 1
604 1
606 1
607 2
609 1
611 3
612 3
613 1
614 1
615 2
620 1
621 2
625 1
626 1
627 1
628 1
635 2
636 1
637 1
639 3
640 1
642 1
643 1
645 1
650 1
658 1
666 1
668 1
675 1
680 1
684 2
685 1
686 1
688 1
690 1
699 1
700 1
702 2
705 1
706 1
710 1
712 1
714 1
715 2
717 3
721 1
724 1
726 1
727 2
728 2
729 2
733 1
734 1
735 1
737 3
738 2
740 1
741 1
746 2
747 1
749 1
751 1
753 1
756 1
757 1
759 2
763 2
768 2
774 1
776 1
778 1
780 1
781 1
783 1
788 1
789 2
794 1
797 1
805 1
809 1
810 1
817 1
820 1
821 1
823 1
829 1
830 1
831 1
833 1
838 1
842 3
844 1
848 1
857 1
861 1
864 2
869 2
870 1
871 1
872 1
873 1
874 1
875 1
876 1
879 1
880 1
896 1
898 1
908 1
912 1
916 1
922 1
923 1
933 1
938 1
942 1
958 1
961 1
1010 1
