100 3000 50
0 242560
1 304
2 715
3 1148
4 1521
5 1794
6 1769
7 1721
8 1492
9 1195
10 978
11 733
12 546
13 403
14 356
15 248
16 187
17 145
18 109
19 81
20 76
21 58
22 48
23 23
24 47
25 40
26 18
27 25
28 19
29 22
30 19
31 14
32 7
33 13
34 12
35 7
36 6
37 11
38 9
39 5
40 4
41 8
42 8
43 3
44 4
45 3
46 11
47 9
48 6
49 5
50 6
51 10
52 3
53 3
54 4
55 5
56 5
57 3
58 8
59 4
60 3
61 3
62 4
63 1
64 1
65 5
66 4
67 2
69 1
70 4
71 1
72 4
73 1
74 3
75 1
76 5
77 1
78 3
79 1
81 4
82 1
83 1
84 1
85 2
86 1
87 3
88 1
90 1
91 1
92 1
95 2
96 3
97 1
98 2
99 1
101 1
102 1
104 4
105 2
106 1
107 3
108 2
109 2
110 3
111 1
113 1
114 1
117 1
118 2
119 2
121 2
123 1
124 1
127 1
128 1
130 4
131 1
132 2
133 2
134 1
135 1
137 2
138 1
139 3
140 1
141 1
143 3
144 1
145 1
147 2
148 1
149 2
150 1
152 2
153 3
154 1
157 1
160 1
163 1
165 1
169 1
171 1
174 2
176 4
177 1
179 2
181 1
186 1
187 2
188 3
192 1
195 1
199 1
201 1
203 1
204 1
210 2
212 2
215 1
216 2
220 1
221 1
222 2
225 1
226 1
228 1
231 1
233 1
235 1
236 1
239 1
243 2
247 1
252 2
255 2
258 1
259 1
274 1
275 1
277 1
278 1
280 1
281 1
282 1
283 1
284 2
285 1
289 1
293 1
294 1
297 2
298 1
299 1
301 2
305 1
307 1
310 1
312 1
316 1
318 1
325 1
331 1
332 1
334 2
335 1
337 1
340 1
341 1
345 1
346 1
347 1
348 1
350 1
354 1
355 1
356 1
357 1
358 1
376 2
377 1
380 3
381 1
382 1
383 3
385 2
388 1
391 1
392 1
396 1
398 1
399 1
401 2
403 2
404 1
407 1
409 1
413 1
417 3
418 2
420 1
428 1
431 2
432 1
435 1
436 1
441 1
442 2
444 1
445 1
446 1
448 2
452 1
453 1
455 1
460 2
468 1
469 1
476 1
477 1
478 1
480 1
490 2
492 1
494 1
495 1
496 2
499 2
505 2
506 2
507 1
508 1
511 3
512 1
514 1
516 2
519 1
520 1
521 2
522 1
526 1
527 4
528 1
530 1
534 1
542 1
544 1
545 1
546 1
547 2
549 2
552 1
553 1
556 4
559 1
561 1
562 1
564 2
566 1
567 3
568 1
571 1
572 3
574 1
576 2
577 1
578 1
583 1
584 1
585 1
586 1
588 1
590 2
591 1
592 1
594 1
597 1
600 1
603 1
607 1
613 1
616 1
618 1
622 1
635 1
641 1
643 1
646 1
647 1
648 2
650 1
655 2
657 1
666 2
668 1
674 3
675 2
676 1
679 2
688 1
692 1
694 1
699 1
700 1
701 2
704 1
707 1
709 1
712 1
716 2
724 1
728 2
729 2
730 1
732 1
741 1
742 2
743 2
749 1
750 1
752 1
755 2
760 2
767 2
770 1
771 1
781 1
785 1
789 1
790 1
791 1
793 1
800 1
802 1
805 1
811 1
816 1
857 1
860 2
871 1
898 1
908 1
926 1
933 1
1045 1
