100 3000 50
0 251166
1 27
2 81
3 191
4 351
5 501
6 698
7 790
8 834
9 816
10 699
11 585
12 460
13 398
14 300
15 220
16 151
17 140
18 84
19 67
20 43
21 28
22 21
23 21
24 19
25 18
26 8
27 5
28 6
29 6
30 8
31 4
32 6
33 8
34 6
35 5
36 2
37 2
38 2
39 5
40 2
41 3
42 3
43 1
44 3
45 1
47 3
48 1
49 2
50 1
51 2
54 1
55 1
56 2
59 2
60 2
61 1
65 1
67 1
68 1
70 1
71 1
72 2
77 1
78 2
82 1
88 1
89 1
93 2
94 1
106 1
110 1
111 1
112 2
113 1
114 1
120 2
124 1
125 1
133 1
141 1
162 1
168 1
182 1
187 1
203 1
210 1
240 1
254 1
273 1
274 1
275 1
292 1
299 1
308 1
311 2
314 1
316 1
326 1
328 1
329 1
338 1
339 1
340 1
341 1
343 1
345 1
351 1
352 1
354 1
356 1
362 1
363 1
364 1
369 1
372 1
382 2
385 1
388 1
392 1
394 1
396 1
420 1
421 1
424 1
426 1
427 1
428 1
430 1
431 1
433 2
435 1
436 1
445 1
460 1
461 1
476 1
487 1
493 1
503 2
505 1
512 1
515 1
518 1
520 1
521 1
525 1
528 2
529 1
538 1
541 1
542 1
554 1
564 1
577 1
591 1
593 1
597 1
601 1
607 1
615 1
616 1
619 1
620 1
621 1
624 2
630 1
633 1
636 2
637 1
638 1
640 1
643 1
648 2
649 1
650 1
651 1
658 1
663 1
672 1
675 4
676 1
678 3
681 1
683 1
685 1
687 1
688 1
690 1
691 1
693 1
694 1
695 1
696 1
698 1
699 1
701 1
702 2
703 3
704 1
705 1
707 1
709 1
711 1
712 1
720 1
721 1
726 1
727 2
728 2
732 3
734 1
735 1
738 1
740 3
741 2
743 1
746 1
747 1
754 1
756 1
759 1
761 1
762 1
766 1
770 1
775 1
776 1
789 2
794 1
796 1
805 1
806 1
812 1
813 1
816 1
818 1
822 1
826 1
829 1
831 1
833 1
835 2
845 1
849 1
851 1
855 1
862 1
863 1
864 1
870 1
871 1
876 1
881 2
883 1
884 1
885 1
892 1
893 1
894 2
897 2
900 1
904 2
907 1
908 1
911 2
912 3
913 2
920 2
922 1
926 1
930 1
934 3
938 1
940 1
941 1
945 2
960 1
966 1
970 2
972 2
973 1
977 1
988 2
994 1
995 1
998 1
1008 1
1012 1
1014 1
1016 1
1021 1
1024 1
1029 1
1035 1
1038 1
1039 1
1044 1
1046 2
1055 1
1056 1
1057 2
1058 1
1061 1
1064 1
1065 1
1066 1
1068 1
1069 1
1074 1
1076 1
1079 1
1081 1
1082 2
1088 2
1089 2
1091 1
1092 1
1093 1
1095 1
1098 1
1104 1
1105 2
1106 1
1113 1
1117 1
1125 1
1127 1
1129 1
1137 1
1138 1
1140 1
1152 1
1160 1
1169 1
1175 1
1179 1
