100 3000 50
0 251280
1 21
2 65
3 169
4 319
5 487
6 683
7 724
8 795
9 781
10 747
11 634
12 504
13 401
14 285
15 214
16 171
17 126
18 87
19 72
20 36
21 32
22 39
23 13
24 15
25 10
26 7
27 10
28 6
29 9
30 7
31 3
32 4
33 7
34 4
35 3
36 5
37 2
39 7
40 1
41 3
42 3
43 4
44 1
45 3
47 1
49 2
50 1
51 2
52 1
53 2
54 1
55 2
56 1
57 1
58 1
59 2
61 2
62 2
64 1
72 1
73 1
74 2
76 1
79 1
81 1
84 1
86 1
90 1
97 1
100 1
101 1
104 1
118 1
119 1
129 1
136 1
141 1
154 1
173 1
185 2
187 2
200 1
222 1
246 1
247 1
256 1
273 1
275 1
285 1
289 1
291 1
298 1
310 1
312 1
318 1
321 1
328 1
331 1
335 1
337 1
338 1
346 1
350 1
352 2
354 1
359 1
362 1
364 1
365 1
369 1
370 1
374 1
379 1
391 1
395 1
405 1
406 1
407 2
408 2
418 1
420 1
421 1
422 1
439 1
447 1
448 1
453 1
454 2
463 1
464 1
465 1
474 2
478 1
481 1
483 2
485 1
487 1
497 1
510 1
513 1
527 1
530 2
547 1
551 1
552 1
553 1
556 1
566 1
569 1
602 1
606 1
613 1
618 1
627 1
633 1
634 1
636 2
637 1
642 1
644 2
646 1
648 2
655 1
657 1
659 2
661 1
663 3
665 1
666 1
668 1
669 1
671 3
672 1
673 2
677 2
681 1
682 1
687 1
690 1
691 1
692 1
693 1
694 1
697 2
698 2
704 1
706 1
708 1
709 2
711 2
712 2
713 2
716 1
721 1
723 2
726 3
730 1
732 1
736 1
739 2
744 2
745 1
747 1
752 1
753 1
757 2
758 2
760 1
762 2
765 1
766 1
770 1
771 2
773 2
774 1
776 1
785 1
787 2
801 1
806 2
810 1
811 1
813 1
815 1
817 1
829 1
833 3
835 1
836 1
842 1
845 1
846 1
847 1
855 1
858 1
863 1
867 1
869 1
871 1
872 1
873 1
877 2
885 1
887 3
892 1
894 1
895 1
896 1
898 1
900 1
901 1
905 1
907 1
908 2
912 2
916 1
920 1
924 1
925 1
926 1
933 1
941 1
942 1
948 1
949 1
952 1
960 1
961 1
964 1
970 2
971 1
973 2
977 2
980 1
989 1
993 1
1009 1
1014 1
1019 1
1022 3
1025 2
1029 1
1034 1
1040 1
1046 1
1051 1
1052 2
1054 1
1055 1
1056 1
1058 1
1059 1
1062 1
1067 1
1068 1
1069 1
1070 1
1072 2
1077 1
1078 1
1079 1
1081 1
1085 1
1088 2
1089 1
1090 1
1091 1
1093 2
1094 1
1095 1
1096 1
1101 1
1102 1
1104 1
1117 2
1121 1
1123 1
1125 1
1130 1
1131 1
1139 1
1144 1
1150 1
1160 1
1166 1
1169 1
