100 3000 50
0 251919
1 11
2 38
3 115
4 199
5 356
6 416
7 613
8 672
9 661
10 643
11 651
12 546
13 457
14 339
15 302
16 198
17 147
18 106
19 93
20 63
21 48
22 28
23 30
24 19
25 15
26 18
27 13
28 10
29 7
30 10
31 2
32 8
33 7
34 6
35 6
36 2
37 1
38 2
39 4
40 3
41 2
42 1
43 2
44 3
45 1
46 2
47 4
48 1
49 2
51 1
52 3
53 2
54 3
55 1
57 1
58 1
59 1
60 2
61 1
62 1
63 2
72 1
75 1
76 1
78 1
79 1
81 1
83 1
84 1
87 2
90 1
91 1
95 1
104 1
107 1
108 1
111 1
117 1
124 1
127 1
134 1
140 1
145 1
149 1
162 1
181 1
194 1
210 1
225 1
248 1
251 1
261 1
266 1
267 1
272 1
298 1
299 1
306 1
309 1
312 2
314 1
316 2
330 1
343 1
353 1
357 1
366 1
368 1
371 1
374 1
376 1
378 1
384 1
385 1
391 1
394 1
395 1
396 1
398 1
406 1
407 1
408 1
409 1
414 1
416 1
422 1
426 1
431 1
442 1
449 1
455 1
456 2
459 1
461 1
473 2
490 1
500 1
503 1
510 1
516 1
520 1
522 1
523 1
529 1
535 1
536 1
549 1
565 1
570 1
577 1
578 1
582 1
583 1
586 1
588 1
595 2
598 1
601 1
610 1
613 1
615 1
617 1
623 1
624 1
629 2
632 1
633 2
642 1
644 1
645 1
647 1
650 1
654 2
655 1
658 2
659 1
660 2
665 1
666 2
668 1
670 3
680 1
681 1
682 1
683 2
688 1
689 1
690 1
692 1
693 1
695 1
696 1
698 2
699 1
700 1
701 1
702 1
703 1
708 1
713 1
714 3
715 1
717 1
718 2
724 2
727 1
728 3
733 2
736 1
740 1
741 2
743 2
745 2
746 2
747 1
748 1
751 1
755 1
760 2
763 2
765 1
766 1
769 1
776 1
787 1
791 1
797 1
801 1
802 1
804 1
807 1
809 1
817 1
819 1
824 1
825 1
830 1
831 1
833 1
835 1
836 1
837 1
839 1
843 1
850 1
852 1
854 1
857 1
859 1
866 2
867 1
869 1
875 1
876 1
879 1
880 1
887 1
893 1
895 2
896 1
897 2
898 1
900 2
901 1
902 1
903 1
909 1
910 1
911 1
914 1
915 1
916 1
921 1
923 2
924 1
925 1
928 1
940 1
942 1
943 1
944 1
954 1
958 1
961 1
962 1
963 1
971 1
973 1
978 1
983 1
986 1
988 1
989 1
1001 1
1009 1
1012 1
1015 2
1018 1
1019 1
1025 1
1029 1
1032 1
1034 1
1039 1
1046 1
1049 1
1051 2
1054 1
1056 3
1059 1
1062 1
1064 1
1065 1
1072 1
1073 1
1083 1
1086 1
1089 2
1090 2
1091 1
1095 1
1097 1
1100 1
1105 1
1106 1
1107 3
1112 1
1121 1
1131 1
1134 1
1137 1
1141 1
1143 1
1146 1
1149 1
1150 1
1156 1
1164 2
1169 1
1180 1
1212 1
