100 3000 50
0 233959
1 1238
2 1970
3 2313
4 2343
5 2187
6 1967
7 1625
8 1494
9 1257
10 1094
11 904
12 754
13 660
14 532
15 456
16 384
17 395
18 332
19 280
20 226
21 224
22 181
23 145
24 149
25 115
26 112
27 111
28 106
29 85
30 83
31 56
32 65
33 72
34 64
35 57
36 53
37 46
38 31
39 36
40 37
41 39
42 32
43 31
44 32
45 26
46 26
47 29
48 22
49 21
50 13
51 21
52 26
53 22
54 12
55 14
56 13
57 11
58 12
59 9
60 14
61 16
62 14
63 14
64 16
65 11
66 11
67 8
68 8
69 5
70 13
71 9
72 9
73 5
74 8
75 10
76 5
77 4
78 5
79 9
80 10
81 1
82 6
83 6
84 6
85 2
86 2
87 3
88 6
89 4
90 3
91 4
92 5
93 4
94 5
95 5
96 4
97 4
98 3
99 3
100 1
101 3
102 4
103 2
104 3
105 7
106 5
107 3
108 4
109 6
110 3
111 5
112 3
113 6
114 2
115 1
116 1
117 4
118 1
119 3
121 1
122 4
124 1
125 2
126 3
127 1
128 4
129 4
130 3
132 1
134 2
135 1
136 2
137 2
138 3
140 3
141 1
142 4
145 3
146 1
148 4
149 3
150 1
151 2
152 1
153 1
155 2
158 1
159 1
160 1
161 2
162 1
164 1
165 1
166 2
167 1
168 2
170 2
172 2
174 1
176 2
178 1
179 4
180 1
182 1
183 1
184 1
189 3
190 2
191 2
195 4
198 1
200 2
202 2
203 2
206 1
208 2
210 1
212 1
213 1
214 1
217 2
219 1
224 2
225 1
226 1
228 1
229 1
230 1
231 2
235 1
237 1
239 1
242 1
244 1
248 1
252 1
255 2
256 1
258 1
260 1
261 1
264 1
268 1
269 2
270 1
271 1
273 1
274 3
277 1
279 1
280 1
282 1
284 1
290 1
291 1
294 1
305 1
308 1
312 1
314 1
324 1
328 1
332 1
339 1
340 2
343 1
355 1
369 1
383 1
390 1
399 1
410 1
412 1
426 1
433 1
435 1
441 1
457 1
458 1
468 1
481 1
490 1
491 1
494 1
496 1
534 1
