100 3000 50
0 251803
1 11
2 47
3 107
4 234
5 340
6 507
7 678
8 695
9 711
10 687
11 566
12 565
13 417
14 329
15 264
16 169
17 148
18 111
19 81
20 70
21 52
22 29
23 33
24 24
25 17
26 15
27 11
28 8
29 9
30 9
31 7
32 5
33 1
34 5
35 3
36 4
37 2
38 3
39 3
40 6
41 4
42 2
43 2
44 2
45 1
46 2
47 1
48 3
49 3
50 3
51 2
52 2
53 1
54 1
56 1
58 2
61 1
63 1
64 1
65 1
66 1
67 1
69 1
70 1
71 1
76 2
78 1
81 1
83 1
98 1
102 1
106 1
110 2
115 2
133 1
138 1
144 1
157 1
171 1
172 1
174 1
205 1
208 1
220 1
243 1
255 1
257 1
259 1
270 1
272 2
275 1
279 1
284 1
286 1
292 1
305 1
320 1
332 1
333 1
346 1
351 1
353 1
356 1
360 1
363 2
364 1
367 1
371 1
373 1
376 1
377 1
383 1
384 1
386 1
390 1
401 1
410 2
417 1
420 1
425 1
428 1
429 1
440 1
444 1
449 2
456 1
461 1
468 1
469 1
478 1
481 1
488 1
490 1
493 1
499 1
500 1
502 1
520 1
524 1
534 1
539 1
541 1
545 2
547 1
566 1
585 2
587 1
589 1
595 1
596 1
600 1
603 1
612 1
615 1
621 1
624 1
630 1
634 1
638 2
642 2
646 2
649 2
650 1
651 1
655 2
659 1
663 1
665 2
666 1
667 1
668 1
670 1
671 1
672 2
678 1
680 1
681 1
682 1
684 3
685 2
687 1
689 1
690 2
693 2
695 2
697 1
698 2
700 2
704 2
708 1
711 1
713 1
714 2
716 3
717 2
718 1
721 2
723 1
725 1
726 1
727 3
728 1
737 1
739 1
743 1
752 1
753 1
756 1
758 1
761 1
764 1
765 1
766 1
769 1
771 2
776 1
782 1
785 2
787 1
790 1
791 1
793 1
802 1
804 1
811 1
813 1
815 1
820 1
828 1
835 1
838 1
844 2
847 1
848 2
852 1
854 1
857 1
864 1
865 1
871 1
872 1
874 1
875 2
876 1
880 1
881 1
883 1
884 1
887 1
889 1
892 2
898 2
903 1
905 2
906 2
909 1
910 3
915 1
916 1
924 1
930 1
936 1
938 1
942 1
948 1
955 1
956 1
957 1
958 2
961 1
976 1
979 1
980 1
981 1
986 1
987 1
988 2
993 1
994 1
1000 1
1001 1
1005 1
1006 2
1011 1
1023 1
1026 1
1027 1
1032 1
1035 1
1038 1
1044 1
1046 1
1047 1
1053 1
1056 1
1064 1
1068 1
1069 1
1071 1
1074 1
1075 1
1076 1
1078 1
1080 2
1081 1
1082 2
1087 2
1088 1
1090 1
1096 2
1104 1
1106 1
1107 1
1108 3
1109 1
1112 1
1113 2
1114 2
1116 1
1117 1
1122 1
1124 1
1131 2
1134 1
1145 1
1151 1
1177 1
