100 3000 50
0 244775
1 498
2 1082
3 1549
4 1887
5 1842
6 1645
7 1296
8 978
9 723
10 542
11 393
12 275
13 195
14 183
15 96
16 81
17 64
18 49
19 29
20 42
21 40
22 24
23 30
24 23
25 21
26 16
27 14
28 11
29 10
30 7
31 6
32 11
33 11
34 8
35 15
36 10
37 6
38 5
39 5
40 9
41 6
42 9
43 7
44 5
45 7
46 4
47 6
48 3
49 7
50 6
51 6
52 6
53 5
54 1
56 4
57 5
58 1
59 4
61 3
62 5
63 1
64 5
65 5
66 3
67 3
68 4
69 1
70 2
71 2
72 1
74 2
75 5
76 2
77 2
78 3
79 3
80 3
81 2
82 3
83 2
84 2
85 2
86 2
88 1
90 4
91 1
92 1
93 4
95 1
96 2
97 1
98 1
99 2
101 2
102 1
103 2
104 2
105 2
106 1
109 2
110 3
111 2
112 1
113 4
114 2
115 1
116 2
117 2
118 1
119 4
120 3
121 1
122 1
123 1
125 1
127 3
128 3
129 2
130 2
131 1
132 3
133 1
135 2
136 1
137 1
140 1
142 1
143 1
146 1
148 1
149 1
150 2
151 1
152 1
154 1
155 1
156 3
158 3
159 1
163 1
164 2
166 2
167 1
169 1
170 3
171 1
173 2
174 1
175 1
177 1
179 2
180 1
182 1
184 1
185 1
189 1
190 1
191 2
194 1
195 1
196 1
197 1
200 1
201 2
203 1
204 1
205 2
206 1
207 1
208 1
209 1
210 3
212 2
213 2
214 1
215 1
219 1
222 2
226 1
227 1
228 1
229 3
230 1
232 1
233 1
234 1
241 3
242 1
243 2
247 2
249 2
251 1
252 2
255 2
258 1
260 1
262 1
264 1
266 1
269 1
271 1
272 1
273 1
277 2
278 2
279 1
282 1
283 1
285 1
290 1
291 1
294 1
295 1
297 3
299 1
300 1
301 1
303 1
305 1
308 1
313 1
314 1
315 1
317 1
324 2
326 1
327 1
331 1
332 1
333 2
334 1
335 1
337 2
339 3
341 1
342 1
343 2
344 3
346 1
352 1
353 1
357 1
359 1
361 1
362 1
364 1
365 1
367 2
369 1
373 1
374 1
376 2
377 1
381 1
382 1
383 1
385 1
386 1
387 1
389 2
390 1
391 3
399 1
400 2
402 1
403 1
406 2
411 1
412 2
414 1
415 1
419 1
426 1
431 1
434 2
438 1
440 1
441 2
443 2
444 1
446 1
450 1
461 1
462 1
463 1
466 2
471 1
472 1
473 2
476 1
485 1
486 2
492 2
493 1
495 1
496 1
500 1
502 1
503 1
506 1
509 1
511 1
514 1
524 1
525 2
529 1
537 1
543 2
545 1
548 1
549 1
551 1
552 2
555 1
557 1
561 1
563 1
564 1
566 2
567 1
568 1
575 1
576 2
579 1
583 1
585 2
592 2
593 1
598 1
601 1
613 1
614 1
624 2
628 1
632 1
633 1
634 1
639 3
640 2
641 1
643 1
644 2
645 1
647 1
649 1
650 2
656 1
657 1
659 1
663 2
665 1
669 1
670 1
671 2
673 1
674 1
681 1
682 1
684 1
685 1
689 2
693 2
696 1
700 1
701 1
704 1
705 1
707 1
715 3
718 1
723 1
724 1
725 2
726 2
728 2
729 1
731 1
738 1
739 1
747 1
748 1
750 2
752 1
755 1
756 1
762 1
763 1
765 1
767 1
768 1
784 1
791 1
793 1
794 1
796 1
799 1
803 1
804 1
806 2
810 1
815 1
821 1
827 1
833 1
837 1
841 1
845 1
846 1
854 1
858 1
866 1
873 1
877 1
882 1
883 2
893 1
897 1
898 3
900 1
902 1
904 1
912 1
913 1
914 1
915 1
916 2
919 1
922 1
934 1
935 1
936 1
950 1
953 1
956 2
975 1
987 1
994 1
1014 1
1059 1
1066 1
1096 1
