100 3000 50
0 250226
1 51
2 157
3 333
4 581
5 835
6 897
7 1021
8 976
9 817
10 714
11 579
12 470
13 310
14 230
15 170
16 92
17 78
18 52
19 36
20 27
21 28
22 20
23 8
24 8
25 10
26 6
27 9
28 5
29 9
30 3
31 1
32 6
34 2
35 4
36 4
37 3
38 3
39 1
40 3
41 2
42 1
43 3
44 1
45 1
46 3
47 2
48 1
49 1
50 2
51 1
52 2
53 2
60 2
64 1
65 1
66 2
69 1
70 1
71 3
72 1
83 1
84 1
88 1
89 1
91 1
92 1
93 1
97 1
101 2
107 1
111 1
112 1
124 1
130 1
132 1
137 2
140 1
151 1
153 1
155 1
159 1
181 1
200 1
215 1
220 1
222 1
231 1
236 1
243 1
261 1
271 1
272 1
279 1
285 2
292 2
294 1
295 1
297 1
299 1
303 1
306 1
317 1
320 1
328 1
330 2
342 1
349 1
353 1
355 1
357 1
362 1
367 1
370 1
371 2
374 1
377 1
380 1
385 1
390 1
397 1
398 1
399 1
400 1
403 1
410 1
414 1
417 1
420 1
437 1
438 1
440 1
447 1
448 1
457 1
462 1
463 1
465 1
469 1
473 1
474 1
483 1
487 1
489 1
490 1
492 1
510 2
516 1
520 1
542 1
543 2
547 1
559 1
562 1
563 1
577 1
586 1
589 1
590 1
595 1
597 1
600 1
605 1
610 2
613 1
615 1
616 1
620 1
622 1
627 1
630 1
632 1
639 1
641 1
643 2
645 1
649 2
654 1
655 1
657 1
660 1
663 2
667 3
669 2
673 1
674 1
676 2
679 1
680 1
683 1
684 1
685 2
687 2
691 1
693 2
694 1
695 2
698 1
699 1
700 1
701 1
702 1
704 2
709 1
710 1
712 1
713 2
715 1
716 2
722 1
723 1
725 1
728 1
729 1
731 1
735 1
737 1
741 1
744 2
747 1
751 1
753 2
754 1
760 1
769 2
770 1
774 1
784 1
787 1
788 1
794 1
798 2
801 1
813 2
820 1
823 1
826 2
827 1
828 1
835 2
838 1
843 1
847 1
849 2
853 2
856 2
859 1
860 1
861 1
863 1
868 1
869 1
870 1
871 1
879 1
887 1
889 1
891 1
899 1
901 1
903 1
909 1
914 2
916 1
917 1
918 1
920 1
925 3
926 1
930 1
933 3
939 2
942 1
943 1
955 1
961 1
962 1
969 1
980 1
983 1
985 1
986 1
988 1
998 2
999 1
1006 2
1016 1
1021 1
1023 1
1026 1
1032 1
1034 1
1038 2
1050 1
1056 1
1058 1
1061 1
1064 1
1067 2
1069 1
1070 1
1071 1
1076 1
1086 1
1089 1
1092 1
1093 1
1094 1
1097 2
1098 1
1099 2
1101 1
1102 1
1103 1
1105 2
1106 2
1108 2
1109 1
1114 1
1121 1
1123 2
1124 1
1133 1
1136 2
1139 1
1141 1
1144 1
1145 1
1148 1
1149 1
1151 1
1156 1
1161 1
1162 1
1185 1
1192 1
