100 3000 50
0 250446
1 34
2 133
3 288
4 493
5 715
6 952
7 971
8 958
9 800
10 713
11 581
12 461
13 320
14 238
15 177
16 124
17 78
18 60
19 58
20 40
21 20
22 20
23 17
24 15
25 10
26 6
27 6
28 5
29 10
30 5
31 4
32 3
33 5
34 1
35 2
36 7
37 3
38 2
39 1
40 1
41 5
42 3
44 3
45 1
46 1
47 1
48 5
50 2
51 1
52 1
53 1
54 1
55 3
56 2
57 1
58 2
59 1
64 1
70 1
71 1
74 1
76 1
78 1
82 1
86 1
87 1
88 1
93 1
99 1
102 1
110 1
129 1
132 1
138 2
139 1
143 1
144 1
158 1
163 1
171 1
177 1
183 1
206 1
208 1
214 1
215 1
224 1
225 1
232 1
234 1
235 1
270 1
280 2
287 1
288 1
297 1
306 1
311 2
314 2
317 1
324 1
326 1
329 2
336 1
342 1
345 1
347 1
350 1
352 1
357 1
360 1
361 1
369 1
373 2
381 1
388 1
390 2
393 2
394 1
399 1
403 1
405 1
410 1
411 1
429 1
440 2
442 1
448 1
450 2
457 1
458 1
464 1
465 1
471 1
473 2
479 1
482 1
498 1
504 1
524 1
539 1
540 2
544 1
548 1
551 1
557 1
573 1
583 2
590 1
591 2
600 1
601 1
602 1
603 1
607 2
608 1
614 1
616 1
617 1
627 1
632 1
637 1
638 1
639 1
642 1
643 1
646 1
648 2
651 1
652 1
657 2
658 1
661 1
668 1
670 1
673 1
675 1
676 1
678 1
682 2
684 1
686 1
688 2
689 1
690 2
691 1
693 2
694 1
695 2
697 1
698 2
699 2
702 3
704 1
706 1
707 2
713 2
714 1
716 1
717 1
723 1
725 1
726 1
728 1
729 1
730 2
731 2
732 2
733 1
737 1
742 2
745 1
762 1
763 1
765 1
766 2
770 1
773 1
778 1
788 2
791 1
792 2
795 1
799 1
805 1
814 1
817 1
818 1
821 1
823 1
824 1
830 2
833 1
836 1
837 1
840 1
843 2
849 1
850 1
853 1
854 1
857 1
861 1
867 1
877 2
886 1
887 1
888 2
896 1
897 2
898 1
900 3
901 1
902 1
903 1
908 1
910 1
912 2
917 1
923 1
928 1
929 1
930 1
932 1
933 2
934 1
936 1
937 1
938 1
948 1
962 1
966 1
967 1
970 1
974 1
982 1
989 1
996 1
997 1
1003 1
1008 1
1009 1
1013 1
1020 1
1021 1
1027 1
1029 1
1033 1
1037 1
1040 1
1047 1
1049 1
1050 1
1052 1
1053 2
1057 1
1062 1
1064 1
1067 1
1074 1
1079 1
1084 1
1088 1
1090 2
1091 1
1093 1
1094 3
1095 2
1096 1
1097 1
1103 1
1105 1
1106 1
1113 1
1116 1
1120 3
1121 1
1122 1
1123 1
1124 1
1127 1
1128 1
1136 1
1137 1
1140 1
1141 1
1143 1
1145 1
1150 1
1152 1
1167 1
1177 1
1190 1
