100 3000 50
0 250850
1 36
2 114
3 248
4 440
5 625
6 736
7 845
8 918
9 823
10 742
11 568
12 475
13 368
14 248
15 211
16 136
17 88
18 64
19 45
20 38
21 34
22 27
23 14
24 16
25 13
26 10
27 8
28 5
29 2
30 7
31 3
32 5
33 3
34 4
35 2
36 3
37 4
38 5
39 2
40 2
41 1
42 2
43 2
44 2
45 3
46 4
48 1
49 4
50 4
53 2
56 2
60 2
65 1
67 2
71 1
72 2
73 1
80 1
81 1
83 1
87 1
102 2
114 1
115 1
116 1
121 1
130 1
131 1
139 1
140 1
146 1
149 1
150 1
151 1
155 1
156 1
157 1
168 1
176 1
181 1
186 1
211 1
243 1
263 1
269 2
273 1
287 1
293 1
294 1
295 1
306 1
307 1
310 1
314 1
317 1
326 1
327 1
330 1
337 1
338 2
341 1
346 1
347 1
350 1
359 1
363 1
364 1
366 1
367 1
369 1
375 1
380 1
382 1
391 1
393 1
394 2
399 1
400 2
402 1
403 1
409 1
413 1
424 1
425 1
427 1
441 1
443 1
446 1
449 1
458 1
461 1
469 1
472 1
474 1
475 1
476 1
504 1
510 1
512 1
514 1
525 1
530 1
540 1
542 2
545 1
550 1
551 1
571 1
583 1
588 1
598 2
601 1
606 1
608 1
618 1
623 1
627 1
628 1
631 1
636 1
637 2
638 1
642 1
646 2
647 1
648 1
651 1
656 1
660 1
662 1
666 1
667 1
669 2
670 2
674 1
676 1
677 1
680 1
681 2
683 1
686 1
687 1
689 1
690 1
691 1
694 2
696 1
697 1
699 1
700 1
702 1
704 1
705 1
706 1
707 1
708 1
709 1
712 1
714 1
715 2
716 1
717 1
720 1
721 1
722 1
734 1
737 1
739 2
742 2
745 1
746 3
748 2
749 1
755 1
756 1
758 1
761 1
762 1
763 1
764 1
766 1
767 1
768 3
770 1
773 1
774 1
784 1
785 1
796 1
798 1
807 1
808 1
809 1
816 1
819 1
820 1
822 1
824 1
826 1
846 1
849 1
850 1
853 1
856 1
857 1
862 1
863 2
867 1
871 1
872 1
876 1
877 2
881 1
882 1
887 2
888 1
893 2
896 1
899 1
901 2
903 1
904 1
905 1
906 1
909 3
911 2
922 1
926 1
930 2
933 4
934 1
938 1
942 1
947 1
950 1
960 1
962 2
969 2
971 1
973 1
989 1
992 1
994 2
1000 1
1017 1
1023 1
1031 2
1038 1
1046 1
1047 2
1048 1
1050 1
1052 1
1054 2
1056 1
1066 1
1067 2
1068 1
1075 1
1083 2
1084 1
1085 2
1091 1
1093 1
1098 1
1099 1
1100 2
1101 1
1102 1
1104 1
1108 1
1110 3
1111 1
1114 1
1117 1
1118 1
1125 2
1127 1
1128 1
1129 1
1132 1
1135 1
1137 1
1143 1
1144 1
1155 2
1159 2
1170 1
1181 1
1190 1
