100 3000 50
0 251578
1 13
2 68
3 141
4 259
5 416
6 586
7 675
8 716
9 776
10 711
11 591
12 484
13 439
14 314
15 228
16 172
17 145
18 110
19 88
20 60
21 47
22 32
23 20
24 19
25 13
26 13
27 11
28 8
29 6
30 6
31 4
32 1
33 6
34 9
35 6
36 2
37 1
38 2
39 1
40 2
41 3
42 2
43 4
44 4
45 3
46 3
47 2
49 3
50 1
51 2
52 3
55 1
56 2
59 1
63 2
64 1
69 3
70 1
72 2
74 1
75 1
78 1
81 1
91 1
93 1
96 2
97 3
98 1
102 1
103 1
117 1
120 1
123 1
125 1
136 1
137 1
140 1
152 1
155 1
171 1
190 1
209 1
244 1
245 1
258 1
263 1
264 1
267 1
268 1
276 1
289 1
299 1
300 1
304 1
305 1
306 1
307 1
312 1
314 1
321 2
327 2
337 1
343 1
349 1
351 1
353 1
354 1
361 1
363 1
365 1
368 1
382 1
386 1
398 1
415 1
416 1
417 1
418 2
419 2
420 1
426 1
437 2
439 1
447 2
470 1
477 1
492 2
495 1
496 1
498 1
509 1
511 1
516 1
521 1
523 1
526 1
530 1
535 1
546 1
567 1
568 2
571 1
573 1
577 1
581 1
589 1
597 1
610 1
611 1
612 1
614 1
625 1
626 1
627 1
631 1
635 1
637 1
639 1
645 1
651 2
652 1
653 2
654 1
655 1
659 1
662 2
663 3
664 1
665 1
666 1
667 2
670 1
674 2
677 2
679 1
682 1
683 2
684 1
687 1
688 1
693 1
694 1
695 1
696 1
698 1
699 1
700 1
701 2
703 1
704 1
705 2
710 1
711 3
712 2
714 3
717 1
719 2
720 1
721 1
723 1
725 1
726 2
732 1
733 1
734 1
735 1
737 1
738 2
739 1
742 1
743 1
745 1
746 1
747 1
748 1
751 1
753 1
754 1
762 1
764 1
777 1
787 1
788 1
791 1
796 1
802 1
808 1
817 1
820 1
822 1
831 1
834 1
838 1
840 1
842 2
846 2
849 1
853 1
860 1
863 2
867 1
868 1
870 1
873 1
875 1
876 2
880 2
884 1
885 1
886 1
887 2
893 2
895 1
898 2
906 1
914 1
916 2
919 1
922 1
923 1
924 1
926 1
927 1
938 2
939 1
942 1
950 1
954 1
956 1
958 1
961 1
963 1
966 1
976 1
977 1
979 1
987 1
990 1
991 1
992 1
993 1
997 1
1000 1
1003 2
1005 1
1006 1
1008 1
1010 1
1012 1
1025 1
1026 1
1028 1
1043 2
1045 2
1052 1
1057 1
1058 1
1061 1
1066 1
1067 2
1071 2
1072 2
1073 1
1074 1
1075 1
1078 1
1079 1
1086 1
1087 1
1090 1
1093 1
1095 1
1100 1
1103 1
1106 1
1107 1
1108 1
1109 2
1110 1
1111 1
1112 1
1115 1
1121 2
1122 1
1127 1
1128 1
1130 2
1131 1
1135 1
1141 1
1149 1
1155 1
