100 3000 50
0 249003
1 114
2 326
3 597
4 900
5 1078
6 1214
7 1162
8 1035
9 859
10 694
11 506
12 367
13 224
14 183
15 122
16 80
17 52
18 44
19 31
20 14
21 27
22 13
23 12
24 14
25 9
26 9
27 4
28 4
29 5
30 4
31 2
32 4
33 2
34 1
35 7
36 5
37 3
38 3
39 2
40 1
41 3
44 4
45 2
46 5
47 1
48 1
49 1
51 1
52 2
53 3
54 1
55 2
56 1
60 2
62 1
63 1
65 3
66 1
68 1
69 1
70 4
72 2
73 6
74 2
75 2
76 1
77 1
82 1
83 2
90 1
91 1
92 1
94 1
95 1
96 1
98 1
99 2
102 1
106 1
108 1
110 1
111 1
118 3
127 1
137 2
140 1
142 1
144 1
145 1
154 1
162 1
169 1
171 1
175 1
177 1
181 1
193 1
194 1
196 1
198 1
200 1
202 1
204 1
205 1
206 1
207 1
210 1
217 1
220 1
225 2
229 1
231 1
236 1
238 1
240 1
242 1
245 1
253 1
261 2
264 1
268 1
275 1
277 1
280 1
281 1
286 1
290 1
295 1
308 1
311 1
314 1
321 1
322 1
324 2
335 1
336 2
339 1
341 1
355 1
367 1
369 3
371 1
373 1
374 1
375 1
380 1
385 1
386 1
387 2
393 1
394 1
396 1
398 1
400 1
407 1
408 1
416 1
423 1
427 1
432 1
433 1
438 1
440 1
443 1
445 1
456 1
459 1
463 1
465 2
467 1
468 1
470 1
474 1
475 1
476 1
486 1
490 1
495 1
496 2
497 1
505 1
508 1
513 1
518 1
519 1
525 1
534 1
543 1
545 3
550 1
551 1
553 2
566 1
573 1
575 1
584 1
588 1
591 1
600 1
605 1
608 1
611 1
614 1
631 1
632 1
633 1
635 3
639 1
645 1
651 2
653 1
656 2
658 1
659 2
662 1
663 1
666 2
667 1
671 3
672 1
673 1
676 1
677 1
681 1
683 2
684 4
687 2
688 1
689 1
693 1
694 1
696 2
697 1
698 1
703 1
704 1
708 2
709 1
712 1
713 1
714 2
715 1
716 3
717 1
718 3
722 1
725 2
727 1
728 2
733 2
734 1
736 1
738 1
741 1
743 1
744 1
749 1
750 1
751 1
754 2
759 1
766 1
767 1
770 1
789 1
799 1
802 1
804 1
807 1
812 2
820 1
829 1
841 1
842 1
846 1
848 2
849 1
854 1
860 2
862 2
866 2
867 2
873 1
875 3
880 1
884 1
887 1
888 1
891 1
892 1
894 1
895 1
905 1
906 1
909 1
910 1
914 1
916 1
920 1
923 2
927 1
928 1
930 1
931 1
932 1
935 1
942 1
945 1
947 1
949 2
952 2
964 1
965 1
967 1
970 2
977 1
978 1
985 1
989 1
998 2
1005 1
1020 2
1030 1
1042 1
1046 1
1047 1
1049 1
1054 1
1055 1
1056 1
1060 1
1065 1
1066 1
1067 2
1069 1
1075 1
1076 1
1077 1
1089 1
1091 1
1095 2
1099 2
1102 2
1107 1
1108 1
1113 1
1117 1
1121 1
1127 1
1130 1
1131 1
1136 1
1146 1
1147 1
1155 1
1159 1
1168 1
1169 1
1176 1
1180 1
1184 1
