100 3000 50
0 246967
1 282
2 689
3 1179
4 1486
5 1520
6 1529
7 1280
8 1029
9 767
10 533
11 410
12 261
13 185
14 117
15 85
16 52
17 52
18 31
19 27
20 19
21 15
22 13
23 14
24 14
25 8
26 10
27 8
28 3
29 6
30 7
31 2
32 6
33 4
34 2
35 4
36 6
37 5
38 4
39 7
40 5
41 5
42 3
43 1
44 1
45 3
46 2
48 5
49 1
50 1
51 5
52 3
53 2
54 2
55 1
57 1
58 1
59 2
60 3
61 1
62 3
63 2
64 2
65 1
67 1
68 1
69 3
71 1
72 1
73 5
74 1
75 3
76 3
77 1
78 1
79 1
80 1
82 3
83 1
84 1
86 1
87 1
88 1
89 1
92 4
96 2
98 1
99 1
100 1
101 2
102 2
103 2
104 1
105 2
106 1
107 1
110 1
113 2
114 2
120 1
121 4
122 1
124 4
127 4
128 2
129 1
130 2
132 1
134 1
139 2
140 4
141 4
142 2
145 1
149 3
151 1
154 1
158 2
161 1
165 1
166 1
167 2
168 1
172 1
173 1
175 1
176 1
178 2
180 1
181 1
182 1
184 1
185 1
186 1
188 1
190 1
191 1
195 1
197 3
200 1
201 1
206 2
208 1
209 1
214 1
215 1
216 1
220 1
224 1
225 2
231 1
233 2
236 1
237 1
242 1
245 1
247 1
252 1
256 1
258 1
260 1
264 1
267 1
270 1
277 1
278 1
290 1
292 1
293 1
294 1
296 1
298 1
300 1
307 1
308 2
314 3
315 1
318 1
319 1
322 1
325 1
327 1
333 1
342 1
343 1
346 2
349 3
352 1
355 1
356 1
360 2
362 1
366 1
370 1
372 1
376 2
378 1
379 1
380 1
381 1
385 3
386 1
387 1
388 2
391 1
393 1
398 1
399 1
400 1
405 1
411 1
412 1
416 2
426 1
429 2
430 1
432 2
439 1
444 1
445 1
449 1
453 1
456 1
458 3
465 1
467 1
468 1
469 1
470 2
473 1
481 1
485 1
500 1
504 1
505 1
506 1
508 1
513 2
514 1
515 1
516 1
518 1
522 1
523 1
527 2
531 1
533 1
534 1
536 1
540 2
546 1
548 1
549 1
550 2
551 1
552 1
555 2
562 1
563 1
571 1
574 1
579 1
582 1
585 2
586 1
592 2
601 1
603 1
605 1
609 2
610 1
617 1
618 2
622 2
626 1
632 1
635 1
640 1
643 1
646 2
650 2
653 1
655 1
658 1
659 1
663 1
665 1
666 1
667 1
668 1
669 1
670 2
674 2
678 2
679 1
682 1
684 2
691 1
693 1
696 1
698 1
701 1
703 2
704 3
705 1
706 1
709 1
710 1
713 1
714 1
720 2
721 1
727 1
728 1
732 1
736 1
737 1
740 2
741 1
744 1
745 1
751 1
753 3
754 1
755 1
763 1
779 1
783 1
786 3
788 1
799 1
800 1
801 1
809 1
815 1
822 1
824 1
829 1
835 1
837 1
843 1
849 1
851 1
858 1
862 1
879 1
882 1
887 1
888 1
891 1
893 1
894 2
897 1
899 1
903 2
906 1
907 4
909 2
912 2
913 1
915 1
918 1
921 1
929 2
933 1
934 1
937 1
939 1
940 1
948 2
949 2
950 1
952 1
965 1
971 1
974 1
980 1
982 1
985 1
992 1
998 1
1000 1
1008 1
1009 1
1018 1
1021 1
1025 1
1035 1
1037 1
1042 1
1051 1
1052 1
1054 1
1055 1
1059 1
1064 1
1068 1
1075 1
1076 1
1078 1
1082 1
1091 1
1092 1
1093 1
1096 1
1109 1
1110 1
1113 1
1114 1
1116 1
1155 1
