100 3000 50
0 251382
1 28
2 69
3 147
4 305
5 439
6 667
7 665
8 802
9 756
10 682
11 618
12 550
13 412
14 290
15 239
16 189
17 156
18 84
19 68
20 39
21 35
22 33
23 21
24 21
25 14
26 12
27 9
28 4
29 10
30 5
31 1
32 3
33 5
34 8
35 3
36 2
37 3
38 1
39 3
41 2
42 1
43 4
44 1
45 3
46 1
47 1
48 3
49 1
50 2
51 2
55 1
56 4
57 1
58 1
59 2
60 2
61 1
62 1
64 1
67 1
68 1
69 1
70 1
72 1
77 2
80 1
81 1
84 1
86 1
87 1
88 1
89 1
92 3
94 1
102 1
105 1
112 1
118 1
119 1
124 1
128 1
142 1
145 1
148 2
166 1
170 1
187 1
214 1
234 1
238 1
239 1
253 1
254 1
259 1
263 1
264 1
266 1
276 1
286 1
290 1
304 1
306 1
315 1
316 1
333 1
335 1
338 1
348 1
349 1
352 1
356 1
366 1
368 1
370 1
373 2
379 1
394 1
398 1
399 1
403 1
404 1
410 1
412 2
414 1
416 1
419 1
427 1
430 1
432 1
435 1
436 1
439 1
445 1
447 1
451 1
460 1
463 1
466 1
471 1
480 1
503 1
507 1
514 1
518 1
519 2
524 1
526 1
530 1
536 1
537 1
542 1
551 1
566 1
569 1
571 1
572 1
578 1
580 1
585 2
586 1
589 1
601 1
603 1
607 2
608 1
613 1
614 1
621 1
625 2
628 1
643 1
645 1
651 3
653 1
654 2
655 1
658 3
659 1
665 1
667 1
668 2
669 1
670 1
674 1
679 2
680 2
682 1
684 1
685 1
687 1
693 1
699 1
700 1
702 1
704 1
705 1
706 1
707 1
709 2
710 1
717 1
718 2
720 1
722 1
724 1
726 1
727 1
728 1
729 2
730 1
733 1
734 1
740 1
742 1
744 1
746 1
748 1
749 1
750 5
752 1
754 1
756 1
757 1
758 1
764 1
765 1
766 1
771 1
773 2
775 1
780 1
784 1
789 1
790 1
792 3
793 1
802 1
805 2
812 1
813 1
822 1
823 1
825 1
827 2
828 1
829 1
831 1
836 1
840 2
841 1
848 1
853 1
856 1
857 1
863 1
864 1
865 1
867 1
868 1
876 1
879 2
882 1
883 1
884 2
885 1
887 1
889 1
893 1
897 1
904 1
907 1
910 1
913 1
918 1
919 1
920 1
924 1
926 1
929 1
931 1
932 1
933 1
937 1
942 1
948 1
955 2
962 1
969 1
973 1
974 1
979 1
982 1
986 1
987 2
996 1
1008 1
1012 1
1014 1
1019 1
1022 1
1025 1
1028 1
1030 2
1036 1
1037 1
1048 1
1049 1
1057 1
1058 2
1067 2
1071 1
1073 1
1074 1
1076 2
1077 1
1078 1
1081 1
1084 1
1086 1
1088 1
1092 1
1093 2
1094 1
1102 1
1105 1
1109 2
1112 2
1114 3
1115 1
1121 1
1124 2
1125 1
1138 2
1141 1
1142 1
1143 2
1149 1
1151 1
1156 1
1161 1
1163 1
