100 3000 50
0 248226
1 161
2 451
3 826
4 1131
5 1340
6 1357
7 1225
8 1008
9 804
10 623
11 438
12 317
13 253
14 137
15 95
16 73
17 47
18 30
19 18
20 18
21 19
22 19
23 10
24 9
25 8
26 6
27 4
28 9
29 4
30 6
31 8
32 1
33 4
34 3
35 2
36 1
37 2
38 4
39 1
40 4
41 2
42 2
43 2
44 3
46 2
47 1
48 2
49 2
50 1
51 2
52 3
53 1
54 2
55 1
56 1
57 1
59 3
60 1
61 1
62 3
63 4
64 1
65 3
66 3
67 1
68 2
71 2
72 1
73 1
75 1
76 1
77 4
78 1
80 2
81 1
83 1
87 1
88 1
93 2
94 1
99 1
101 1
102 1
103 2
105 4
107 1
110 1
111 1
116 2
118 2
121 1
125 1
130 1
132 1
133 2
134 1
136 1
137 1
138 2
139 1
140 1
141 1
146 2
148 1
149 1
151 1
152 1
153 1
156 1
158 2
162 2
164 1
169 1
170 1
177 1
180 2
186 1
192 1
197 2
201 1
204 1
213 2
220 1
222 1
226 2
230 1
237 1
240 3
242 1
244 2
245 1
249 1
251 1
252 2
256 2
257 1
262 1
265 1
270 1
272 1
276 2
277 2
280 1
281 1
297 1
298 1
299 1
301 1
304 1
310 1
317 1
323 1
327 1
329 1
331 1
334 2
338 1
340 1
349 1
350 1
351 1
357 1
358 1
361 2
365 1
367 1
369 1
370 1
372 1
376 2
377 1
378 1
380 2
393 1
395 2
400 1
402 1
404 1
409 1
412 1
416 2
418 2
424 1
440 2
445 1
446 1
450 2
452 1
453 2
456 1
462 1
465 1
468 1
470 1
479 1
482 1
484 1
488 1
495 1
504 1
514 1
515 1
522 2
526 1
528 1
532 1
537 2
538 1
539 1
558 1
571 1
573 1
576 1
581 1
583 1
585 1
588 1
590 1
594 1
595 1
596 1
604 1
606 1
607 1
612 1
614 1
616 1
618 1
619 1
626 1
627 1
631 1
633 1
637 1
642 3
643 2
648 1
649 1
650 1
652 2
653 2
657 1
659 1
660 1
661 1
663 1
664 1
665 1
667 1
668 1
669 1
672 1
673 2
674 2
675 1
676 2
677 2
678 1
683 1
684 1
691 1
692 1
693 2
694 1
700 1
702 1
705 1
706 1
707 1
708 1
709 1
710 1
711 1
713 1
714 1
715 1
717 1
721 1
724 1
730 2
733 2
736 1
740 1
742 1
746 1
747 1
748 1
750 1
751 1
755 1
768 1
770 1
777 1
780 1
783 1
789 1
791 2
793 1
798 1
801 1
805 1
809 2
810 1
819 1
821 1
828 1
830 1
841 1
843 1
849 1
851 1
858 3
860 2
863 1
866 1
871 1
872 2
879 1
893 2
894 1
896 1
901 1
902 2
903 1
909 1
912 1
915 1
916 3
920 1
921 1
928 1
930 1
931 1
933 1
934 1
938 1
945 1
953 1
957 1
959 1
964 1
974 1
978 1
980 1
983 3
984 1
986 2
990 1
997 1
1000 2
1005 1
1008 1
1014 1
1024 1
1025 1
1030 1
1036 1
1038 1
1040 1
1043 2
1053 1
1054 1
1064 1
1076 1
1079 1
1088 2
1089 1
1090 1
1091 2
1094 1
1099 1
1100 1
1106 1
1112 1
1114 2
1119 2
1120 1
1121 1
1125 1
1128 1
1129 1
1140 1
1145 2
1150 1
1151 2
