100 3000 50
0 251649
1 13
2 44
3 119
4 244
5 427
6 539
7 640
8 718
9 750
10 689
11 635
12 542
13 443
14 314
15 241
16 184
17 119
18 129
19 75
20 62
21 48
22 24
23 24
24 17
25 20
26 14
27 7
28 13
29 6
30 8
32 3
33 4
34 3
35 3
36 2
37 3
38 2
39 1
40 2
41 5
42 3
43 2
45 3
46 1
47 3
49 2
50 3
51 3
53 2
55 1
56 1
59 4
64 3
67 2
68 2
71 1
72 1
73 1
76 1
77 1
79 1
84 1
87 1
91 2
94 1
96 1
103 1
106 1
107 1
114 1
122 1
126 1
127 1
134 1
139 1
140 1
144 1
170 1
182 1
200 1
207 1
213 1
228 1
233 1
237 1
253 1
256 1
269 1
272 1
277 1
278 1
284 1
317 1
321 1
323 1
329 1
331 1
332 1
333 1
347 2
350 1
351 1
358 1
361 1
369 2
370 1
371 1
372 2
375 1
378 1
390 1
391 1
402 1
403 1
404 1
406 1
408 2
421 1
422 1
428 1
433 1
434 1
457 1
463 1
465 1
481 1
488 2
490 1
491 1
492 1
506 1
507 2
516 1
517 1
524 1
528 1
530 1
534 1
539 1
540 2
550 1
559 1
562 1
569 1
572 1
587 1
592 1
595 1
596 1
601 1
607 1
613 1
614 1
620 1
622 2
623 1
629 1
630 1
637 1
639 1
640 1
642 1
647 1
653 1
655 1
663 1
664 1
665 1
668 3
671 1
672 1
674 1
676 1
678 1
679 1
680 2
682 1
686 2
687 3
688 2
689 1
690 1
692 1
693 2
694 2
696 1
697 1
699 1
700 1
701 2
702 1
703 1
707 2
709 2
710 1
712 2
715 2
716 1
717 2
719 1
720 1
722 1
726 1
728 1
731 1
732 1
733 1
735 1
737 3
742 1
746 1
748 1
750 1
752 1
760 1
761 1
763 1
765 1
769 1
784 2
785 1
786 1
787 1
794 1
795 1
797 1
799 1
803 1
804 1
809 1
810 1
812 1
813 1
823 1
828 2
832 1
837 1
845 2
846 2
847 1
849 1
851 1
859 1
860 1
863 1
866 1
868 1
869 1
870 1
874 1
875 1
877 1
881 1
882 1
887 1
892 1
893 1
895 2
897 2
898 1
900 1
901 1
902 1
913 1
915 1
918 1
919 1
927 1
931 1
933 1
937 1
938 1
941 1
946 1
951 1
952 1
953 1
958 1
964 1
966 1
970 1
974 2
986 1
988 2
991 1
992 1
996 1
997 1
1001 2
1004 1
1009 1
1011 1
1013 1
1019 1
1022 1
1025 1
1027 1
1034 2
1039 1
1040 1
1041 1
1050 1
1053 1
1054 1
1055 2
1061 1
1062 1
1063 1
1068 1
1069 1
1070 1
1072 1
1076 1
1077 1
1079 2
1082 1
1086 2
1087 1
1088 1
1091 1
1092 1
1093 1
1094 1
1100 1
1104 1
1110 1
1121 1
1122 1
1126 1
1128 1
1130 1
1132 1
1133 1
1138 1
1144 1
1148 1
1155 1
1163 1
1165 1
1169 1
