100 3000 50
0 225627
1 1737
2 2611
3 2992
4 3181
5 2895
6 2583
7 2270
8 2124
9 1752
10 1547
11 1348
12 1218
13 980
14 826
15 769
16 643
17 524
18 448
19 379
20 324
21 278
22 257
23 235
24 182
25 167
26 135
27 121
28 112
29 93
30 78
31 69
32 62
33 51
34 40
35 50
36 36
37 36
38 32
39 19
40 31
41 20
42 18
43 15
44 15
45 23
46 9
47 17
48 14
49 9
50 11
51 8
52 6
53 5
54 2
55 7
56 5
57 6
58 7
59 4
60 8
61 4
62 4
63 2
64 1
65 7
66 3
68 5
69 1
70 2
71 2
73 3
74 4
75 1
77 2
78 3
79 2
80 2
81 2
82 1
83 1
84 1
85 1
89 1
90 1
91 1
92 2
95 2
97 2
98 1
99 1
101 1
104 1
122 1
123 1
132 1
142 1
145 1
157 1
