100 3000 50
0 251027
1 20
2 80
3 226
4 390
5 590
6 710
7 798
8 832
9 815
10 747
11 583
12 493
13 364
14 266
15 227
16 158
17 121
18 73
19 59
20 39
21 29
22 27
23 16
24 16
25 6
26 10
27 5
28 10
29 3
30 6
31 7
32 6
33 3
34 2
35 3
36 4
37 4
38 1
39 5
40 3
41 5
42 5
43 1
44 1
45 4
46 1
47 1
49 4
50 2
53 1
55 1
56 1
57 1
60 1
62 1
65 2
67 1
69 1
70 1
75 1
79 1
83 1
85 1
86 1
93 1
99 3
102 1
103 1
108 1
119 1
120 1
123 1
124 1
129 1
132 1
136 3
152 1
156 2
172 2
183 1
202 1
234 1
243 1
248 1
252 1
253 1
255 1
256 1
263 1
270 1
278 1
294 1
298 1
303 1
308 1
311 1
316 1
317 1
320 1
325 1
329 2
333 1
339 1
341 1
343 1
350 1
351 2
357 1
360 1
364 1
365 2
373 1
381 1
385 2
391 1
395 1
408 1
411 1
413 1
414 1
417 1
425 1
426 1
427 1
435 1
454 1
455 1
461 1
462 1
467 1
475 1
481 2
485 1
486 1
500 1
504 1
507 1
512 2
528 1
530 1
540 1
552 1
556 1
558 2
560 1
567 1
569 1
583 1
588 1
590 1
594 1
601 1
603 1
617 1
618 1
623 1
626 1
630 1
634 1
635 1
641 1
644 1
646 1
649 2
651 1
652 1
653 1
654 1
659 1
662 1
666 2
671 2
672 1
676 1
679 1
680 1
681 3
683 1
685 1
687 2
689 1
691 1
692 1
694 2
695 1
697 1
698 1
700 1
701 2
702 1
704 4
706 1
709 1
710 1
711 2
712 1
713 1
718 2
720 1
724 1
726 1
727 1
730 2
732 2
734 1
735 1
740 1
741 2
742 1
745 1
746 1
748 2
749 1
751 1
752 1
756 1
757 1
759 1
766 2
774 1
777 1
778 1
782 1
786 1
795 1
798 1
800 1
803 1
808 1
811 1
816 1
828 1
832 1
833 1
834 1
835 2
838 1
839 1
841 1
842 1
846 2
860 1
868 2
870 1
871 1
872 1
876 1
878 1
879 2
880 1
881 1
882 2
886 1
889 1
891 2
894 1
896 3
898 2
899 1
903 2
906 1
918 1
919 1
922 1
925 2
931 1
936 1
938 1
940 1
943 1
948 1
955 1
966 1
978 1
979 1
980 1
982 1
983 1
985 1
988 1
993 2
995 1
996 1
1008 1
1012 1
1019 1
1023 1
1026 2
1027 1
1034 1
1035 1
1044 2
1045 1
1047 1
1048 2
1058 1
1060 1
1064 1
1071 1
1072 1
1076 1
1079 1
1081 1
1082 2
1086 1
1088 1
1091 1
1092 2
1093 1
1095 2
1098 1
1100 1
1101 1
1102 1
1104 1
1105 2
1110 1
1115 2
1116 1
1120 1
1123 1
1124 1
1126 1
1130 1
1138 1
1144 1
1154 1
1156 1
1159 1
1162 1
1167 1
1169 1
1170 1
