100 3000 50
0 251721
1 15
2 43
3 122
4 232
5 367
6 509
7 676
8 737
9 749
10 660
11 601
12 544
13 417
14 343
15 246
16 187
17 159
18 117
19 79
20 52
21 37
22 29
23 22
24 18
25 18
26 13
27 10
28 12
29 10
30 7
31 4
32 6
33 5
34 1
35 5
36 5
37 1
39 3
40 4
41 3
42 2
43 3
44 2
46 3
47 1
48 1
49 2
51 3
53 1
55 1
57 1
58 1
61 3
63 2
66 1
67 2
68 2
69 1
71 2
72 2
73 1
75 3
78 2
80 1
81 1
85 1
91 1
96 1
98 1
108 1
113 1
122 1
133 1
135 1
141 1
153 1
163 1
188 1
190 1
221 1
231 1
234 2
239 1
248 1
267 1
276 1
278 1
279 1
283 1
295 1
300 2
304 1
305 1
310 1
311 1
319 1
324 1
330 1
333 1
337 1
338 1
342 1
357 2
365 1
373 1
376 3
377 1
382 1
391 1
396 1
399 1
411 2
425 1
436 1
439 1
447 1
450 1
453 2
455 1
460 1
461 1
469 1
477 1
482 1
486 1
487 1
489 2
490 1
497 1
508 1
512 1
520 1
534 1
537 1
555 1
566 1
571 1
578 1
586 1
595 1
598 1
605 1
607 1
613 2
615 1
618 2
619 1
620 1
623 1
626 1
628 1
631 1
636 1
637 1
641 1
645 1
647 2
648 1
650 1
651 1
652 1
653 1
654 1
661 1
667 2
668 1
670 3
671 2
673 1
674 1
675 2
676 2
679 2
681 3
682 1
683 2
692 1
695 1
697 2
700 1
702 2
703 3
704 1
706 1
709 1
711 2
712 1
714 1
715 1
718 2
721 2
724 1
727 1
729 1
733 1
734 2
738 1
744 1
750 2
754 2
756 1
759 1
762 1
763 1
766 1
767 1
769 1
770 2
772 1
774 1
779 1
785 1
786 1
793 1
805 1
807 1
808 1
809 1
811 2
812 1
814 1
815 1
821 1
822 1
829 2
834 1
839 1
840 1
841 1
842 1
850 1
853 1
857 2
858 2
859 1
862 2
869 1
874 1
878 1
884 2
885 1
890 1
891 1
892 1
894 1
895 1
896 1
898 1
899 1
902 1
903 1
906 1
909 1
911 1
912 1
913 1
923 2
928 1
931 1
932 3
934 1
936 2
939 1
954 1
957 1
961 1
965 1
969 1
970 1
982 1
986 1
989 1
994 1
1001 1
1009 1
1011 1
1013 1
1023 1
1024 1
1025 1
1027 1
1029 1
1032 1
1033 1
1034 1
1035 1
1042 2
1044 1
1052 2
1053 2
1057 1
1059 1
1060 1
1063 2
1064 2
1066 1
1071 2
1072 1
1077 1
1079 1
1081 1
1082 1
1083 1
1087 1
1088 1
1089 1
1090 2
1098 1
1100 1
1102 1
1106 1
1111 1
1113 1
1117 2
1122 1
1124 1
1127 3
1128 1
1137 1
1139 1
1145 1
1148 1
1149 1
1174 1
