100 3000 50
0 251490
1 14
2 64
3 155
4 314
5 461
6 601
7 637
8 753
9 761
10 699
11 619
12 490
13 426
14 284
15 236
16 189
17 146
18 110
19 76
20 59
21 38
22 19
23 22
24 12
25 17
26 17
27 12
28 3
29 10
30 6
31 2
32 7
33 7
34 9
35 4
36 2
37 4
38 2
39 2
40 1
42 3
43 1
44 3
45 2
46 1
47 2
48 1
49 1
51 2
53 1
54 7
55 2
56 1
58 2
59 2
61 1
63 2
64 1
65 2
67 2
68 2
72 1
73 1
74 3
76 1
78 2
80 1
90 1
98 1
101 2
103 1
110 1
113 1
116 1
122 2
127 1
129 1
130 1
141 1
142 1
164 1
202 1
207 1
214 1
231 1
235 1
236 1
244 1
263 1
267 1
273 1
280 1
286 2
288 1
293 1
295 1
300 1
312 1
314 1
317 1
323 2
329 1
330 1
334 2
350 1
352 1
378 1
391 1
392 1
393 1
395 1
396 1
398 1
400 1
401 2
402 2
404 2
423 1
429 1
431 1
433 1
440 1
443 1
464 1
465 2
471 1
472 1
475 1
477 1
484 1
490 1
499 1
500 1
506 1
507 1
508 1
510 2
521 1
534 1
549 1
555 1
565 1
568 2
573 1
584 1
585 1
587 1
598 1
599 1
601 1
607 1
608 1
610 1
611 1
619 1
621 1
624 1
629 1
630 1
637 1
639 1
644 1
645 1
648 2
652 1
653 2
656 1
657 1
659 1
661 2
663 2
664 2
667 1
672 1
673 1
674 1
679 1
682 1
689 3
690 1
691 1
693 4
694 1
697 1
698 2
700 2
702 2
704 1
707 1
708 1
709 3
711 2
712 1
714 2
717 1
719 1
720 2
722 2
723 2
727 3
735 2
736 2
742 2
751 1
754 1
763 1
764 2
767 1
768 1
769 1
774 1
776 1
788 1
791 1
792 1
794 3
799 1
814 1
815 1
826 1
831 1
840 1
842 1
844 1
847 1
849 1
850 1
851 2
852 1
853 1
856 1
857 1
859 2
861 1
865 1
870 2
875 2
879 1
880 1
881 2
882 1
888 1
896 2
898 1
901 1
903 2
904 2
911 1
912 1
913 1
914 1
915 1
919 1
923 1
928 1
932 1
937 1
941 1
948 2
951 3
955 2
961 1
968 1
971 1
975 1
980 1
982 1
983 1
986 1
987 1
991 1
992 1
998 1
1003 1
1019 1
1021 1
1025 2
1028 1
1030 1
1036 2
1040 1
1041 1
1049 2
1050 1
1054 1
1057 2
1070 1
1073 1
1077 1
1078 1
1082 1
1084 1
1086 1
1090 1
1092 1
1093 1
1096 1
1101 1
1102 1
1104 2
1106 1
1108 2
1109 1
1110 1
1111 3
1115 1
1118 2
1119 1
1121 2
1124 1
1126 1
1135 1
1136 1
1139 1
1141 1
1142 1
1143 1
1148 1
1149 1
1181 1
