100 3000 50
0 251856
1 11
2 36
3 116
4 205
5 360
6 479
7 613
8 692
9 689
10 694
11 610
12 512
13 415
14 351
15 278
16 196
17 173
18 116
19 89
20 71
21 43
22 36
23 24
24 20
25 15
26 15
27 11
28 9
29 5
30 6
31 4
32 5
33 2
34 3
35 2
36 8
37 5
38 8
39 5
40 1
41 4
42 1
43 1
45 1
46 1
47 2
48 2
49 2
50 1
51 1
52 2
54 4
56 2
60 4
61 1
62 1
64 1
65 2
67 1
70 2
71 2
75 1
79 1
83 1
84 2
91 1
92 1
93 1
97 1
98 1
104 1
106 1
115 1
124 1
130 1
147 1
154 1
156 1
168 1
180 1
205 1
214 1
225 1
231 1
260 1
267 1
274 1
276 2
290 1
301 1
304 1
315 2
316 2
318 1
344 1
346 1
347 2
348 1
354 1
356 1
357 1
364 1
366 1
369 1
370 1
371 2
378 1
382 1
385 1
391 1
392 1
405 1
406 1
407 1
432 2
434 1
446 1
449 1
450 1
451 1
464 1
468 1
469 1
472 1
475 1
482 1
486 1
494 1
501 1
502 1
503 1
506 1
517 1
527 1
530 1
533 2
534 1
538 1
541 1
550 1
552 1
557 1
571 1
575 1
589 1
595 1
601 1
602 1
608 1
611 2
622 1
625 1
633 1
634 1
635 1
639 1
642 1
645 1
647 1
649 1
651 4
652 2
654 1
657 1
659 1
663 1
664 2
667 1
669 1
670 1
671 2
674 1
676 1
677 1
678 1
679 1
681 1
684 1
685 1
688 1
691 1
692 2
693 1
694 1
697 1
700 1
701 2
704 4
705 3
706 3
708 2
709 2
713 1
716 2
720 1
724 2
729 1
731 1
734 1
735 1
739 1
741 1
744 2
745 1
747 2
748 1
754 2
757 1
759 1
760 1
769 2
770 2
771 1
780 1
783 1
786 1
795 1
798 1
806 2
807 1
810 3
812 1
814 1
819 1
821 1
825 1
836 1
850 1
851 1
858 2
863 2
865 1
868 1
873 1
874 1
875 2
880 3
881 1
884 1
894 2
895 1
896 1
897 1
901 1
902 1
903 1
904 1
906 2
910 1
917 2
918 2
919 1
921 2
925 1
927 1
934 2
935 1
937 1
938 1
940 1
942 1
943 1
944 1
951 1
960 1
961 1
968 1
977 1
981 1
982 1
983 2
988 1
990 1
997 1
1003 1
1004 1
1011 1
1014 1
1017 1
1024 1
1029 1
1034 1
1043 1
1045 1
1046 2
1050 1
1051 1
1055 1
1058 1
1071 1
1072 1
1074 1
1075 2
1077 1
1079 1
1082 2
1083 2
1086 1
1089 1
1091 1
1092 1
1093 1
1094 1
1095 1
1099 1
1103 1
1107 1
1108 1
1112 2
1116 2
1117 1
1118 1
1120 2
1126 2
1128 1
1131 1
1136 1
1144 1
1149 1
1154 1
1158 1
1159 1
