100 2000 50
0 174664
1 9
2 18
3 51
4 142
5 192
6 310
7 405
8 464
9 545
10 500
11 536
12 506
13 428
14 365
15 327
16 254
17 223
18 158
19 165
20 106
21 79
22 66
23 70
24 53
25 42
26 32
27 28
28 8
29 26
30 10
31 8
32 8
33 6
34 5
35 3
36 5
37 6
38 5
39 4
40 3
41 1
42 5
43 2
44 5
45 4
46 2
47 3
48 2
49 2
50 1
51 4
52 1
53 1
54 1
57 1
58 2
59 1
61 2
62 1
63 2
65 2
66 2
68 2
69 1
73 1
74 1
75 2
76 1
79 1
83 3
87 2
88 1
89 1
90 1
96 1
98 1
99 1
103 2
107 1
109 1
117 1
130 1
131 1
133 1
138 1
139 1
140 1
155 1
165 2
166 1
168 1
170 1
171 1
179 1
184 2
189 1
190 1
191 1
196 1
200 1
204 1
205 1
207 1
211 2
212 1
213 1
224 1
225 1
228 1
237 1
239 1
240 1
242 1
246 1
248 1
250 1
256 1
259 1
266 1
270 1
273 2
286 1
290 1
293 1
297 1
305 2
309 1
310 1
312 1
322 1
323 1
324 1
325 1
327 1
329 1
330 1
331 1
332 1
333 1
334 1
335 1
336 1
339 2
340 1
342 2
344 1
346 1
347 1
349 1
352 1
354 2
355 1
356 3
357 2
358 1
359 1
360 1
361 1
365 1
367 1
368 2
369 1
370 1
371 1
372 1
375 1
378 1
379 1
380 2
381 2
384 3
385 1
386 1
387 1
388 2
389 1
390 1
392 1
396 2
399 1
401 1
403 1
404 1
405 1
406 2
409 1
411 2
413 1
414 1
415 2
416 1
417 1
421 3
423 1
424 1
425 2
427 2
428 1
429 1
434 2
438 3
441 1
442 1
443 2
444 2
446 1
448 1
449 1
450 1
451 1
453 1
455 1
457 1
459 3
460 1
463 1
468 1
472 2
473 2
477 3
486 1
488 1
490 1
491 1
493 1
495 1
496 2
497 1
499 1
503 3
505 2
512 1
514 1
515 2
517 1
518 2
519 2
520 1
524 1
526 1
527 1
528 1
530 1
533 1
534 1
536 1
537 1
541 1
542 2
543 1
546 1
547 2
550 1
551 1
555 1
557 1
560 1
561 1
562 1
564 1
566 3
567 2
569 1
570 1
573 1
575 1
576 1
577 1
579 2
580 1
581 2
585 2
586 2
587 2
589 2
590 1
591 1
594 1
595 2
597 1
598 1
599 1
601 1
605 2
606 1
607 2
608 1
614 1
622 2
626 1
629 1
633 2
636 2
640 1
646 1
650 1
655 1
662 1
667 2
668 1
677 1
