100 2000 50
0 174562
1 4
2 30
3 66
4 136
5 253
6 307
7 442
8 501
9 504
10 517
11 517
12 516
13 439
14 373
15 320
16 245
17 234
18 182
19 144
20 106
21 92
22 67
23 60
24 38
25 42
26 21
27 28
28 13
29 15
30 11
31 10
32 3
33 6
34 7
35 7
36 3
37 2
38 8
39 2
40 4
41 4
42 5
43 1
44 4
45 3
46 4
47 2
49 1
50 1
51 1
52 2
53 2
54 2
55 2
56 2
57 1
58 1
61 1
63 1
64 2
65 1
66 2
67 1
68 2
70 1
73 1
76 1
77 1
81 3
85 2
86 2
88 1
94 1
96 1
100 1
102 2
104 1
105 1
108 1
118 1
121 1
127 1
129 1
132 1
135 1
136 1
138 1
139 1
146 1
148 1
151 1
155 1
157 1
159 1
161 1
164 1
168 1
173 1
174 1
177 1
183 1
184 1
186 1
188 1
192 1
195 1
200 1
205 1
206 1
219 2
222 1
234 1
240 1
241 1
245 1
254 1
262 1
265 1
268 1
274 1
275 1
279 2
284 1
285 1
297 1
299 1
300 1
302 1
307 1
308 2
315 1
318 1
321 2
322 1
323 2
325 1
328 1
330 3
331 1
332 2
333 1
334 1
335 1
338 1
342 1
345 2
347 1
349 1
350 1
352 1
354 1
355 3
356 1
358 1
359 1
363 3
364 2
365 2
367 1
370 2
371 4
372 1
373 2
376 1
377 4
379 3
382 3
384 1
386 2
389 2
392 1
393 1
394 1
396 1
397 1
400 1
403 1
404 2
405 2
406 1
408 1
411 1
413 1
417 1
419 2
426 3
430 1
431 1
443 1
449 2
452 1
453 1
454 1
455 2
456 2
457 2
459 2
460 2
463 3
464 1
465 1
466 1
468 1
473 2
476 2
478 1
479 1
482 1
483 2
485 3
487 1
488 2
489 1
490 1
491 3
492 1
494 1
495 1
498 1
506 1
507 1
508 1
511 1
512 1
513 1
515 1
516 1
517 1
518 1
524 1
525 2
528 1
529 1
532 1
535 2
539 1
540 2
541 3
543 1
546 3
548 1
549 1
551 2
552 1
553 2
554 1
556 1
561 2
563 1
564 1
567 1
569 1
571 2
572 1
575 1
578 1
579 1
580 1
585 1
586 3
587 1
588 1
594 1
596 1
598 1
601 1
602 1
603 1
604 1
607 1
609 1
610 1
611 1
612 1
615 1
617 1
618 2
626 1
627 1
629 1
633 1
638 1
640 1
641 2
643 1
644 1
648 1
651 1
654 1
656 2
658 1
662 2
663 1
664 1
666 1
