100 2000 50
0 173998
1 14
2 41
3 119
4 216
5 343
6 429
7 594
8 569
9 660
10 626
11 580
12 486
13 422
14 360
15 300
16 276
17 167
18 147
19 111
20 75
21 81
22 48
23 32
24 26
25 27
26 16
27 14
28 19
29 8
30 6
31 7
32 5
33 7
34 2
35 2
36 3
37 6
39 2
40 4
41 3
42 1
43 2
44 1
45 2
46 3
49 1
53 2
54 1
55 3
57 1
58 1
60 3
61 1
62 1
63 2
64 2
65 1
68 1
70 1
71 1
72 1
73 3
74 1
77 1
80 3
85 2
89 1
90 2
91 1
92 1
95 1
96 2
98 1
99 1
104 1
105 1
108 1
113 1
131 1
132 1
135 1
142 1
152 1
154 2
170 2
173 1
179 1
180 1
181 1
183 1
185 1
187 1
190 1
193 1
196 1
197 1
198 1
199 1
202 1
203 1
207 1
211 1
212 1
216 1
226 1
232 1
238 1
241 1
242 1
244 2
246 1
252 1
255 1
256 1
258 1
269 2
275 1
283 1
292 1
297 1
305 1
306 2
307 1
310 1
311 1
314 1
315 1
317 1
318 2
321 2
326 3
329 1
332 1
333 1
334 2
345 1
347 2
349 4
351 1
355 2
356 1
357 1
358 1
359 1
360 1
362 1
363 1
364 1
365 2
366 4
369 1
372 1
375 1
376 1
378 2
379 2
382 1
383 1
384 2
387 1
388 1
391 1
393 1
394 1
395 2
397 1
398 1
401 2
402 4
404 2
405 1
407 1
409 2
410 2
411 1
413 1
414 3
417 1
418 1
421 2
423 1
425 2
428 1
429 1
431 1
432 1
434 1
436 2
440 4
442 1
445 1
449 1
451 2
453 1
456 1
457 1
462 1
465 2
469 1
475 3
476 1
478 1
480 1
481 1
482 1
483 1
485 1
487 2
489 1
490 1
492 1
496 1
497 1
498 2
499 1
500 2
502 1
504 2
506 1
507 1
509 1
514 1
515 3
518 1
519 1
520 1
522 1
523 1
524 1
526 1
527 1
528 1
530 1
531 1
533 1
538 1
540 1
545 1
546 1
547 1
551 2
553 1
554 1
555 2
556 1
557 1
559 2
560 2
563 2
566 2
568 1
569 2
570 1
572 1
573 3
574 5
576 1
579 1
580 1
581 1
583 3
584 2
591 1
594 1
595 1
597 1
598 1
600 1
601 1
603 1
606 2
609 1
611 1
612 1
613 1
614 1
617 1
618 2
622 1
623 1
624 3
625 1
632 1
636 1
637 1
638 1
639 1
649 2
665 1
671 1
