100 2000 50
0 174356
1 8
2 27
3 78
4 163
5 284
6 389
7 453
8 590
9 507
10 584
11 562
12 485
13 452
14 365
15 318
16 240
17 216
18 167
19 132
20 92
21 62
22 73
23 35
24 42
25 33
26 28
27 23
28 14
29 11
30 10
31 9
32 8
33 7
34 3
35 4
36 2
37 4
38 3
39 3
40 3
41 3
43 3
44 2
45 3
46 1
48 3
49 1
50 2
52 1
53 1
54 1
55 4
56 1
57 1
58 2
59 2
60 2
61 1
62 1
63 1
64 1
67 1
68 1
73 1
74 1
77 2
78 2
81 1
82 2
85 2
86 1
92 1
95 1
100 1
102 1
106 1
108 1
114 1
115 1
123 1
127 2
134 3
135 1
136 1
140 1
143 1
145 1
152 1
155 1
160 1
161 1
172 1
175 1
178 1
181 2
182 1
185 1
188 1
192 1
198 1
199 1
203 1
204 1
206 1
214 1
217 1
224 1
225 1
239 1
248 1
258 2
264 1
268 1
272 1
279 1
281 1
286 2
288 1
290 1
296 2
297 1
299 1
300 1
302 2
303 1
304 1
310 1
314 1
315 1
317 1
318 1
323 3
325 1
327 1
330 1
334 1
336 1
337 1
339 1
342 1
343 2
344 1
345 1
349 1
351 1
352 1
353 1
354 1
355 1
357 1
358 1
360 1
361 1
362 1
363 1
365 1
366 2
370 1
372 2
375 1
376 1
377 1
378 2
380 1
382 3
383 2
384 3
385 1
386 1
388 2
390 1
391 1
392 1
393 3
395 1
397 1
398 1
401 1
402 2
407 1
409 2
410 1
411 2
412 1
413 2
418 1
419 1
421 2
424 3
426 1
427 2
430 2
431 1
432 1
433 1
435 1
436 2
444 1
449 2
450 1
455 1
456 2
457 1
463 1
467 1
468 1
470 1
474 1
476 2
478 1
479 1
480 1
481 1
482 1
486 4
487 1
489 2
490 1
492 1
495 1
498 1
500 2
501 1
502 3
503 1
504 1
505 2
509 2
511 1
512 2
514 1
515 1
516 1
518 1
521 2
522 1
523 1
524 1
525 1
530 2
532 2
535 3
536 1
538 1
541 1
543 2
545 2
546 1
547 1
548 3
551 1
553 2
557 3
558 1
559 1
561 3
562 1
564 1
567 1
570 2
571 1
572 1
578 1
581 1
582 1
583 1
584 1
590 1
591 1
593 1
595 1
596 2
600 1
601 2
604 2
607 2
608 2
609 2
610 1
611 1
615 1
625 2
635 1
637 1
641 2
644 1
645 1
646 1
647 1
651 1
654 1
660 1
661 2
662 1
