100 2000 50
0 172339
1 49
2 180
3 378
4 541
5 763
6 904
7 950
8 944
9 775
10 700
11 536
12 392
13 386
14 266
15 184
16 146
17 106
18 50
19 57
20 39
21 21
22 25
23 19
24 16
25 15
26 6
27 9
28 5
29 5
30 8
31 4
32 4
33 3
34 4
35 2
37 2
38 1
39 1
40 1
41 1
42 2
43 5
44 4
45 3
46 3
47 2
48 3
49 3
51 1
52 1
53 3
57 1
58 1
59 1
61 1
63 1
64 3
65 1
66 2
67 1
68 1
69 1
70 1
71 1
73 1
74 1
75 1
77 1
78 1
84 2
88 1
89 2
90 1
94 1
96 1
98 1
106 1
108 1
109 2
110 1
112 1
115 1
125 1
128 1
131 1
134 1
139 1
141 1
145 1
147 1
149 1
151 1
158 1
159 1
163 1
166 1
169 1
170 1
177 1
178 1
179 1
181 1
186 1
189 2
190 1
198 1
204 1
205 1
206 1
207 1
210 1
217 1
219 1
222 1
223 1
224 1
225 1
236 1
238 1
243 1
246 1
256 1
259 1
260 1
265 1
266 1
272 1
281 2
283 1
290 1
304 2
305 1
311 2
314 1
316 1
317 2
318 1
322 1
323 1
325 3
326 1
327 1
328 1
331 2
332 1
334 1
337 1
342 2
345 2
346 1
350 2
352 1
353 1
355 2
358 1
359 1
362 1
367 2
368 1
370 1
371 2
374 1
375 1
380 2
381 1
382 1
383 1
384 1
385 1
389 2
391 2
394 4
395 2
396 1
397 1
402 2
403 1
404 2
406 1
408 2
409 1
410 1
411 1
412 2
413 1
415 1
416 2
417 1
418 1
419 1
421 1
422 1
423 1
426 2
427 1
429 1
431 2
432 1
434 1
435 1
436 2
438 3
439 1
440 1
441 1
442 1
445 1
446 1
448 1
449 2
450 1
452 1
458 1
460 2
461 1
468 1
474 1
475 1
476 3
480 2
481 1
484 1
487 1
488 1
490 1
491 1
495 1
498 1
499 1
500 1
502 2
503 1
507 1
508 1
510 1
512 1
513 1
516 2
517 1
520 2
521 1
522 1
523 1
525 2
527 1
533 1
534 1
535 3
536 1
539 1
541 2
542 1
547 1
548 1
549 1
550 1
551 1
552 1
554 1
555 2
562 1
565 2
567 1
570 2
571 1
573 1
574 1
575 1
578 1
580 1
583 1
584 1
586 3
589 1
591 2
593 1
594 1
595 1
596 1
597 1
598 1
599 1
601 1
603 2
604 2
605 1
606 1
608 1
611 1
612 1
613 1
614 1
617 1
618 2
619 1
620 1
624 2
625 1
628 1
630 1
633 1
635 1
640 2
644 1
645 1
647 1
656 1
657 1
658 1
682 1
684 1
702 1
