100 2000 50
0 169324
1 229
2 550
3 930
4 1116
5 1271
6 1278
7 1183
8 1060
9 794
10 654
11 495
12 382
13 280
14 200
15 166
16 147
17 100
18 81
19 91
20 49
21 41
22 30
23 31
24 28
25 23
26 21
27 11
28 14
29 11
30 11
31 7
32 13
33 13
34 10
35 13
36 8
37 10
38 7
39 6
40 6
41 6
42 6
43 4
44 4
45 7
46 7
47 8
48 8
49 3
50 5
51 5
52 2
53 6
54 3
55 3
56 4
57 2
58 2
59 3
60 7
61 6
62 3
63 3
64 3
65 2
66 3
67 6
68 1
69 4
70 1
71 1
73 1
75 1
76 1
77 4
78 1
79 3
80 4
81 2
82 1
83 3
84 4
85 1
86 3
87 3
88 1
89 2
90 1
91 1
93 2
95 3
97 4
98 1
99 1
100 1
101 1
102 1
103 2
104 1
105 1
106 2
107 2
108 2
110 1
113 1
114 1
115 1
116 2
117 2
119 3
120 1
122 3
123 1
124 1
126 2
128 1
129 1
130 2
131 2
132 1
134 1
135 1
138 1
141 1
142 2
144 1
147 2
148 1
150 1
151 1
155 2
157 1
159 1
162 1
165 2
167 1
169 1
170 2
171 1
173 1
174 2
175 2
176 1
177 2
178 1
179 1
182 2
184 1
187 3
189 1
191 1
195 1
197 1
198 2
200 1
202 1
204 1
206 1
207 1
208 2
209 1
217 1
218 1
224 1
228 2
230 1
234 1
235 2
236 1
241 1
242 1
244 2
245 1
246 1
247 2
248 1
250 1
253 1
254 2
256 1
258 2
259 3
262 1
263 1
264 1
267 1
268 1
269 1
272 1
273 1
276 1
280 2
281 1
282 1
285 2
286 2
287 1
288 1
292 1
293 1
295 1
297 1
298 1
302 1
303 2
304 1
306 1
307 1
308 1
312 2
314 2
315 2
316 1
318 1
319 1
321 2
322 2
325 1
326 1
329 2
331 1
332 1
333 2
334 2
335 1
336 1
337 5
338 1
339 1
340 1
341 1
342 1
343 1
344 2
349 1
350 1
351 1
352 1
356 1
358 1
359 2
361 2
362 1
364 1
366 3
367 1
368 2
369 2
370 1
372 1
374 1
376 2
381 1
382 1
385 2
386 2
388 1
389 1
390 1
395 1
401 3
402 2
403 1
406 2
407 1
409 1
411 1
413 1
418 1
423 4
426 1
427 1
428 1
429 1
432 2
433 1
438 2
443 2
447 1
450 1
451 1
453 2
454 1
455 1
458 1
460 1
465 1
469 2
471 1
472 1
473 1
474 1
478 1
485 1
488 1
489 1
490 2
493 1
495 2
496 1
497 2
498 1
499 1
500 1
503 1
505 3
507 2
508 1
516 1
521 1
523 1
525 1
529 1
531 1
535 1
542 1
544 1
547 1
549 1
553 1
556 2
559 1
572 1
575 1
586 1
590 1
596 1
622 1
631 1
642 1
655 1
659 1
669 1
