100 2000 50
0 173278
1 34
2 76
3 197
4 367
5 514
6 644
7 728
8 788
9 771
10 641
11 556
12 510
13 408
14 323
15 249
16 203
17 141
18 88
19 87
20 60
21 44
22 19
23 25
24 23
25 15
26 12
27 10
28 4
29 8
30 9
31 2
32 5
33 3
34 5
35 1
36 3
37 2
38 1
39 2
40 2
41 2
43 2
45 1
46 2
49 2
50 1
51 2
55 2
56 1
57 2
61 1
62 1
64 1
65 1
66 1
67 1
70 2
78 1
79 1
80 2
82 1
83 1
86 1
89 2
93 1
95 1
100 2
104 1
105 1
111 1
115 1
117 1
119 1
122 1
124 1
125 1
134 1
137 1
140 1
145 2
147 1
152 1
154 1
155 1
159 2
161 1
164 1
168 1
170 1
174 2
176 1
178 1
179 1
184 1
186 1
188 1
195 2
200 1
204 1
215 1
222 1
226 1
228 1
229 1
231 1
233 2
234 1
235 1
238 1
250 1
260 1
261 1
267 1
274 1
275 1
281 1
288 1
290 1
292 1
294 2
297 1
302 1
304 1
310 1
313 1
314 1
317 1
323 1
325 3
327 1
329 1
332 1
333 2
334 1
335 1
336 1
338 1
342 2
344 1
346 1
351 1
352 1
354 1
356 2
358 1
360 1
361 1
362 2
364 2
369 3
370 1
372 2
373 1
374 1
375 1
378 2
379 1
380 1
381 2
384 1
385 2
386 2
387 2
389 1
390 1
392 2
397 1
398 2
399 1
401 3
402 1
404 1
405 1
407 1
409 1
410 2
411 1
412 3
413 1
414 2
415 1
416 1
418 1
421 1
426 2
427 1
428 1
430 1
431 1
433 2
435 2
441 1
446 1
447 2
450 2
451 1
453 1
455 1
457 1
458 1
464 2
465 1
468 2
470 1
473 1
474 1
481 1
486 3
489 1
493 1
500 1
501 1
502 1
504 1
507 3
508 2
509 1
512 1
513 1
517 1
518 4
520 1
521 2
522 1
525 2
526 2
527 2
530 2
531 1
532 4
534 1
537 1
538 1
540 1
541 1
543 1
545 1
548 2
551 1
556 2
557 1
560 1
562 1
564 1
565 1
566 2
567 2
576 1
577 1
579 1
580 3
581 1
582 1
586 2
587 1
589 2
590 2
592 1
594 1
596 1
597 1
598 1
599 1
600 1
602 3
604 1
605 1
607 1
609 1
612 1
615 1
618 1
620 2
621 1
624 1
626 1
627 2
629 1
630 1
638 2
640 1
641 1
643 1
644 1
645 1
648 1
650 2
662 1
676 1
677 1
686 1
702 1
