100 2000 50
0 174101
1 8
2 53
3 103
4 195
5 311
6 447
7 527
8 620
9 616
10 635
11 582
12 504
13 436
14 335
15 291
16 208
17 195
18 147
19 123
20 88
21 77
22 52
23 45
24 26
25 21
26 24
27 16
28 5
29 11
30 5
31 6
32 7
33 4
34 2
35 5
36 2
37 5
38 3
39 4
40 2
41 1
42 2
43 4
44 2
45 4
46 3
47 1
48 1
50 1
53 1
54 2
55 1
56 2
57 2
62 1
63 1
66 1
68 1
69 1
71 2
73 1
74 1
76 3
80 1
81 3
82 1
85 1
86 1
87 1
88 1
91 2
92 2
99 1
100 2
101 1
103 1
108 1
109 1
113 1
119 1
120 2
121 1
130 2
134 1
138 1
161 1
162 1
164 1
165 1
176 1
180 1
192 3
193 1
201 1
202 1
204 1
208 1
211 1
212 1
216 3
223 2
226 1
229 1
233 1
235 1
239 1
242 1
247 1
253 1
258 1
261 1
262 1
268 1
271 1
272 1
274 1
276 1
277 1
279 1
295 1
300 1
303 1
307 1
313 1
316 1
323 1
325 1
326 1
329 2
330 1
332 1
335 1
338 3
340 1
341 1
343 1
345 1
346 1
347 1
349 2
350 1
353 2
355 1
358 2
360 1
361 2
362 2
364 1
366 1
367 1
373 1
375 2
376 2
378 4
380 2
383 2
384 1
386 2
387 1
388 1
390 2
393 2
398 3
399 2
401 1
403 1
405 1
406 2
407 1
409 2
417 2
418 2
419 1
420 1
421 2
422 3
425 1
428 1
429 1
430 2
432 1
436 1
441 2
442 1
443 2
445 1
446 1
450 2
451 2
455 1
457 1
459 1
460 2
467 1
469 2
470 1
474 1
476 1
477 1
482 1
484 2
487 1
489 1
491 1
492 1
493 1
494 1
495 1
496 1
497 1
499 1
501 1
502 2
503 1
504 1
505 1
506 1
507 1
510 1
512 2
514 2
516 1
517 1
518 1
520 1
522 1
524 1
525 2
526 1
527 1
530 1
531 1
536 4
538 1
540 1
541 1
543 2
544 3
545 1
546 2
548 1
549 2
550 1
553 1
555 2
557 2
560 1
561 1
562 1
563 1
564 1
565 1
566 1
569 2
572 2
574 1
575 1
576 1
577 1
578 1
579 1
581 2
585 1
588 1
589 1
590 1
591 1
592 2
594 1
595 1
597 2
599 1
600 1
601 1
603 1
604 2
606 2
610 2
611 1
614 2
615 1
627 2
628 1
630 1
631 1
632 1
639 1
641 1
656 1
668 1
674 1
676 1
683 1
