100 2000 50
0 174189
1 5
2 42
3 104
4 178
5 317
6 398
7 538
8 583
9 622
10 596
11 563
12 523
13 423
14 349
15 299
16 231
17 223
18 142
19 103
20 85
21 59
22 57
23 40
24 33
25 20
26 19
27 16
28 15
29 11
30 9
31 8
32 6
33 7
34 9
35 4
36 3
37 2
38 4
39 5
40 2
41 3
42 3
43 4
44 3
45 3
46 1
48 1
49 1
50 1
51 3
52 2
54 1
55 1
56 1
58 2
59 1
60 1
61 1
63 1
65 1
71 2
75 2
76 2
77 1
78 4
80 1
82 2
88 1
89 1
91 1
92 3
95 1
98 2
101 2
107 2
108 1
111 1
112 1
113 1
115 1
119 1
124 1
127 1
128 1
139 1
149 1
161 2
163 2
165 2
176 1
178 1
181 2
182 1
183 1
195 1
196 1
200 1
202 1
210 1
217 2
219 1
223 1
232 1
238 1
240 1
243 1
244 1
254 1
257 1
262 1
263 1
266 1
267 1
268 2
273 1
274 1
291 1
296 1
297 1
298 2
299 1
303 1
310 1
311 1
314 2
316 1
320 1
321 2
325 1
328 2
329 1
335 1
339 1
340 1
347 2
349 1
351 2
352 1
353 2
354 2
358 1
359 2
360 1
363 1
367 1
369 2
372 2
373 1
374 3
375 1
376 2
378 2
379 2
381 1
384 1
385 2
386 2
388 2
389 2
391 1
393 2
394 2
395 2
397 1
398 1
399 1
400 2
401 1
402 2
405 1
406 1
414 3
415 1
418 2
420 1
422 1
423 1
425 1
427 1
428 1
429 1
430 1
431 2
435 1
437 1
440 2
442 1
448 2
449 2
452 1
453 1
456 1
458 2
459 1
460 1
462 1
466 1
471 1
473 1
474 1
475 2
482 1
483 2
484 1
486 1
487 2
488 1
492 2
494 2
496 1
498 2
499 1
501 1
505 2
507 1
510 1
511 2
512 1
520 2
521 1
524 1
525 1
526 3
531 2
532 1
537 1
538 2
539 1
540 1
541 1
542 1
543 1
544 1
545 1
546 1
549 1
551 1
552 1
553 2
554 1
555 2
556 2
557 1
559 2
561 1
562 2
564 2
565 3
566 1
568 1
569 2
570 1
571 3
572 2
573 1
574 1
577 2
579 1
580 1
581 1
582 3
586 2
592 1
597 2
599 1
600 2
601 1
608 1
609 1
612 1
613 1
614 1
617 1
619 1
627 1
628 1
630 1
631 1
632 1
633 1
639 1
640 1
646 1
647 1
665 1
666 1
682 1
685 1
697 1
