100 2000 50
0 173770
1 12
2 68
3 152
4 247
5 407
6 551
7 607
8 687
9 642
10 605
11 577
12 515
13 418
14 354
15 262
16 220
17 162
18 113
19 120
20 94
21 45
22 44
23 29
24 33
25 18
26 12
27 18
28 15
29 7
30 8
31 11
32 7
33 1
34 4
35 3
36 1
37 5
38 4
39 3
40 3
41 3
42 3
43 1
44 2
45 6
47 1
48 4
51 1
54 2
56 1
57 2
59 1
61 1
63 2
64 1
65 1
66 3
68 1
75 1
76 1
77 1
79 1
80 1
81 1
84 1
85 1
87 1
95 1
96 1
97 1
100 1
101 1
102 1
103 1
105 1
108 1
114 1
128 1
135 1
139 1
146 1
149 1
161 1
167 2
168 1
173 1
174 1
177 1
189 1
193 2
195 1
196 1
199 2
200 1
201 1
203 1
205 1
209 1
214 1
217 1
218 1
219 1
222 1
230 1
232 1
234 1
242 1
253 2
254 1
259 2
261 1
266 1
273 1
275 2
281 1
282 1
298 2
302 1
320 1
321 1
323 1
324 1
328 2
331 3
333 2
335 1
337 1
338 1
340 2
345 4
347 2
348 1
354 2
358 3
359 1
362 1
363 1
366 2
367 5
371 2
372 2
374 1
378 1
379 1
380 3
382 3
385 2
386 1
387 1
388 2
391 1
392 1
393 1
394 2
396 3
398 1
400 1
401 1
402 1
403 1
405 1
407 2
408 1
410 1
412 1
413 1
414 2
416 1
419 1
420 1
423 1
426 1
427 1
428 1
429 1
430 2
433 1
435 1
436 1
437 1
439 1
441 1
442 1
443 1
445 4
451 1
452 1
460 1
464 1
468 1
472 1
475 2
477 1
478 1
479 1
482 1
483 2
484 2
485 1
488 1
489 2
491 1
493 1
494 3
496 1
497 1
499 2
501 1
503 1
505 1
512 1
513 1
514 1
517 2
518 1
519 1
522 2
524 2
525 1
530 1
531 1
532 1
534 1
537 1
542 1
543 2
544 1
546 3
547 1
548 1
549 1
551 1
553 1
556 1
559 1
560 3
561 1
562 1
563 1
564 1
565 2
566 2
568 1
569 1
570 1
571 1
572 1
573 1
580 1
583 1
586 1
587 3
589 1
591 2
592 1
594 1
595 1
596 1
599 1
601 1
603 1
604 4
608 4
610 1
611 1
612 2
613 3
619 1
621 1
624 1
626 2
627 1
632 1
636 1
637 1
639 1
642 1
644 1
645 2
647 1
656 1
691 1
693 1
704 1
