100 2000 50
0 174502
1 4
2 30
3 71
4 140
5 244
6 328
7 416
8 510
9 570
10 558
11 554
12 477
13 462
14 389
15 338
16 253
17 207
18 166
19 127
20 99
21 85
22 64
23 38
24 40
25 29
26 23
27 19
28 19
29 13
30 9
31 9
32 6
33 9
34 8
35 7
36 6
37 6
38 5
39 4
40 4
44 1
45 1
46 1
47 1
48 2
49 1
50 2
51 3
52 4
53 2
54 1
55 3
59 1
62 1
63 1
64 1
65 1
66 2
67 2
68 1
73 1
74 1
76 1
77 1
78 2
80 2
82 1
83 1
84 1
85 2
86 1
87 1
88 1
92 1
98 1
99 1
101 1
102 1
108 2
110 1
113 1
119 1
120 1
121 1
126 1
128 1
130 1
140 1
141 1
142 1
149 1
153 1
154 1
155 1
158 1
161 1
165 1
166 1
167 1
170 1
173 1
174 1
176 1
178 1
183 1
189 1
190 1
204 1
206 1
221 1
224 1
225 1
226 1
227 1
231 1
237 1
260 1
268 2
274 1
276 1
277 1
281 1
284 1
287 1
289 1
292 1
300 1
304 1
307 2
308 1
310 1
311 2
312 1
313 1
316 1
318 1
319 1
323 2
324 1
326 1
331 1
332 1
337 1
338 1
342 1
344 1
345 1
346 1
348 1
350 1
351 1
352 3
353 1
356 1
357 1
359 1
360 1
361 1
362 1
364 1
365 1
368 3
370 2
371 3
372 1
375 1
377 1
378 1
380 3
381 1
383 1
384 1
385 2
386 1
392 1
394 1
395 2
396 1
397 1
400 1
401 1
402 1
404 4
406 2
407 1
408 2
410 1
415 1
418 2
420 2
425 2
426 1
427 1
429 4
430 4
431 1
433 1
437 1
439 1
440 2
442 1
443 1
448 1
449 2
450 1
451 1
453 1
454 1
456 1
460 1
461 2
465 1
466 1
469 1
472 1
476 2
478 1
479 1
480 2
481 1
482 1
484 1
485 1
489 2
490 2
491 3
494 1
499 2
503 1
504 1
505 1
506 1
507 1
508 1
509 2
511 3
513 1
515 2
518 1
523 1
524 1
527 2
528 1
533 1
535 1
538 1
541 1
543 2
544 1
545 2
547 1
548 2
550 1
552 2
554 1
555 2
556 1
557 1
560 1
563 2
564 2
565 2
566 1
567 2
568 1
570 2
572 1
575 1
577 1
578 1
580 1
581 2
582 1
584 1
588 1
589 1
591 2
593 2
594 2
595 1
596 1
598 2
600 1
602 1
603 1
605 2
613 1
614 1
618 1
619 1
622 3
624 2
630 1
631 1
644 1
649 1
653 1
664 1
673 1
676 1
684 1
