100 2000 50
0 174607
1 7
2 29
3 56
4 141
5 223
6 296
7 400
8 476
9 501
10 572
11 535
12 483
13 466
14 353
15 324
16 272
17 221
18 180
19 130
20 129
21 95
22 73
23 61
24 41
25 33
26 20
27 23
28 14
29 13
30 12
31 11
32 9
33 4
34 10
35 6
36 3
37 8
38 2
39 2
40 2
41 1
42 4
43 2
44 1
45 4
46 3
47 2
48 3
50 3
51 3
53 1
55 4
59 1
61 1
62 1
65 1
66 1
67 2
68 1
71 2
72 1
75 1
78 1
79 1
80 2
82 2
84 1
85 1
88 2
89 1
93 2
96 1
101 2
104 1
115 1
116 2
117 1
118 1
122 1
128 1
133 1
134 1
137 1
140 1
149 1
150 1
162 1
166 1
170 1
171 2
173 1
175 1
176 1
180 1
187 2
188 1
189 2
194 1
210 1
211 1
220 1
226 1
234 2
238 1
241 1
250 2
252 1
262 1
263 1
264 1
265 1
269 2
273 1
278 1
280 1
286 1
290 1
297 1
305 1
306 1
309 2
314 1
315 2
316 2
318 1
319 1
321 1
325 1
326 1
327 1
328 2
330 1
331 1
333 1
335 1
337 2
338 1
339 2
343 1
344 1
345 1
348 2
349 1
351 1
352 1
353 1
354 1
355 1
357 1
360 1
362 1
367 1
371 1
373 2
374 1
375 1
378 1
379 1
380 1
381 1
382 1
383 2
384 1
385 2
386 1
387 1
388 2
389 1
390 3
391 1
392 1
393 1
394 2
395 1
396 3
397 1
398 2
401 2
403 2
407 1
409 2
412 1
414 1
416 1
418 1
422 3
424 1
428 1
430 1
431 1
434 2
435 2
439 1
440 2
447 1
448 1
454 1
455 1
457 1
459 1
463 2
464 1
467 1
469 1
470 1
471 1
472 1
474 2
478 3
484 1
489 2
491 2
492 2
493 1
496 1
497 2
499 2
500 1
502 1
503 1
504 1
505 2
506 1
508 1
509 1
510 1
512 2
513 2
514 1
516 1
518 1
519 1
520 1
521 1
522 1
524 1
525 2
527 2
531 1
533 2
536 1
537 1
540 3
541 1
545 2
546 2
548 1
550 1
551 1
554 1
555 1
558 1
562 1
563 3
564 2
566 1
567 1
569 1
571 1
572 2
574 1
575 2
576 3
577 1
583 1
587 2
588 1
589 1
592 1
593 2
597 1
598 1
600 2
601 1
603 1
604 1
612 1
615 1
618 1
620 1
625 1
626 2
629 2
634 2
635 1
636 1
641 1
644 2
650 2
661 1
675 1
678 1
682 1
