100 2000 50
0 174713
1 4
2 18
3 50
4 116
5 201
6 288
7 371
8 422
9 502
10 549
11 538
12 541
13 425
14 373
15 331
16 275
17 218
18 191
19 145
20 121
21 79
22 60
23 60
24 45
25 37
26 32
27 16
28 20
29 18
30 13
31 10
32 11
33 8
34 7
35 8
36 8
37 5
38 4
39 3
40 4
41 4
42 4
43 1
44 3
45 2
46 1
47 3
48 1
49 3
50 1
51 3
52 1
53 2
54 3
56 1
58 2
59 1
61 1
63 1
64 3
66 1
67 1
71 1
72 1
74 1
75 1
76 1
81 2
82 2
85 1
87 1
93 1
94 1
96 1
97 2
100 1
102 1
108 1
110 1
114 1
117 1
118 1
126 2
128 1
137 1
142 1
145 1
146 1
155 1
160 1
163 1
165 1
169 2
182 1
191 1
193 1
199 1
201 1
205 2
206 1
210 1
213 1
215 1
217 2
223 1
230 1
242 3
250 1
261 1
262 1
266 1
278 1
281 1
283 2
285 1
286 2
287 1
288 1
289 1
293 1
295 1
301 1
302 1
304 1
308 2
310 2
311 1
313 1
314 2
320 1
321 2
326 1
328 1
329 2
332 1
333 2
335 1
339 1
340 1
342 3
343 1
344 2
345 1
347 1
348 1
354 3
355 1
356 2
358 1
359 1
360 1
361 1
362 2
365 1
366 2
369 1
371 2
373 1
374 1
375 1
376 2
377 1
379 1
380 3
381 2
383 3
384 1
385 2
387 1
388 1
390 2
391 2
396 1
397 1
398 1
401 1
402 1
404 1
406 1
409 2
410 1
411 2
415 2
416 1
418 1
419 2
420 1
421 1
428 1
429 1
438 1
439 1
444 2
447 1
448 1
449 1
453 1
456 1
458 1
460 1
461 3
462 2
468 1
469 1
470 1
471 1
472 1
475 1
476 1
477 1
478 1
480 1
482 1
484 1
485 1
486 2
488 2
489 1
491 2
494 3
496 2
498 4
499 1
501 1
502 1
507 3
508 1
511 1
512 1
514 1
515 1
518 2
520 2
521 1
523 1
524 1
527 1
531 1
533 1
535 2
536 1
537 1
538 2
540 2
541 1
542 1
543 3
546 2
547 1
549 1
554 1
555 1
556 2
557 1
561 1
563 1
564 2
565 1
570 1
571 2
572 1
573 3
574 2
575 1
577 1
578 1
584 2
586 2
593 1
594 1
597 2
599 1
600 1
602 1
604 1
607 2
611 3
614 1
617 1
629 2
634 1
639 1
644 1
648 3
654 1
656 1
660 1
664 1
670 1
676 1
