100 2000 50
0 170887
1 140
2 347
3 661
4 903
5 1074
6 1105
7 1107
8 985
9 824
10 703
11 532
12 332
13 289
14 208
15 162
16 117
17 79
18 66
19 46
20 47
21 32
22 20
23 21
24 16
25 8
26 8
27 6
28 8
29 9
30 11
31 4
32 1
33 1
34 6
35 9
36 4
37 6
38 6
39 5
40 6
41 3
42 5
43 2
44 2
45 3
46 3
47 3
48 2
49 2
50 1
51 5
53 2
54 1
55 2
57 1
58 1
59 1
60 1
62 1
65 2
70 2
71 3
73 3
74 1
75 2
76 2
78 1
80 2
81 1
83 2
84 3
86 1
88 1
90 1
91 1
92 1
96 2
98 1
99 1
100 1
102 3
104 1
105 2
106 2
107 2
109 1
110 2
112 2
113 1
115 3
117 1
119 1
120 2
125 2
127 1
131 1
136 1
138 1
144 1
145 2
147 1
149 3
150 2
152 1
153 1
155 1
156 1
162 1
164 1
168 1
177 1
178 1
180 1
182 1
183 1
191 1
193 1
194 1
197 1
198 1
200 1
203 1
204 1
205 1
206 1
207 1
208 1
210 1
211 1
212 1
217 1
221 1
223 1
224 1
225 2
230 2
234 1
236 2
245 1
247 1
248 1
251 1
253 1
259 1
260 1
268 1
269 2
270 1
273 1
286 1
289 1
296 1
298 1
301 1
303 2
310 1
313 1
314 2
315 1
316 1
317 2
318 1
320 1
321 1
326 2
328 1
329 3
330 3
332 1
339 1
341 2
342 3
344 1
346 1
347 1
348 1
351 2
352 1
353 1
357 2
360 2
361 1
363 1
365 2
366 2
367 1
368 1
369 1
372 1
373 1
374 2
379 1
380 1
381 2
382 1
383 1
385 1
386 1
387 2
388 3
390 1
392 1
393 1
395 1
396 1
400 3
401 1
404 1
406 1
407 1
408 2
410 1
412 1
414 4
415 2
416 1
418 4
419 2
420 1
423 1
427 1
430 2
431 2
433 1
434 1
435 1
436 1
437 1
439 1
442 2
443 1
447 1
452 1
453 1
457 2
458 1
460 1
461 1
463 1
467 3
468 2
473 1
476 3
477 1
478 1
480 1
484 3
488 1
490 1
491 2
492 1
494 1
495 3
496 1
497 1
505 1
507 3
511 1
512 1
514 1
515 1
517 1
518 2
520 2
522 2
525 1
526 1
530 2
531 1
535 1
540 1
541 2
544 1
546 1
549 1
551 2
552 1
553 1
554 2
555 2
557 1
560 1
561 2
562 1
563 2
564 2
565 1
568 1
576 1
579 1
587 2
589 1
590 1
594 1
595 1
601 1
603 1
604 1
606 1
614 1
620 1
624 1
625 1
632 1
633 1
640 1
641 1
649 1
651 1
661 1
666 1
674 1
679 1
