100 2000 50
0 172747
1 34
2 136
3 288
4 526
5 660
6 752
7 864
8 842
9 753
10 662
11 574
12 509
13 372
14 278
15 225
16 161
17 116
18 70
19 66
20 42
21 26
22 24
23 24
24 14
25 12
26 12
27 9
28 7
29 4
30 4
31 5
32 6
33 2
34 3
35 5
36 1
37 2
39 3
40 3
41 2
42 3
43 1
44 1
46 1
49 1
51 2
52 3
53 2
54 2
56 2
57 1
58 4
61 1
62 1
63 4
64 3
65 3
66 2
67 2
68 2
69 1
72 1
73 2
74 1
76 1
78 1
79 2
84 3
86 1
91 1
100 1
102 1
110 1
111 1
112 2
113 2
122 1
123 1
132 1
134 1
137 1
141 1
144 1
145 1
147 1
148 1
158 1
164 1
167 1
175 2
176 1
183 1
187 1
188 1
196 1
211 1
222 2
227 1
230 1
233 1
237 1
239 1
240 1
242 1
245 1
246 1
250 2
255 1
259 1
260 1
263 1
267 2
275 1
279 1
281 1
289 2
299 1
300 2
313 1
314 1
317 2
319 1
321 2
322 1
325 1
329 1
330 1
333 2
334 2
337 1
340 1
346 1
347 1
348 1
349 1
350 1
351 1
354 5
355 1
356 2
360 1
365 1
366 1
368 1
369 2
370 1
371 1
373 1
375 2
376 1
377 1
380 1
381 3
382 2
383 3
384 1
385 1
386 3
388 1
389 1
390 1
391 2
392 1
395 1
398 2
401 2
402 1
403 1
405 2
406 1
411 2
412 1
413 1
415 1
416 1
418 4
419 1
422 1
425 2
427 1
430 1
431 1
432 3
433 1
434 1
435 2
436 1
438 1
442 1
443 1
449 1
450 1
451 1
453 1
454 1
459 1
464 1
467 1
469 1
472 1
474 1
478 1
479 2
480 2
482 1
483 2
486 1
489 1
493 2
496 1
497 1
500 2
502 1
505 2
507 2
508 1
509 3
512 1
519 1
520 2
522 2
523 1
524 1
526 1
527 1
528 1
529 1
539 1
540 1
541 1
542 2
543 1
545 1
546 1
547 1
548 1
549 1
554 1
556 1
557 2
559 2
562 1
564 1
567 1
570 1
572 1
573 1
574 1
576 2
578 2
582 1
583 1
585 1
586 2
588 2
590 2
591 1
592 1
594 2
595 2
598 2
599 2
601 2
602 1
604 3
605 2
606 2
609 1
610 1
611 2
612 1
613 1
615 1
616 2
621 1
622 1
625 1
627 1
628 1
630 1
632 1
633 1
643 1
644 1
651 2
653 1
664 1
672 1
692 1
