100 2000 50
0 173888
1 14
2 56
3 141
4 235
5 397
6 507
7 559
8 626
9 638
10 618
11 586
12 516
13 400
14 346
15 321
16 236
17 184
18 123
19 77
20 86
21 55
22 41
23 40
24 27
25 18
26 12
27 16
28 20
29 13
30 13
31 8
32 4
33 1
34 1
35 5
36 2
37 2
38 3
39 2
40 1
41 2
42 6
43 1
44 2
45 2
46 3
47 2
49 2
50 6
51 1
53 1
54 1
55 1
56 3
57 3
58 1
59 1
60 1
61 3
62 2
65 1
66 1
67 1
68 1
69 1
72 1
75 1
77 1
81 1
82 1
83 1
84 1
85 2
86 2
87 2
94 1
97 1
100 1
102 1
103 2
105 1
117 1
118 1
120 2
122 1
133 1
139 1
141 1
142 1
143 1
144 1
145 1
156 1
157 1
165 1
170 1
176 1
180 1
187 2
189 1
196 1
204 1
207 1
209 1
213 1
214 1
218 1
220 1
224 1
225 1
241 1
253 1
254 1
255 1
256 2
258 1
269 1
272 1
273 1
280 1
286 1
294 1
299 1
300 1
302 1
305 1
307 1
310 1
311 1
314 2
318 1
326 1
327 1
329 1
331 1
332 2
333 1
334 1
337 2
338 1
341 1
343 2
347 1
349 2
350 2
351 1
352 2
353 1
354 1
356 1
358 1
359 2
361 2
364 2
368 1
370 1
374 1
375 1
376 1
377 1
379 2
380 1
383 1
384 1
386 3
387 1
388 4
389 1
390 2
391 3
392 1
393 1
394 2
395 1
401 2
402 1
403 2
404 2
405 2
406 2
409 1
410 1
413 1
414 1
420 2
421 1
422 1
425 1
427 1
428 1
430 1
432 2
433 1
435 1
436 2
441 2
442 1
445 1
446 1
449 1
454 1
455 1
456 1
467 1
472 1
473 2
474 1
480 1
482 1
483 2
485 2
488 2
490 1
493 3
498 1
500 1
501 3
508 1
509 1
513 1
514 2
515 1
517 3
518 1
520 1
521 2
524 1
525 1
526 2
527 2
530 2
531 1
533 3
534 2
535 1
538 1
540 1
541 3
545 3
546 1
548 1
552 1
554 4
555 1
556 1
557 1
562 1
563 1
564 1
568 2
569 1
570 1
571 1
572 1
574 2
575 2
577 1
578 2
579 1
581 1
583 2
587 2
588 2
589 1
590 3
592 1
593 1
598 1
599 1
600 1
602 1
607 1
608 1
612 2
617 1
619 1
620 1
621 1
622 4
625 1
627 1
629 1
638 1
642 1
651 2
652 1
654 1
658 1
665 1
669 1
684 1
