100 2000 50
0 173638
1 13
2 74
3 150
4 282
5 461
6 532
7 611
8 688
9 711
10 706
11 622
12 498
13 393
14 366
15 238
16 222
17 137
18 115
19 68
20 62
21 56
22 37
23 31
24 29
25 19
26 19
27 16
28 7
29 6
30 5
31 6
32 6
33 13
34 5
35 5
36 3
37 5
38 3
39 1
40 2
41 1
42 1
43 1
44 5
45 2
46 4
47 2
49 1
51 2
52 1
53 2
56 1
58 1
60 1
61 3
63 1
67 1
70 1
74 1
78 1
84 2
88 2
91 1
92 2
98 1
99 1
108 1
111 1
112 1
126 2
134 1
136 1
137 1
139 1
146 1
147 1
148 1
150 1
151 1
165 1
166 1
169 1
174 1
177 1
179 2
182 2
187 1
189 1
191 1
201 1
206 1
212 1
213 1
217 1
222 1
223 1
229 2
233 1
238 1
245 1
246 1
247 2
248 1
250 1
253 1
257 1
270 1
276 1
282 1
288 1
289 1
290 1
293 1
296 1
307 1
310 1
314 1
319 1
320 1
321 1
325 1
330 1
336 1
338 1
341 2
342 3
344 1
345 2
346 2
348 1
353 1
354 1
355 2
357 1
359 1
360 1
361 2
364 2
366 2
368 1
370 1
374 1
375 4
376 1
377 2
378 1
381 1
384 1
387 1
388 1
390 2
392 2
393 2
395 1
398 1
400 2
402 1
403 2
404 1
405 1
406 3
407 1
408 1
410 1
411 2
412 1
414 1
415 1
417 3
418 3
420 1
422 1
424 1
425 1
428 2
430 1
431 1
432 2
433 1
439 1
440 1
444 2
450 2
451 2
452 2
456 1
457 1
461 1
464 1
468 2
470 3
474 1
476 2
477 3
483 1
486 1
490 2
491 1
494 1
497 2
498 1
504 1
507 2
508 1
511 2
513 1
516 1
519 1
520 1
521 4
525 1
526 1
527 3
528 2
531 1
533 1
534 1
537 2
539 1
544 2
545 1
549 1
550 2
552 2
553 1
554 3
556 1
561 1
562 1
563 1
564 1
566 1
567 1
568 2
570 2
571 2
572 1
574 1
577 1
578 1
579 2
580 2
581 1
582 1
583 2
584 1
586 1
588 1
591 1
594 1
595 1
596 1
598 1
600 1
603 1
604 1
609 1
611 1
612 1
613 3
615 1
616 2
617 1
619 1
621 4
628 1
630 2
635 1
636 2
637 1
638 1
643 1
646 1
661 1
666 1
667 1
674 1
678 1
723 1
