100 2000 50
0 161326
1 686
2 1271
3 1646
4 1834
5 1754
6 1637
7 1442
8 1287
9 1096
10 1005
11 853
12 691
13 604
14 505
15 470
16 387
17 304
18 251
19 231
20 199
21 170
22 128
23 145
24 107
25 90
26 78
27 71
28 77
29 64
30 65
31 51
32 56
33 41
34 34
35 42
36 32
37 40
38 16
39 19
40 21
41 22
42 22
43 12
44 17
45 13
46 11
47 15
48 11
49 12
50 5
51 9
52 3
53 4
54 8
55 7
56 8
57 9
59 5
60 3
61 11
62 9
63 5
64 6
65 3
66 3
67 8
68 2
69 6
70 3
71 4
72 5
73 2
74 5
75 5
76 2
77 6
78 2
79 2
80 2
81 1
82 3
83 2
86 2
87 3
88 3
89 1
91 3
92 2
93 1
94 2
95 1
96 2
98 2
99 1
100 1
101 1
103 1
106 1
107 2
108 1
109 1
111 1
114 1
118 1
119 1
121 2
122 1
129 1
133 1
134 1
135 2
136 2
137 1
146 1
148 1
149 1
150 2
151 1
152 1
154 1
158 1
161 1
162 1
170 1
173 1
175 1
188 1
192 1
200 1
201 1
203 1
209 1
229 1
248 1
307 1
