100 2000 50
0 171751
1 83
2 277
3 495
4 709
5 890
6 1040
7 992
8 932
9 765
10 685
11 583
12 407
13 320
14 225
15 186
16 122
17 80
18 66
19 34
20 36
21 30
22 19
23 18
24 14
25 11
26 8
27 6
28 5
29 5
30 4
31 5
32 4
33 5
34 4
36 2
37 4
38 2
40 3
41 2
42 2
43 1
44 5
46 5
47 4
48 1
49 1
50 2
52 2
53 1
57 2
58 2
59 2
60 3
61 3
66 1
67 1
68 1
70 1
72 1
73 1
74 3
75 1
76 1
79 2
80 1
84 1
87 1
88 1
90 2
91 2
95 1
99 1
100 2
102 1
103 1
106 1
108 1
110 1
111 1
112 1
113 1
114 2
118 1
123 1
125 1
128 1
129 1
131 1
132 1
133 1
135 1
137 1
140 1
143 1
147 1
151 1
160 3
166 1
170 2
171 1
178 1
180 1
181 1
183 1
186 1
191 1
202 1
204 1
206 2
208 1
209 2
210 1
214 1
215 1
216 1
219 1
222 1
228 1
231 1
234 2
251 1
252 1
263 1
272 1
275 1
277 2
281 1
283 2
293 1
294 1
297 2
300 1
301 1
302 1
303 1
306 2
313 1
316 1
319 1
323 1
326 1
327 1
329 1
331 3
339 1
340 1
341 1
345 1
346 1
347 1
348 2
349 2
350 2
351 1
352 1
353 2
355 1
356 1
358 1
359 2
361 1
362 1
364 1
366 1
367 1
370 3
371 2
372 2
373 2
378 1
386 1
387 1
388 3
389 1
390 1
391 2
392 1
394 2
395 1
396 1
397 3
399 2
400 1
401 1
402 1
403 1
405 3
407 1
408 3
409 1
410 2
415 1
418 1
419 1
420 1
425 1
426 1
429 1
431 4
433 1
436 1
440 1
443 1
445 1
446 1
449 2
451 1
452 1
453 1
455 1
456 1
457 1
461 1
462 1
466 1
468 1
471 1
473 1
474 1
476 1
477 1
481 1
484 2
487 1
488 1
489 2
491 3
492 1
498 1
499 1
500 2
502 1
503 1
504 2
505 2
511 3
512 1
513 3
517 1
518 1
519 1
520 1
521 1
522 1
524 1
526 2
531 3
532 1
533 1
534 1
535 2
537 1
539 1
541 2
546 2
547 3
548 1
549 1
552 1
555 2
561 1
562 2
565 1
566 3
567 1
568 1
571 1
578 1
579 1
580 1
582 1
587 1
588 2
589 1
590 3
591 3
592 2
596 1
599 1
604 2
606 1
616 1
618 1
619 1
620 1
621 1
624 2
625 1
627 2
628 1
632 1
641 2
647 1
651 1
653 1
665 1
670 1
701 1
722 1
