100 2000 50
0 174272
1 9
2 43
3 89
4 167
5 275
6 439
7 469
8 549
9 610
10 591
11 560
12 495
13 451
14 360
15 279
16 256
17 210
18 147
19 117
20 93
21 70
22 63
23 46
24 42
25 30
26 27
27 16
28 5
29 11
30 9
31 6
32 10
33 5
34 4
35 4
36 5
37 4
38 1
39 4
40 3
41 4
43 3
44 1
45 2
46 3
47 1
48 2
49 1
50 1
51 2
53 1
54 1
56 1
57 2
58 1
59 2
62 2
63 2
64 1
65 1
67 1
71 1
72 2
74 1
76 2
79 1
80 1
83 1
86 1
88 2
89 1
96 3
101 1
103 2
110 1
112 1
116 1
121 1
122 1
125 1
126 1
128 1
134 1
141 3
143 1
155 1
157 2
160 1
161 1
164 1
171 1
179 1
180 1
184 2
190 1
191 1
204 1
207 1
209 1
212 1
221 1
227 1
229 1
230 1
237 1
240 1
246 1
247 1
249 2
255 1
263 1
264 1
267 1
269 1
273 1
276 1
277 1
278 1
283 2
286 1
290 1
296 2
308 1
309 1
311 1
313 1
317 1
318 1
319 1
321 1
325 2
328 1
329 1
331 1
332 1
335 1
340 2
341 2
342 1
343 1
344 1
345 3
347 1
348 1
349 2
350 1
352 1
354 1
357 2
358 4
362 1
363 2
364 2
366 1
369 4
370 1
371 1
372 1
373 1
375 1
379 1
380 1
381 1
382 1
384 1
386 2
387 2
391 1
392 2
395 2
396 1
400 2
401 2
404 1
405 1
407 1
408 1
410 1
411 2
413 1
416 2
419 1
421 1
424 2
425 1
428 1
430 1
431 2
432 1
433 1
434 1
435 2
436 1
437 1
438 1
440 1
441 1
444 1
445 1
449 2
452 2
456 1
458 1
459 1
460 1
463 1
466 1
468 1
470 2
472 1
478 1
485 3
486 1
489 2
490 1
491 2
492 1
495 1
496 1
497 2
500 1
506 1
508 1
511 1
512 1
513 1
514 2
515 1
516 1
518 1
520 1
521 2
523 1
525 2
526 1
528 1
529 2
530 1
532 3
533 1
534 1
537 1
543 1
544 1
545 2
546 2
547 1
548 2
549 2
551 3
553 2
555 1
558 2
559 1
560 1
562 2
564 1
566 1
569 3
570 2
572 1
574 1
576 2
578 1
579 1
585 2
588 3
589 1
593 1
594 1
596 1
599 1
603 1
608 1
611 2
612 1
616 2
618 1
621 1
625 1
628 1
630 1
631 2
634 1
636 1
637 1
642 2
645 1
648 1
653 1
655 1
661 1
664 2
670 1
