100 2000 50
0 166375
1 453
2 877
3 1253
4 1404
5 1419
6 1336
7 1250
8 1012
9 860
10 725
11 558
12 481
13 411
14 312
15 248
16 214
17 187
18 159
19 131
20 126
21 101
22 90
23 69
24 55
25 67
26 43
27 41
28 45
29 37
30 31
31 24
32 27
33 25
34 30
35 25
36 19
37 18
38 24
39 16
40 17
41 18
42 12
43 15
44 12
45 10
46 11
47 11
48 8
49 8
50 8
51 10
52 13
53 7
54 6
55 7
56 5
57 2
58 11
59 7
60 6
61 6
62 4
63 8
64 8
65 3
66 3
67 8
68 2
69 6
70 5
71 5
72 3
73 1
74 2
75 4
76 3
77 5
78 3
79 2
80 3
81 2
82 3
84 2
85 2
86 2
87 3
88 7
89 5
90 1
91 4
92 4
93 1
94 4
95 2
96 7
97 3
98 1
99 3
101 3
102 1
103 3
104 4
105 2
106 3
107 4
108 2
109 1
110 4
111 2
112 3
114 1
115 1
116 1
117 2
118 2
119 1
120 4
121 1
125 4
126 4
128 1
129 5
130 4
132 3
133 2
136 2
137 2
138 1
139 1
140 1
142 1
143 1
145 2
146 2
148 1
149 1
150 1
152 1
153 2
154 2
155 1
156 1
157 2
158 1
159 2
160 3
164 3
165 3
166 2
167 1
170 3
171 1
172 1
173 2
174 1
175 2
176 1
178 1
179 1
181 1
183 1
185 1
187 1
189 1
190 2
194 2
195 1
196 1
197 1
198 1
199 1
201 1
203 1
204 1
205 1
208 1
210 1
211 1
212 1
213 1
217 1
220 3
221 2
222 1
225 1
226 1
228 2
230 1
231 1
234 2
235 1
236 1
242 1
245 2
247 1
249 2
252 2
257 2
259 1
260 1
261 1
262 1
265 1
267 1
268 1
271 3
272 1
274 1
278 2
280 1
282 1
284 1
285 1
286 1
287 1
290 1
291 2
292 3
294 4
299 1
301 1
304 1
305 1
307 1
308 1
311 2
313 1
317 2
318 1
321 1
322 1
324 1
326 1
327 1
328 1
329 1
336 1
340 1
341 1
343 1
344 1
347 2
350 1
354 1
355 1
357 1
358 1
359 1
361 1
362 1
363 1
364 2
365 1
366 1
368 1
369 1
375 2
376 1
384 1
385 1
390 1
394 1
397 1
401 1
402 1
403 1
407 1
411 1
418 1
420 1
433 2
442 1
444 1
462 1
506 1
522 1
527 1
531 1
