100 2000 50
0 174442
1 9
2 37
3 68
4 164
5 242
6 354
7 431
8 504
9 525
10 582
11 596
12 479
13 484
14 351
15 296
16 264
17 224
18 159
19 132
20 108
21 88
22 65
23 51
24 34
25 21
26 23
27 17
28 17
29 8
30 8
31 7
32 12
33 6
34 5
35 5
36 6
37 3
38 7
39 3
40 3
41 5
42 3
43 2
44 2
45 1
46 1
48 1
49 5
50 1
51 4
54 3
55 1
56 1
57 2
58 1
59 1
61 1
63 1
65 2
66 2
67 1
69 2
70 1
71 2
72 1
73 1
75 1
78 1
81 1
82 1
83 1
85 2
90 1
94 2
95 1
100 2
104 3
108 1
110 1
115 1
126 1
129 1
134 1
135 2
137 1
138 1
139 1
143 1
150 1
160 1
161 1
168 2
170 1
176 1
180 1
182 1
183 1
185 1
187 1
202 1
208 1
212 1
215 1
219 1
221 1
224 1
228 2
229 1
235 1
238 1
246 1
252 1
258 2
267 1
268 1
272 1
280 1
284 1
289 1
290 1
291 1
292 1
294 2
296 1
303 2
305 1
306 1
307 1
309 2
314 1
315 1
317 1
318 1
319 2
320 1
323 1
325 1
330 1
331 2
336 1
339 1
340 1
342 1
343 1
344 2
345 1
347 1
349 2
350 1
352 1
353 1
354 3
355 1
356 1
365 3
366 1
367 2
368 2
372 2
374 1
376 4
377 1
379 1
381 2
382 1
384 2
387 1
389 1
390 1
393 1
396 1
397 1
398 1
400 1
401 1
404 4
405 1
406 3
408 1
409 1
416 2
418 1
420 1
422 2
426 2
429 3
430 1
432 2
434 1
436 1
442 1
446 1
447 1
449 1
453 1
455 3
456 1
459 1
463 1
469 3
470 1
473 1
478 1
479 1
483 1
486 1
487 1
489 3
490 1
491 2
492 1
493 3
494 2
495 1
496 3
497 1
498 1
500 1
502 1
503 1
504 1
508 1
509 2
512 2
519 1
520 1
521 1
524 2
526 2
531 1
532 1
533 3
538 2
540 2
542 2
543 1
544 2
545 2
549 1
550 3
551 1
552 1
557 3
559 1
560 1
561 2
562 1
563 1
566 1
567 4
569 1
574 1
577 1
578 1
579 2
581 1
582 1
586 1
588 3
589 3
591 1
592 2
594 2
600 1
602 1
605 1
608 1
610 1
612 2
614 1
620 1
625 1
633 1
635 1
637 1
638 2
640 1
643 2
648 1
655 1
661 1
662 1
664 3
667 1
