200 1000 45
0 178800
1 3894
2 1525
3 866
4 583
5 444
6 359
7 270
8 207
9 223
10 172
11 152
12 128
13 122
14 116
15 90
16 84
17 83
18 75
19 63
20 57
21 68
22 44
23 71
24 62
25 54
26 49
27 47
28 38
29 44
30 37
31 46
32 37
33 32
34 27
35 35
36 35
37 37
38 24
39 36
40 31
41 37
42 27
43 27
44 22
45 20
46 27
47 21
48 23
49 20
50 16
51 30
52 14
53 22
54 11
55 10
56 10
57 23
58 20
59 23
60 13
61 18
62 17
63 11
64 15
65 17
66 12
67 13
68 14
69 16
70 14
71 13
72 15
73 13
74 13
75 12
76 10
77 7
78 15
79 6
80 9
81 7
82 14
83 10
84 11
85 5
86 8
87 11
88 9
89 8
90 11
91 12
92 10
93 7
94 8
95 7
96 6
97 10
98 9
99 8
100 5
101 7
102 8
103 9
104 8
105 4
106 5
107 5
108 4
109 9
110 9
111 3
112 2
113 6
114 5
115 6
116 3
117 4
118 10
119 2
120 4
121 8
122 6
123 8
124 5
125 5
126 9
127 4
128 4
130 3
131 5
132 3
133 6
134 5
135 2
136 4
137 5
138 4
140 3
141 1
142 1
143 7
144 5
145 1
146 6
147 4
148 4
149 5
150 2
151 2
152 1
153 3
154 1
155 5
156 7
157 5
158 5
159 1
160 7
161 3
162 2
163 1
164 3
165 3
166 4
167 1
168 2
169 1
170 1
171 1
172 2
173 5
174 1
175 2
176 1
177 2
178 1
179 5
181 3
182 7
183 1
184 4
185 2
186 1
187 1
188 4
189 5
190 4
191 1
192 1
193 3
194 3
195 1
196 2
197 2
199 1
200 3
201 1
204 1
205 1
206 1
207 1
208 3
209 2
210 1
211 4
212 2
213 1
215 1
220 2
221 1
222 2
223 1
224 2
225 2
226 1
227 1
228 2
229 1
230 1
231 2
232 1
233 1
234 1
235 2
236 1
238 2
239 2
240 1
241 1
242 1
243 4
245 2
250 1
252 2
255 3
256 1
259 2
261 1
264 2
265 1
266 3
270 1
272 1
276 1
277 1
278 1
283 1
284 2
287 1
288 1
292 1
295 1
300 1
302 1
303 1
304 1
305 1
309 2
310 2
313 1
316 1
317 1
320 1
324 1
325 1
328 1
331 1
339 1
342 1
348 1
363 1
380 1
387 1
414 1
421 1
423 1
443 1
467 1
487 1
488 1
507 1
620 1
