200 1000 45
0 178754
1 663
2 264
3 144
4 96
5 75
6 61
7 45
8 34
9 32
10 41
11 26
12 26
13 18
14 17
15 13
16 18
17 10
18 15
19 15
20 9
21 16
22 9
23 9
24 6
25 11
26 3
27 6
28 5
29 11
30 10
31 5
32 9
33 6
34 8
35 7
36 9
37 6
38 5
39 6
40 5
41 1
42 2
43 5
44 6
46 4
47 4
48 5
49 1
50 2
51 7
52 4
53 1
54 6
55 4
57 4
58 8
59 5
60 4
61 3
62 6
63 4
64 3
65 3
66 1
67 1
68 6
69 2
70 4
71 2
72 2
73 4
74 4
76 4
77 4
78 4
79 1
80 1
82 4
83 2
84 2
86 1
87 2
89 3
90 1
91 2
92 4
93 1
95 1
96 3
97 1
98 1
99 4
100 3
102 2
106 2
108 2
109 1
110 2
112 1
113 1
114 3
115 3
116 4
118 3
119 1
120 2
121 1
122 1
123 1
124 1
127 2
128 2
129 1
130 1
131 2
133 3
135 1
137 2
138 1
139 2
140 1
141 1
143 2
144 1
146 1
148 1
149 1
150 2
152 1
155 1
157 3
158 1
159 3
162 1
163 2
165 2
168 1
169 2
170 1
171 1
173 1
175 1
177 1
178 4
180 3
182 1
184 1
188 1
191 2
192 2
193 3
194 1
196 3
197 1
201 1
202 1
208 1
209 2
211 3
213 1
216 2
218 2
219 1
220 3
223 1
224 1
225 1
228 1
229 1
231 2
232 1
234 1
235 1
237 1
238 1
240 1
241 1
242 1
244 1
247 3
248 1
249 1
252 1
254 1
255 2
256 2
263 1
265 1
266 1
267 1
269 1
270 1
271 3
272 2
273 1
274 2
275 1
277 2
279 2
280 2
281 1
283 1
286 1
287 1
289 1
290 1
292 1
294 1
295 1
296 1
298 1
299 1
300 1
302 2
304 1
305 2
307 2
308 3
310 2
311 1
312 2
315 1
320 4
322 2
324 2
326 1
328 1
331 1
334 1
338 2
341 2
344 1
349 3
351 1
354 2
355 1
362 1
364 2
366 1
368 1
374 1
382 1
383 4
384 2
387 2
388 3
389 1
392 2
394 2
395 1
396 1
397 1
400 2
403 2
404 1
405 1
408 1
412 1
414 1
417 1
420 1
423 2
427 1
433 2
435 1
439 1
447 1
453 1
456 1
458 1
460 1
461 1
462 1
464 2
465 1
473 2
475 1
477 2
478 1
480 1
485 1
486 1
487 1
488 1
493 1
502 1
507 1
508 2
510 1
511 1
520 1
523 1
524 2
530 1
531 1
533 1
534 2
541 1
554 1
557 1
559 2
562 1
563 2
567 1
571 1
573 1
578 1
582 1
584 1
588 1
589 1
591 1
595 1
597 2
598 1
603 1
610 1
612 1
613 1
620 1
622 1
625 1
626 1
627 1
629 1
643 1
645 1
647 2
649 1
651 1
653 1
654 2
663 1
667 2
668 1
669 1
672 1
683 1
691 1
694 1
700 1
707 1
710 1
715 1
716 1
720 1
723 1
740 1
744 1
745 1
752 1
753 1
758 1
759 1
771 1
778 1
786 1
788 1
803 1
808 1
813 1
841 1
850 1
858 1
860 2
865 1
866 1
868 1
872 1
873 1
881 1
882 1
885 1
889 1
891 1
893 2
902 1
908 1
912 1
914 1
921 1
931 1
933 1
934 2
938 1
950 1
954 1
956 1
962 1
975 1
981 1
983 1
990 1
991 1
992 1
994 1
997 2
999 1
1000 1
