200 1000 45
0 169400
1 7626
2 2989
3 1679
4 1131
5 879
6 690
7 509
8 439
9 376
10 285
11 277
12 274
13 231
14 228
15 172
16 166
17 169
18 164
19 138
20 110
21 110
22 114
23 93
24 95
25 78
26 84
27 91
28 75
29 71
30 68
31 78
32 52
33 61
34 53
35 57
36 43
37 53
38 38
39 43
40 44
41 43
42 33
43 34
44 24
45 35
46 35
47 27
48 34
49 27
50 23
51 27
52 23
53 21
54 24
55 21
56 27
57 21
58 19
59 25
60 22
61 28
62 10
63 14
64 16
65 13
66 14
67 14
68 19
69 11
70 20
71 12
72 11
73 17
74 8
75 18
76 8
77 11
78 17
79 13
80 6
81 6
82 12
83 8
84 7
85 11
86 6
87 8
88 11
89 8
90 14
91 5
92 6
93 4
94 18
95 7
96 3
97 6
98 3
99 6
100 10
101 4
102 5
103 4
104 5
105 3
106 6
107 6
108 5
109 3
110 6
111 2
112 2
113 5
114 1
116 4
117 1
118 1
119 1
121 3
122 1
123 3
124 5
125 3
126 1
127 2
128 3
129 1
130 4
131 1
132 3
133 2
134 8
135 1
136 1
137 1
138 4
139 4
140 2
141 2
142 2
144 3
145 2
146 3
148 1
149 1
150 2
151 1
153 3
154 1
155 5
156 1
160 1
162 2
163 1
166 1
167 1
169 2
171 2
172 1
173 2
174 1
181 1
182 1
187 1
189 1
190 2
191 1
192 2
193 1
194 1
196 2
199 1
204 1
205 1
207 1
208 1
219 1
223 1
233 1
237 1
282 1
297 1
301 1
