200 1000 45
0 160000
1 11811
2 4636
3 2513
4 1757
5 1310
6 1004
7 804
8 633
9 556
10 452
11 419
12 360
13 323
14 283
15 257
16 257
17 231
18 178
19 171
20 167
21 142
22 151
23 148
24 101
25 107
26 85
27 87
28 95
29 90
30 76
31 87
32 61
33 65
34 59
35 49
36 51
37 41
38 41
39 27
40 44
41 51
42 45
43 23
44 30
45 27
46 28
47 22
48 30
49 17
50 22
51 14
52 22
53 19
54 20
55 13
56 26
57 12
58 14
59 7
60 13
61 14
62 14
63 13
64 18
65 10
66 5
67 8
68 9
69 16
70 12
71 13
72 6
73 11
74 10
75 6
76 5
77 11
78 5
79 9
80 4
81 4
82 10
83 6
84 2
85 7
86 5
87 1
88 3
89 2
90 4
91 3
92 4
94 3
95 1
96 5
98 1
99 2
100 2
101 3
102 4
103 2
104 3
105 2
107 3
108 2
109 1
110 2
111 1
112 1
114 1
116 5
117 2
118 2
122 1
123 1
127 3
128 1
129 2
132 1
133 1
134 1
137 1
142 1
145 1
150 1
152 1
157 1
158 1
