100 1000 50
0 90163
2 15
3 23
4 42
5 78
6 116
7 157
8 215
9 240
10 243
11 284
12 281
13 278
14 306
15 263
16 261
17 230
18 203
19 181
20 174
21 125
22 150
23 123
24 100
25 85
26 73
27 78
28 52
29 54
30 51
31 37
32 30
33 33
34 34
35 27
36 22
37 25
38 20
39 24
40 29
41 16
42 16
43 12
44 20
45 9
46 7
47 5
48 13
49 3
50 7
51 8
52 9
53 4
54 1
55 1
56 6
57 7
58 3
59 7
60 1
61 7
62 7
63 6
64 4
65 5
66 3
67 3
68 2
69 4
70 4
71 3
72 3
73 4
74 2
75 2
76 3
77 5
78 2
79 1
80 1
81 1
82 2
83 2
84 2
85 3
86 3
87 1
88 3
89 2
90 1
91 3
92 3
93 4
94 2
96 1
97 3
98 2
99 1
101 2
103 2
104 1
105 1
106 1
108 1
109 1
110 1
113 1
114 1
115 1
116 1
117 1
118 1
119 1
120 1
121 2
122 1
124 1
125 1
127 1
129 1
131 1
134 2
135 1
137 2
142 1
145 1
146 2
147 2
148 2
149 1
150 1
151 1
155 2
156 1
158 1
162 1
165 1
169 1
175 1
216 1
