100 1000 50
0 89809
1 2
2 18
3 51
4 85
5 128
6 151
7 224
8 263
9 277
10 316
11 320
12 314
13 281
14 294
15 295
16 259
17 233
18 222
19 176
20 156
21 145
22 138
23 126
24 106
25 73
26 63
27 60
28 39
29 53
30 39
31 31
32 33
33 41
34 21
35 24
36 25
37 16
38 11
39 11
40 18
41 14
42 11
43 11
44 6
45 8
46 12
47 9
48 10
49 7
50 7
51 5
52 7
53 7
54 3
55 2
56 5
57 2
58 5
59 2
60 2
61 8
62 3
64 3
65 2
66 3
67 3
68 3
69 3
70 3
71 1
72 5
73 2
74 4
75 3
76 2
77 3
78 1
79 4
81 1
82 3
84 2
85 4
86 1
87 1
88 2
89 2
90 2
91 1
92 4
93 3
94 1
95 3
96 2
98 4
99 2
100 1
101 1
102 2
103 2
105 2
106 4
108 1
109 6
110 2
113 2
114 3
120 1
121 2
122 2
125 3
126 3
127 1
128 3
130 1
132 2
134 1
136 1
142 1
144 1
146 1
147 2
148 1
149 3
150 1
153 1
158 1
161 1
164 1
173 1
174 1
181 1
196 1
206 1
