100 1000 50
0 89373
1 11
2 32
3 69
4 110
5 175
6 226
7 313
8 319
9 390
10 376
11 360
12 340
13 320
14 293
15 294
16 251
17 233
18 199
19 160
20 162
21 139
22 109
23 90
24 79
25 72
26 72
27 54
28 52
29 49
30 34
31 33
32 24
33 35
34 21
35 18
36 19
37 19
38 13
39 18
40 15
41 13
42 6
43 4
44 6
45 9
46 9
47 5
48 7
49 5
50 6
51 7
52 2
53 4
54 3
55 5
56 2
57 4
58 7
59 2
60 3
61 1
62 8
63 5
64 4
65 3
66 2
67 2
68 6
69 1
70 2
71 4
72 3
73 2
74 3
75 2
77 3
78 5
79 3
80 2
81 2
82 5
83 1
84 4
85 3
86 4
89 2
90 2
91 2
92 3
93 4
94 2
95 1
96 3
97 1
98 3
99 1
100 2
101 1
102 3
104 2
105 2
106 1
107 1
108 1
109 1
110 1
111 1
112 1
113 1
114 1
115 2
121 1
123 3
126 2
127 2
128 1
129 1
130 1
131 1
132 2
134 1
135 2
139 1
140 2
143 3
144 1
145 1
147 1
149 2
150 1
152 1
155 1
160 1
161 1
169 1
170 1
183 1
