100 1000 50
0 88573
1 18
2 63
3 141
4 223
5 302
6 397
7 416
8 462
9 458
10 494
11 457
12 370
13 350
14 321
15 294
16 230
17 220
18 171
19 148
20 126
21 91
22 92
23 79
24 57
25 61
26 55
27 36
28 31
29 40
30 25
31 33
32 26
33 17
34 31
35 13
36 15
37 11
38 9
39 19
40 9
41 8
42 12
43 8
44 10
45 4
46 3
47 8
48 8
49 9
50 3
51 7
52 5
53 6
54 4
55 8
56 2
57 1
58 2
59 3
60 1
61 4
62 6
64 1
65 2
66 3
67 5
68 2
69 1
70 2
71 1
72 7
73 3
74 1
75 2
76 2
77 1
78 1
79 1
80 2
81 1
82 1
83 3
84 2
85 1
86 5
87 1
89 2
90 1
91 1
92 1
93 2
94 2
97 3
98 2
99 2
100 1
101 3
103 2
104 5
105 2
107 2
109 3
112 1
113 1
114 2
115 2
116 2
117 2
118 3
121 1
122 2
123 1
124 2
126 3
128 1
129 2
131 1
132 1
133 1
134 2
139 2
140 1
141 1
142 2
144 1
152 1
157 1
160 1
161 2
164 1
172 2
174 1
178 1
182 1
185 1
194 1
