100 1000 50
0 89727
1 5
2 18
3 41
4 75
5 117
6 162
7 214
8 262
9 331
10 338
11 347
12 321
13 308
14 290
15 269
16 259
17 212
18 207
19 195
20 191
21 162
22 112
23 121
24 83
25 62
26 65
27 69
28 59
29 47
30 46
31 47
32 23
33 32
34 27
35 19
36 14
37 18
38 20
39 14
40 17
41 5
42 9
43 14
44 12
45 8
46 11
47 11
48 5
49 5
50 6
51 7
52 9
53 6
54 5
55 6
56 5
57 6
58 3
59 2
60 7
61 5
62 3
63 3
64 3
65 2
66 2
67 6
68 3
69 3
70 3
71 3
72 4
73 4
74 4
75 6
76 2
77 4
79 4
80 2
81 2
82 3
83 1
84 2
85 3
86 2
87 3
89 2
90 3
91 4
92 2
93 2
94 1
95 1
97 2
99 1
101 3
103 2
104 1
105 2
107 2
110 3
111 4
112 4
114 1
116 1
117 2
118 1
119 1
121 1
123 1
125 1
126 5
127 1
128 3
131 1
133 1
134 1
139 1
141 2
143 2
145 1
146 1
147 1
152 1
176 1
190 1
