100 1000 50
0 88860
1 18
2 49
3 104
4 150
5 279
6 317
7 376
8 421
9 437
10 459
11 424
12 379
13 348
14 332
15 299
16 245
17 208
18 187
19 167
20 137
21 103
22 100
23 84
24 61
25 65
26 51
27 46
28 37
29 27
30 34
31 31
32 29
33 16
34 19
35 14
36 14
37 11
38 13
39 8
40 12
41 13
42 10
43 12
44 5
45 5
46 11
47 8
48 5
49 7
50 2
51 4
52 1
53 3
54 3
55 4
56 2
57 5
58 3
59 4
60 1
61 6
62 2
63 3
64 6
66 5
67 4
68 5
69 2
70 5
71 3
72 2
73 3
74 1
75 4
76 4
77 5
78 3
79 1
80 1
81 4
82 2
85 1
86 3
88 1
89 3
90 2
91 3
92 1
94 1
96 2
97 3
99 1
100 2
102 1
103 3
104 2
105 2
106 2
107 2
109 2
111 1
112 1
113 3
115 1
116 1
117 2
119 3
120 1
121 1
122 4
123 1
124 2
125 1
127 1
128 1
129 2
132 1
133 2
134 1
135 1
137 1
139 1
143 3
146 1
147 2
148 2
149 2
151 1
154 1
155 3
156 2
158 1
159 1
161 1
175 1
