100 1000 50
0 89867
1 5
2 14
3 34
4 67
5 117
6 153
7 205
8 275
9 287
10 295
11 329
12 322
13 307
14 300
15 240
16 233
17 237
18 210
19 190
20 167
21 104
22 132
23 105
24 97
25 83
26 76
27 72
28 54
29 60
30 40
31 51
32 41
33 41
34 22
35 27
36 23
37 22
38 9
39 20
40 10
41 13
42 17
43 12
44 7
45 9
46 7
47 7
48 11
49 2
50 4
51 11
52 3
53 5
54 4
55 7
56 4
57 4
58 5
59 5
60 3
61 9
62 3
63 7
64 2
66 4
67 4
68 5
69 3
70 5
71 1
72 6
73 2
74 1
75 2
76 1
77 1
78 3
79 4
80 1
81 3
82 3
83 2
84 1
85 1
86 4
88 1
89 2
90 3
92 1
93 2
94 1
95 2
96 1
97 5
99 3
100 3
101 1
102 1
104 1
106 1
107 3
108 1
109 1
110 2
112 1
113 2
114 1
115 4
116 2
117 1
118 1
121 1
124 1
125 1
127 3
128 3
131 1
132 2
133 1
134 1
135 2
138 1
139 2
140 1
141 1
146 1
148 2
151 1
153 2
154 1
157 1
159 1
161 1
172 1
182 1
