100 1000 50
0 90194
1 1
2 6
3 24
4 48
5 59
6 130
7 161
8 188
9 224
10 260
11 270
12 278
13 262
14 276
15 268
16 280
17 238
18 207
19 201
20 168
21 151
22 125
23 99
24 97
25 88
26 78
27 75
28 59
29 62
30 51
31 44
32 46
33 40
34 40
35 24
36 18
37 23
38 21
39 14
40 19
41 18
42 13
43 9
44 17
45 14
46 14
47 13
48 9
49 8
50 10
51 5
52 7
53 2
54 3
55 9
56 4
57 7
58 6
59 6
60 2
61 2
62 5
63 3
64 7
65 1
66 3
67 1
68 1
69 6
71 3
72 3
73 4
74 5
75 1
76 5
77 2
78 4
79 1
80 2
81 5
82 2
83 2
84 3
85 1
86 3
87 2
88 1
89 1
91 3
92 1
93 3
94 2
96 2
97 3
98 2
99 3
101 3
102 1
104 2
105 2
107 1
109 1
113 2
114 1
115 1
116 2
117 2
119 2
120 2
122 1
123 1
124 1
125 1
127 1
128 1
129 1
134 1
135 1
136 1
138 1
141 1
144 2
147 2
148 2
151 1
153 2
173 2
174 1
176 1
178 1
180 1
191 1
