100 1000 50
0 90222
1 2
2 8
3 20
4 31
5 77
6 111
7 173
8 192
9 236
10 247
11 259
12 279
13 302
14 291
15 224
16 258
17 220
18 194
19 198
20 158
21 139
22 134
23 137
24 93
25 97
26 80
27 87
28 60
29 49
30 51
31 58
32 49
33 31
34 32
35 29
36 24
37 25
38 9
39 17
40 15
41 14
42 13
43 12
44 7
45 9
46 10
47 13
48 9
49 10
50 8
51 5
52 5
53 8
54 5
55 11
56 5
57 6
58 1
59 7
60 9
61 6
62 3
63 3
65 2
66 5
67 3
68 9
69 4
70 2
71 1
72 3
73 4
74 2
75 6
76 2
77 1
78 3
79 1
80 3
81 2
82 2
83 2
85 5
86 1
87 1
89 5
90 3
91 7
92 2
93 1
94 2
95 2
96 1
97 3
99 3
101 1
104 2
105 2
106 2
107 2
108 3
111 2
112 2
113 4
115 1
116 1
117 1
119 2
120 1
129 1
130 2
133 1
134 1
135 3
138 3
139 1
140 1
146 1
147 1
150 1
154 1
163 1
164 1
168 1
169 2
171 1
179 1
180 1
