100 1000 50
0 89479
1 4
2 21
3 54
4 123
5 177
6 223
7 270
8 283
9 332
10 371
11 373
12 327
13 348
14 283
15 288
16 240
17 250
18 210
19 199
20 152
21 135
22 104
23 100
24 80
25 69
26 84
27 67
28 52
29 47
30 32
31 32
32 23
33 22
34 21
35 23
36 14
37 16
38 11
39 15
40 8
41 12
42 13
43 8
44 8
45 8
46 4
47 8
48 5
49 6
50 4
51 4
52 8
53 6
54 4
55 6
56 2
57 7
58 5
59 3
60 3
61 5
62 5
63 2
64 3
65 1
66 1
67 3
68 1
69 5
70 3
71 2
72 2
74 2
75 3
76 4
77 5
78 1
79 3
80 7
81 1
82 5
83 1
84 1
85 2
86 2
87 1
88 1
90 2
91 4
93 3
95 1
97 1
98 2
99 3
100 1
101 1
103 3
104 2
105 2
107 1
108 3
110 2
111 2
114 3
115 2
117 1
118 2
119 3
120 2
121 2
123 1
125 2
127 1
128 1
129 1
130 1
131 1
132 1
133 1
135 2
136 1
138 3
140 1
141 1
142 2
143 1
148 1
149 2
153 1
156 1
158 1
159 2
164 1
165 1
166 1
171 1
184 1
188 1
