100 1000 50
0 90050
2 11
3 22
4 53
5 96
6 131
7 165
8 233
9 269
10 276
11 307
12 279
13 271
14 308
15 250
16 263
17 244
18 212
19 184
20 174
21 153
22 127
23 107
24 102
25 83
26 83
27 68
28 58
29 46
30 39
31 38
32 39
33 34
34 39
35 29
36 19
37 28
38 17
39 14
40 22
41 7
42 12
43 9
44 15
45 6
46 17
47 7
48 8
49 10
50 4
51 2
52 5
53 9
54 7
55 4
56 5
57 5
58 3
59 5
60 6
61 1
62 3
63 3
64 2
65 5
66 4
67 4
68 1
69 3
70 4
71 2
72 2
73 4
74 1
75 2
76 1
78 1
79 3
80 2
81 2
82 5
83 1
84 3
85 3
86 1
87 4
88 3
89 2
90 2
92 2
93 4
94 3
97 2
98 3
99 1
100 2
103 2
105 4
106 2
107 2
108 3
111 2
112 2
115 1
116 1
117 1
118 3
119 5
120 2
121 1
122 2
125 2
126 2
127 1
129 1
130 1
131 1
132 1
133 1
135 1
136 1
137 2
138 1
140 1
141 1
143 1
145 1
146 1
147 1
148 1
151 1
159 1
161 2
164 1
189 1
