100 1000 50
0 90011
2 9
3 24
4 50
5 97
6 131
7 181
8 234
9 264
10 299
11 321
12 318
13 298
14 283
15 277
16 253
17 205
18 189
19 185
20 174
21 148
22 118
23 116
24 89
25 94
26 81
27 75
28 45
29 52
30 43
31 44
32 49
33 24
34 25
35 33
36 29
37 14
38 18
39 19
40 17
41 11
42 12
43 14
44 11
45 11
46 12
47 13
48 5
49 7
50 10
51 5
52 7
53 2
54 5
55 3
56 6
57 5
58 5
59 5
60 3
61 5
62 1
63 4
64 4
65 2
66 5
67 4
68 5
69 3
70 1
71 3
72 3
73 2
74 3
75 3
77 1
78 3
79 3
80 3
81 2
82 1
83 2
84 2
85 2
87 5
88 2
89 1
90 4
91 2
92 1
93 3
94 2
95 1
97 4
99 3
101 1
104 2
105 2
106 1
107 1
108 3
109 2
110 2
111 1
112 1
115 1
117 1
119 1
120 3
121 3
124 1
125 2
126 1
128 1
129 1
130 2
133 3
137 1
138 1
139 4
140 1
142 2
144 1
146 1
147 1
152 1
153 1
155 1
158 1
159 3
163 1
166 1
213 1
