100 1000 50
0 89962
1 2
2 11
3 26
4 54
5 111
6 131
7 197
8 237
9 296
10 290
11 321
12 290
13 308
14 302
15 292
16 240
17 222
18 216
19 177
20 162
21 128
22 126
23 114
24 84
25 98
26 74
27 67
28 41
29 58
30 49
31 28
32 44
33 35
34 26
35 24
36 24
37 24
38 14
39 19
40 15
41 12
42 8
43 10
44 8
45 8
46 8
47 10
48 11
49 7
50 14
51 6
52 9
53 6
54 6
55 2
56 4
57 2
58 5
59 4
61 6
62 1
63 4
64 1
65 3
66 4
67 3
68 4
69 6
70 5
72 4
73 5
74 3
75 3
76 4
77 2
78 3
79 1
80 7
81 5
82 1
83 1
84 2
86 2
87 2
88 2
89 2
90 2
91 1
92 3
93 1
94 4
95 1
96 1
97 1
98 3
101 2
102 1
103 2
104 1
106 1
109 3
110 2
111 1
112 2
113 1
114 1
116 2
117 1
118 1
119 1
121 2
122 1
124 1
126 3
127 1
130 1
131 1
132 2
133 1
134 1
135 1
136 1
138 1
139 1
141 1
142 1
144 1
146 1
147 1
152 2
153 2
154 2
155 1
158 1
163 1
165 1
168 1
175 1
179 1
188 1
