100 1000 50
0 89583
1 2
2 24
3 51
4 117
5 134
6 215
7 251
8 272
9 350
10 334
11 349
12 331
13 337
14 295
15 245
16 236
17 244
18 225
19 177
20 172
21 130
22 115
23 105
24 85
25 63
26 78
27 71
28 66
29 42
30 42
31 24
32 38
33 37
34 27
35 30
36 21
37 13
38 10
39 8
40 17
41 12
42 6
43 10
44 5
45 13
46 7
47 11
48 4
49 7
50 7
51 4
52 6
53 2
54 4
55 4
56 2
57 6
58 2
59 5
60 5
61 6
62 4
63 2
64 5
65 6
66 3
67 3
69 6
71 1
72 2
73 3
74 2
75 2
76 4
77 3
80 3
81 3
82 5
83 3
86 1
87 1
88 2
89 2
90 1
92 2
93 1
94 2
95 2
96 4
97 2
98 3
99 1
100 1
102 3
105 2
106 3
107 2
108 1
109 4
111 2
112 1
113 2
115 1
116 1
117 2
118 3
122 1
123 2
124 4
127 2
128 2
129 1
133 1
135 1
136 1
137 1
138 2
143 1
144 1
145 3
146 1
148 1
151 1
152 1
153 1
155 1
157 1
159 1
163 1
166 1
171 1
178 1
