100 1000 50
0 89913
1 3
2 17
3 25
4 55
5 100
6 142
7 205
8 228
9 301
10 319
11 318
12 318
13 295
14 281
15 280
16 237
17 229
18 217
19 186
20 155
21 138
22 136
23 119
24 101
25 85
26 80
27 62
28 50
29 45
30 43
31 35
32 23
33 34
34 31
35 33
36 16
37 28
38 23
39 13
40 12
41 7
42 13
43 15
44 11
45 14
46 8
47 9
48 12
49 9
50 8
51 10
52 7
53 3
54 2
55 6
56 6
57 6
58 5
59 2
60 3
61 6
62 3
63 6
64 1
65 3
67 5
68 3
69 5
70 3
71 2
72 3
73 1
74 1
75 2
76 4
77 2
78 2
79 2
80 3
81 2
82 5
83 2
84 2
85 3
86 2
87 1
88 2
89 3
90 1
91 2
92 5
93 4
94 2
95 2
96 1
97 1
99 2
100 1
101 3
102 1
103 2
104 1
105 2
106 1
107 1
110 2
111 1
112 2
113 1
114 2
115 2
117 3
118 6
119 1
120 1
121 1
123 1
126 1
129 2
138 2
141 1
142 4
146 3
148 1
154 1
159 1
162 1
165 1
169 1
207 1
