100 1000 50
0 89251
1 6
2 40
3 71
4 133
5 171
6 272
7 286
8 352
9 387
10 396
11 359
12 364
13 354
14 311
15 295
16 256
17 251
18 209
19 158
20 151
21 116
22 108
23 104
24 66
25 75
26 51
27 55
28 47
29 44
30 47
31 33
32 21
33 24
34 23
35 16
36 14
37 24
38 12
39 13
40 9
41 5
42 9
43 10
44 7
45 5
46 10
47 6
48 5
49 3
50 4
51 2
52 5
53 5
54 5
55 4
56 5
57 5
58 5
59 4
60 6
61 5
63 5
64 3
65 5
66 2
67 3
68 3
70 3
71 3
72 3
73 1
74 2
75 1
76 4
77 5
78 3
80 1
81 1
82 3
83 1
84 5
85 2
87 1
88 3
90 4
91 4
92 1
93 2
94 4
95 1
96 1
97 7
98 3
99 1
100 1
101 1
102 1
103 1
105 2
106 2
107 2
108 1
109 2
111 2
112 2
113 1
114 1
115 1
117 1
118 1
119 2
121 1
122 3
123 3
124 3
126 2
127 2
128 1
130 2
131 2
133 2
137 1
138 2
139 1
141 1
142 2
146 1
149 1
152 1
153 1
158 1
159 1
162 1
174 1
