100 1000 50
0 90083
1 3
2 12
3 27
4 44
5 91
6 121
7 165
8 202
9 239
10 277
11 280
12 297
13 300
14 296
15 290
16 234
17 227
18 211
19 214
20 180
21 135
22 122
23 108
24 88
25 95
26 98
27 68
28 72
29 47
30 44
31 44
32 27
33 35
34 31
35 22
36 21
37 29
38 20
39 23
40 11
41 8
42 7
43 16
44 10
45 19
46 12
47 11
48 8
49 11
50 7
51 7
52 3
53 5
54 2
55 5
56 4
57 4
58 3
59 2
60 4
61 2
62 6
63 5
64 2
65 2
66 3
67 2
68 7
69 2
70 3
71 1
72 6
73 3
74 3
75 1
76 3
77 4
78 2
79 2
80 3
81 4
82 1
83 1
84 2
85 4
86 4
87 4
88 1
89 3
90 3
91 1
92 1
93 2
94 2
95 1
96 4
97 1
98 2
99 1
100 2
101 1
102 2
103 4
104 4
105 1
106 3
107 1
108 1
110 4
111 1
113 1
114 1
116 2
119 3
121 1
122 1
123 3
125 3
130 1
137 3
138 1
142 2
143 1
145 1
147 1
153 1
155 1
158 1
160 1
161 1
172 1
184 1
