100 1000 50
0 90123
1 2
2 10
3 25
4 55
5 88
6 117
7 178
8 204
9 239
10 284
11 258
12 323
13 262
14 278
15 263
16 226
17 227
18 223
19 189
20 167
21 133
22 139
23 109
24 110
25 93
26 88
27 69
28 74
29 54
30 47
31 37
32 38
33 30
34 26
35 30
36 20
37 28
38 22
39 20
40 17
41 13
42 8
43 15
44 11
45 4
46 14
47 9
48 11
49 10
50 8
51 8
52 11
53 6
54 7
55 6
56 4
57 5
58 6
59 5
60 4
61 3
62 4
63 4
64 2
65 6
66 5
67 3
68 3
69 5
70 1
71 4
72 6
73 2
74 2
75 2
76 1
77 3
78 3
79 3
81 2
82 3
83 2
84 1
85 1
87 3
89 3
92 4
93 3
94 1
97 2
98 4
99 2
100 1
101 1
103 1
104 2
105 2
107 3
108 2
109 2
110 3
111 2
112 2
115 2
117 3
118 2
121 1
122 1
124 1
126 3
127 2
129 1
130 1
131 1
132 2
136 2
138 1
139 1
141 1
144 2
145 1
147 1
150 1
152 1
154 1
158 1
161 2
170 1
189 1
