100 1000 50
0 86035
1 104
2 307
3 477
4 614
5 670
6 703
7 759
8 742
9 659
10 596
11 533
12 458
13 403
14 309
15 255
16 219
17 189
18 152
19 140
20 108
21 106
22 80
23 82
24 54
25 55
26 47
27 39
28 32
29 28
30 28
31 16
32 21
33 22
34 14
35 12
36 8
37 13
38 9
39 8
40 7
41 7
42 9
43 10
44 4
45 3
46 3
47 3
48 3
49 1
50 10
51 2
52 1
53 3
54 5
55 2
56 4
57 1
58 1
59 1
60 3
61 2
62 1
63 1
65 2
66 4
67 2
68 2
69 2
70 1
71 2
72 2
73 2
75 2
76 1
78 4
79 1
80 1
82 1
83 2
84 3
85 1
86 1
88 2
94 1
95 1
96 1
98 1
100 1
102 1
115 1
117 1
120 1
125 1
