100 1000 50
0 89663
1 8
2 21
3 40
4 87
5 147
6 183
7 239
8 285
9 331
10 362
11 304
12 359
13 349
14 278
15 256
16 237
17 249
18 181
19 175
20 167
21 132
22 114
23 109
24 104
25 73
26 71
27 59
28 54
29 44
30 46
31 35
32 30
33 30
34 23
35 23
36 21
37 15
38 16
39 14
40 12
41 9
42 12
43 8
44 10
45 12
46 6
47 10
48 7
49 5
50 6
51 1
52 8
53 6
54 7
55 5
56 5
57 5
58 4
59 4
60 4
61 4
62 4
63 5
64 3
65 6
66 5
67 3
68 3
69 4
70 1
71 4
72 3
73 4
74 3
75 2
76 6
77 4
78 1
79 1
80 1
81 2
82 4
83 3
84 1
86 1
87 3
88 1
89 1
90 1
91 3
92 1
93 3
94 5
95 2
96 2
97 1
98 1
99 2
102 1
103 1
106 1
107 2
108 2
110 1
111 1
112 2
113 1
114 5
115 1
117 1
118 1
119 1
120 2
121 2
122 1
125 1
126 1
127 2
128 3
129 1
131 2
132 2
135 1
141 1
145 3
147 1
148 3
152 2
153 1
154 1
155 1
159 1
164 1
166 1
197 1
210 1
