100 1000 50
0 89082
1 6
2 44
3 83
4 162
5 215
6 297
7 370
8 402
9 408
10 412
11 403
12 370
13 328
14 290
15 274
16 253
17 209
18 188
19 178
20 136
21 115
22 107
23 106
24 73
25 54
26 67
27 48
28 36
29 53
30 38
31 27
32 25
33 16
34 14
35 12
36 21
37 12
38 18
39 13
40 10
41 10
42 7
43 6
44 13
45 4
46 6
47 8
48 6
49 6
50 7
51 5
52 1
53 3
54 1
55 6
56 2
57 5
58 3
59 5
60 3
61 1
62 1
63 5
64 2
65 4
66 2
67 3
68 2
69 4
70 3
71 1
72 2
73 4
74 3
75 1
76 4
77 2
78 2
79 4
80 2
81 1
82 2
83 5
84 1
85 1
86 1
87 5
88 2
89 1
90 5
91 3
93 1
95 3
98 1
100 3
101 3
102 1
104 1
106 1
107 3
108 1
109 2
110 3
112 1
113 2
114 2
115 1
116 1
117 1
118 3
119 1
120 1
121 2
122 3
124 1
125 1
126 2
127 1
128 2
129 2
130 4
133 1
134 2
135 1
136 1
137 1
140 1
144 2
147 3
152 1
153 2
154 1
155 1
156 1
157 1
160 1
161 1
162 1
163 1
169 1
175 1
176 1
